scalerS16b	IPM2C21A	IPM2C24A	
324	1.37101e+07	0	0
321	1.38426e+07	0	0
327	1.3087e+07	0	0
326	1.38609e+07	0	0
324	1.34051e+07	0	0
323	1.102e+07	0	0
327	1.08269e+07	0	0
328	1.36718e+07	0	0
324	1.30179e+07	0	0
328	8.83768e+06	0	0
328	1.2658e+07	0	0
330	1.27294e+07	0	0
325	1.33389e+07	0	0
604	1.37497e+07	0	0
604	1.37497e+07	0	0
1391	1.37497e+07	0.507975	0.6162
1390	1.34699e+07	1.95	1.5405
1387	1.35786e+07	3.9	3.081
1390	1.33686e+07	7.8	6.162
1394	1.32251e+07	19.5	15.405
1390	1.31107e+07	31.4275	27.501
1398	1.19815e+07	31.005	29.9247
1390	1.36841e+07	20.3255	29.3825
1394	1.38227e+07	20.3255	19.3461
1385	1.38227e+07	20.1903	19.5335
1376	1.38227e+07	20.1903	19.3898
1379	1.38227e+07	20.0642	19.4719
1354	1.34415e+07	20.3008	19.4719
1374	1.38495e+07	20.1695	19.2768
1378	1.25361e+07	20.0629	19.4539
1383	1.36489e+07	20.2748	19.4539
1384	1.31065e+07	20.0798	19.4539
1377	1.36091e+07	20.3567	19.4539
1392	1.38382e+07	20.0876	19.4539
1370	1.37009e+07	20.2423	19.5592
1363	1.38541e+07	20.3346	19.4437
1378	1.38541e+07	20.0317	19.2768
1367	1.38541e+07	20.0317	19.2768
1370	1.28312e+07	19.9407	19.1613
1382	1.37417e+07	20.0694	19.4026
1363	1.17776e+07	20.0057	19.3102
1377	1.168e+07	20.1175	19.2229
1376	1.33287e+07	19.9654	19.3179
1355	1.36669e+07	19.9654	19.1381
1393	1.38131e+07	19.9654	19.1381
1393	1.38131e+07	19.7158	19.1381
1372	1.38131e+07	20.1747	19.418
1366	1.35066e+07	20.0408	19.418
1371	1.31558e+07	20.0408	19.0919
1380	1.36887e+07	19.8341	19.1998
1361	1.21438e+07	19.9732	19.3256
1383	1.34264e+07	19.9732	19.2075
1361	1.38326e+07	20.0577	19.4283
1369	1.30638e+07	19.9576	19.0226
1376	1.36051e+07	19.9069	19.2742
1362	1.38585e+07	19.9069	19.2742
1364	1.38585e+07	19.9069	19.038
1363	1.30043e+07	19.7197	19.038
1357	1.38034e+07	19.799	19.0894
1372	1.39153e+07	19.6963	18.9559
1378	1.39153e+07	19.8796	19.1022
1360	1.38257e+07	19.8796	19.1638
1356	1.38257e+07	19.7262	19.0175
1365	1.38257e+07	19.7262	18.9456
1377	1.38257e+07	19.7262	18.9456
1383	1.38257e+07	19.6625	19.1895
1353	1.34257e+07	20.0304	19.3564
1374	1.24754e+07	19.9121	18.925
1365	1.33237e+07	19.7132	19.074
1352	1.35968e+07	19.7132	19.0021
1372	1.35968e+07	19.7132	18.8275
1364	1.38525e+07	19.591	19.0894
1369	1.38525e+07	19.9537	19.0894
1368	1.36554e+07	19.6898	18.943
1367	1.0471e+07	19.5871	18.943
1369	1.26233e+07	19.7301	19.1535
1369	1.26233e+07	19.7301	18.9481
1389	1.3213e+07	19.8068	19.2383
1368	1.30699e+07	20.0512	19.0894
1355	1.08955e+07	19.7795	19.0894
1373	1.34352e+07	19.7795	18.9071
1399	1.34352e+07	19.6911	19.2023
1369	1.20333e+07	20.0928	19.3025
1367	1.14358e+07	19.7561	18.9867
1371	1.33341e+07	19.8367	19.0586
1374	7.47474e+06	19.8367	19.1535
1370	1.20601e+07	19.773	19.0894
1381	1.34445e+07	19.773	19.0277
1388	1.30628e+07	19.8731	19.0791
1373	1.31774e+07	19.6703	19.1381
1484	1.08796e+07	19.7223	18.9122
1497	1.12959e+07	20.5764	20.9303
1515	1.27788e+07	22.0272	21.3334
1514	1.34961e+07	22.1689	21.3334
1652	1.32987e+07	22.2326	21.3334
1661	1.38176e+07	23.2401	23.9137
1660	1.37093e+07	25.1472	24.1627
1711	1.33294e+07	25.22	24.2885
1838	1.34286e+07	25.22	24.5581
1836	1.22985e+07	26.7579	27.1796
1867	1.21941e+07	28.5844	27.5339
2018	1.36221e+07	28.496	27.5339
2013	1.38568e+07	29.536	30.1579
2029	1.38568e+07	31.9098	30.7099
2026	1.38568e+07	47.684	30.9563
2050	1.37731e+07	32.019	30.8126
2214	1.38568e+07	32.019	30.638
2214	1.38568e+07	32.4772	33.0437
2229	1.38568e+07	35.542	34.4738
2282	1.38568e+07	35.711	34.1786
2428	1.38568e+07	36.4325	37.2365
2442	1.38568e+07	39.6045	37.9297
2423	1.38568e+07	39.8872	38.5074
2614	1.38568e+07	39.8872	38.5074
2656	1.38568e+07	41.7072	41.9735
2658	1.38568e+07	44.226	42.3997
2683	1.38568e+07	43.7743	42.1404
2876	1.29908e+07	43.8522	43.4421
2851	1.38448e+07	47.372	46.1328
2872	1.38448e+07	47.6222	45.8941
2971	1.38448e+07	47.6222	46.1277
3124	1.37113e+07	48.2852	48.459
3089	1.35625e+07	51.896	50.5002
3247	1.38443e+07	52.3412	50.2922
3310	1.38443e+07	52.3412	51.8224
3356	1.32413e+07	56.5728	54.5876
3293	1.38499e+07	56.8262	54.829
3370	1.38499e+07	57.07	54.7494
3292	1.38499e+07	56.199	54.6569
3359	1.3539e+07	57.2227	54.6569
3365	1.38439e+07	56.3485	53.9714
3613	1.38439e+07	56.524	54.3411
3623	1.38439e+07	58.3862	58.9241
3755	1.38439e+07	62.2603	59.7663
3884	1.36811e+07	61.8703	60.2618
3993	1.38544e+07	65.2763	64.5983
4146	1.38544e+07	67.1222	103.157
4171	1.38544e+07	68.991	69.2814
4171	1.38544e+07	71.9355	68.6703
4157	1.33661e+07	71.7113	69.2044
4114	1.38116e+07	71.7113	69.492
4112	1.38116e+07	71.435	69.1376
4124	1.38116e+07	71.5163	68.4393
4174	1.38116e+07	71.2367	68.8347
4139	1.38116e+07	71.6137	69.4509
4119	1.38116e+07	71.8835	68.7731
4431	1.37086e+07	71.0385	70.7243
4386	1.38389e+07	76.466	73.9799
4461	1.27178e+07	76.2418	73.9132
4734	1.3371e+07	77.3337	75.1969
4660	1.34459e+07	80.4473	79.8595
4710	1.3844e+07	132.203	79.0328
4704	1.31983e+07	82.446	79.1406
4900	1.34069e+07	82.446	79.7671
4973	1.38511e+07	84.7535	83.3821
5015	1.24969e+07	88.192	84.707
5288	1.38193e+07	88.257	85.0972
5248	1.38193e+07	90.207	89.1025
5245	1.38193e+07	94.2565	89.7547
5286	1.33836e+07	93.2425	90.2733
5500	1.37331e+07	93.327	89.8882
5537	1.3815e+07	95.381	93.6675
5544	1.28955e+07	98.722	94.6894
5523	1.20784e+07	98.722	94.9205
5854	1.37879e+07	98.5335	94.4891
5817	1.37879e+07	99.9375	99.542
5922	1.32706e+07	104.975	100.333
5885	1.18146e+07	103.961	100.492
6145	1.38325e+07	105.755	100.569
6145	1.38325e+07	105.001	104.24
6187	1.09324e+07	110.487	105.873
6102	1.32488e+07	110.597	106.413
6168	8.85741e+06	109.999	105.725
6479	1.1201e+07	110.857	108.554
6457	1.2142e+07	116.246	112.092
6497	1.33653e+07	116.057	112.415
6508	1.18359e+07	117.546	111.722
6519	1.28245e+07	116.987	112.78
6385	1.14519e+07	116.272	111.501
6530	1.28757e+07	115.934	111.435
6543	1.15772e+07	116.604	112.082
6497	1.23322e+07	116.356	112.503
6492	1.34056e+07	117.078	112.092
6417	1.34056e+07	117.13	112.318
6423	1.1563e+07	115.667	110.515
6496	1.13155e+07	116.805	112.092
6440	6.94416e+06	115.479	111.26
6448	2.9995e+06	116.915	111.363
6477	7.63576e+06	116.161	111.984
6458	8.30326e+06	115.856	111.64
6462	9.29247e+06	116.922	111.691
6527	6.4057e+06	116.09	112.374
6507	8.35314e+06	116.551	112.867
6503	7.74716e+06	116.551	111.265
6447	8.76088e+06	116.785	112.575
6368	1.13306e+07	117.228	110.993
6457	1.06654e+07	116.311	111.779
6496	1.32488e+07	115.629	111.727
6462	1.14438e+07	116.337	112.518
6516	1.0669e+07	117.215	111.496
6516	1.0669e+07	116.35	111.835
6498	9.16823e+06	116.818	113.068
6491	9.16823e+06	118.092	113.247
6525	1.11829e+07	116.551	112.267
6529	1.06329e+07	118.43	112.267
6430	1.36384e+07	116.356	112.826
6464	1.37629e+07	117.338	112.826
6446	1.34834e+07	117.396	111.697
6491	9.1791e+06	115.986	112.492
6543	8.28739e+06	117.832	112.277
6462	9.99774e+06	116.356	113.406
6437	1.37677e+07	116.883	111.522
6488	1.18702e+07	117.286	112.344
6486	1.00549e+07	117.11	112.585
6456	1.29243e+07	117.013	112.179
6464	1.18452e+07	116.571	111.589
6495	6.7717e+06	116.928	112.811
6440	1.13555e+07	116.812	112.364
6508	1.12719e+07	116.448	111.922
6478	8.82427e+06	117.175	112.883
6536	1.32867e+07	117.591	113.098
6439	8.97571e+06	117.292	112.308
6543	1.19976e+07	117.201	112.657
6512	1.17537e+07	117.273	112.934
6538	9.63294e+06	118.684	113.668
6566	1.15802e+07	117.689	113.263
6525	1.32099e+07	118.358	113.802
6591	1.29902e+07	118.527	114.141
6442	1.33501e+07	118.527	113.566
6564	1.38409e+07	118.82	113.278
6687	1.38409e+07	117.208	113.093
6687	1.38409e+07	118.456	114.074
6447	1.38409e+07	120.029	113.899
6530	1.31883e+07	117.195	113.951
6483	1.38523e+07	118.196	112.097
6524	1.37123e+07	116.948	112.518
6483	1.37123e+07	117.149	112.708
6513	1.31064e+07	117.773	112.975
6399	8.616e+06	116.551	111.568
6478	7.20392e+06	116.214	111.039
6399	7.44755e+06	116.701	112.513
6422	5.08115e+06	116.025	111.101
6438	1.10224e+07	115.57	111.363
6527	7.92643e+06	116.48	111.204
6433	1.09424e+07	116.714	113.006
6461	1.2768e+07	116.961	111.435
6498	1.38302e+07	116.857	112.308
6509	1.38302e+07	115.583	112.308
6420	1.38302e+07	117.923	112.564
6433	1.38302e+07	117.487	111.953
6527	1.38302e+07	115.947	111.604
6428	1.26275e+07	116.415	112.96
6549	1.22324e+07	116.415	111.568
6421	1.03187e+07	117.221	112.564
6425	1.2523e+07	117.084	112.395
6574	1.11394e+07	116.46	111.604
6479	1.3851e+07	116.389	112.539
6458	1.3851e+07	117.91	112.636
6511	1.3851e+07	116.499	112.636
6520	1.3851e+07	118.144	113.247
6522	1.17978e+07	117.234	112.703
6531	1.27515e+07	117.513	112.605
6531	1.27515e+07	117.942	113.062
6541	1.38605e+07	117.195	112.261
6457	1.3527e+07	117.916	113.227
6501	1.3527e+07	116.98	113.17
6552	1.33807e+07	117.578	113.17
6426	1.32032e+07	117.436	113.032
6550	1.11742e+07	117.201	112.446
6418	1.34883e+07	118.605	112.631
6537	1.27581e+07	116.103	112.169
6481	1.14348e+07	117.039	112.97
6466	1.28871e+07	117.403	112.287
6463	1.37128e+07	116.851	112.287
6493	1.37128e+07	116.253	112.611
6497	1.28163e+07	117.968	111.922
6523	1.20687e+07	116.935	113.376
6488	1.31894e+07	118.014	112.405
6514	8.35246e+06	116.493	112.795
6502	1.23553e+07	117.552	112.893
6401	9.5995e+06	117.552	112.559
6552	1.3073e+07	116.941	112.308
6541	1.35408e+07	117.799	112.816
6539	1.37342e+07	117.344	113.309
6508	1.36038e+07	118.183	113.309
6622	1.2089e+07	118.527	112.759
6463	1.38379e+07	117.377	114.403
6510	1.38379e+07	118.268	112.231
6551	1.0649e+07	117.312	112.395
6534	1.1587e+07	117.878	114.711
6559	1.3855e+07	118.45	113.36
6501	1.3855e+07	118.131	113.36
6499	1.3855e+07	118.904	114.002
6499	1.3855e+07	117.247	112.996
6548	1.3855e+07	117.585	113.381
6527	1.3855e+07	118.664	112.436
6511	1.3758e+07	117.403	113.535
6516	1.12225e+07	117.923	113.17
6510	1.30454e+07	117.481	112.169
6479	1.38458e+07	117.254	113.34
6513	1.38458e+07	117.852	113.252
6489	1.38458e+07	117.67	112.318
6482	1.38458e+07	116.844	112.703
6477	1.30166e+07	117.41	112.302
6406	1.38553e+07	116.805	112.143
6496	1.30188e+07	115.798	111.044
6484	1.38463e+07	116.772	112.462
6365	1.24225e+07	116.415	112.22
6534	1.38401e+07	117.11	111.008
6495	1.25179e+07	116.948	112.636
6446	1.37808e+07	116.181	112.636
6437	1.38576e+07	117.13	111.681
6486	1.38576e+07	116.766	112.441
6526	1.38576e+07	116.415	112.205
6452	1.37834e+07	117.657	112.703
6549	1.37834e+07	117.436	112.508
6442	1.38598e+07	117.162	113.679
6447	1.38598e+07	116.766	111.193
6475	1.38598e+07	115.706	111.388
6447	1.353e+07	116.785	112.41
6534	1.30759e+07	116.863	111.989
6473	1.34405e+07	116.337	112.231
6443	1.39515e+07	117.007	112.231
6455	1.38556e+07	117.065	111.861
6455	1.38556e+07	116.343	111.861
6438	1.35205e+07	116.46	112.154
6465	1.30174e+07	116.46	111.573
6525	1.37513e+07	116.396	113.437
6515	1.3825e+07	117.481	112.205
6490	1.26783e+07	117.799	112.872
6449	1.38529e+07	116.643	112.657
6532	1.35097e+07	117.026	111.768
6431	1.37559e+07	116.961	112.605
6402	1.26108e+07	117.52	111.471
6498	1.36849e+07	115.531	111.471
6500	1.31828e+07	116.467	112.472
6427	1.38517e+07	117.312	112.698
6506	1.29703e+07	116.98	111.845
6520	1.34567e+07	116.317	112.2
6389	1.37572e+07	117.793	113.026
6410	1.37572e+07	116.876	111.147
6434	1.39288e+07	115.544	111.64
6494	1.39288e+07	116.851	111.64
6427	1.38525e+07	116.668	112.646
6473	1.38525e+07	116.812	111.671
6378	1.38525e+07	116.486	112.169
6412	1.38525e+07	116.623	110.993
6523	1.38525e+07	115.622	111.717
6472	1.38525e+07	117.039	112.518
6533	1.38525e+07	116.74	112.2
6394	1.38525e+07	116.883	112.498
6450	1.38525e+07	117.234	112.231
6529	1.36517e+07	116.363	111.856
6411	1.31695e+07	116.467	111.856
6512	1.38562e+07	117.273	112.21
6512	1.38562e+07	116.525	112.59
6505	1.34571e+07	117.526	112.857
6395	1.38416e+07	117.241	112.534
6461	1.29208e+07	116.402	111.486
6484	1.30457e+07	116.532	112.611
6424	1.38587e+07	116.694	111.301
6480	1.38587e+07	116.402	112.066
6375	1.25877e+07	117.37	111.876
6530	1.28416e+07	115.966	111.455
6396	9.46512e+06	116.532	112.328
6429	1.29151e+07	116.291	112.328
6436	1.26422e+07	116.792	111.471
6467	1.11125e+07	117.221	111.892
6537	1.33575e+07	116.486	112.051
6461	1.3857e+07	117.383	113.109
6472	1.3857e+07	116.668	112.503
6451	1.37793e+07	116.59	111.964
6412	1.37793e+07	116.59	112.097
6473	1.36344e+07	116.59	110.741
6417	1.38616e+07	115.485	111.738
6429	1.32785e+07	116.473	111.912
6443	1.38512e+07	116.181	111.27
6473	1.38512e+07	116.935	111.881
6397	1.37141e+07	115.336	110.526
6382	1.38505e+07	116.006	111.64
6438	1.38505e+07	116.168	110.988
6458	1.28989e+07	115.193	111.162
6454	1.18219e+07	116.564	112.4
6416	1.35062e+07	115.94	112.174
6371	1.36683e+07	117.455	111.342
6444	1.3934e+07	115.726	111.876
6444	1.3934e+07	116.317	112.225
6478	1.33218e+07	116.688	112.354
6423	1.31713e+07	116.473	111.204
6517	1.27377e+07	116.558	112.652
6463	1.37388e+07	117.396	112.4
6452	1.22615e+07	116.948	111.809
6502	1.34821e+07	116.876	112.816
6429	1.27884e+07	117.149	111.625
6446	1.37972e+07	116.181	112.189
6483	1.2383e+07	116.948	111.702
6490	1.26213e+07	115.966	112.528
6457	1.36364e+07	117.819	112.528
6472	1.28462e+07	116.499	112.528
6421	1.23616e+07	117.41	112.374
6533	1.38957e+07	117.884	111.758
6414	1.38957e+07	115.55	112.503
6491	1.38957e+07	116.863	111.419
6416	1.38957e+07	116.656	112.626
6439	1.38957e+07	117.455	111.917
6492	1.34454e+07	115.752	111.917
6429	1.29955e+07	117.084	111.917
6507	1.3568e+07	116.857	112.544
6482	1.38561e+07	117.065	112.657
6424	1.37561e+07	116.545	111.147
6513	9.87792e+06	117.033	112.431
6478	7.15011e+06	117.084	113.263
6484	1.1949e+07	117.169	111.732
6416	9.67788e+06	117.02	112.816
6477	8.75237e+06	117.156	112.323
6470	7.31616e+06	116.246	111.774
6463	1.0664e+07	116.63	111.702
6463	1.0664e+07	117.26	113.129
6534	1.0881e+07	116.623	112.184
6446	1.17133e+07	118.111	112.184
6497	1.18379e+07	116.961	112.539
6498	1.27726e+07	117.299	112.59
6574	1.2101e+07	117.195	113.083
6510	1.35296e+07	117.676	112.914
6483	1.1378e+07	117.539	112.914
6513	1.36012e+07	117.539	112.646
6475	1.38719e+07	117.169	112.549
6459	1.38719e+07	117.039	112.436
6480	1.37612e+07	116.961	112.277
6540	1.38513e+07	116.733	112.277
6438	1.34866e+07	116.733	112.852
6474	1.30385e+07	117.657	111.989
6507	1.24271e+07	117.657	112.477
6484	1.24975e+07	116.499	112.77
6485	1.38354e+07	117.884	112.955
6548	1.28545e+07	117.663	112.878
6488	1.38641e+07	117.078	113.104
6499	1.36593e+07	117.981	112.682
6548	1.37749e+07	117.552	113.247
6590	1.38624e+07	117.37	113.15
6590	1.38624e+07	118.222	113.684
6530	1.38624e+07	118.326	113.91
6520	1.38624e+07	118.911	113.201
6520	1.38624e+07	117.423	112.528
6479	1.34966e+07	117.728	113.535
6504	1.38628e+07	117.254	112.051
6502	1.38628e+07	117.929	113.591
6540	1.38628e+07	116.967	113.283
6540	1.38628e+07	117.449	112.035
6523	1.38628e+07	117.449	113.483
6554	1.38628e+07	118.092	113.073
6544	1.38628e+07	118.092	112.513
6523	1.35356e+07	117.228	113.653
6622	1.36573e+07	118.45	113.473
6502	1.37723e+07	117.962	114.023
6578	1.3865e+07	118.618	112.467
6546	1.32893e+07	118.027	114.331
6499	1.36022e+07	118.527	113.725
6563	1.38518e+07	118.034	112.564
6597	1.38518e+07	117.812	112.934
6482	1.38518e+07	117.884	114.279
6557	1.38518e+07	117.364	112.816
6584	1.37214e+07	119.411	113.396
6513	1.38027e+07	118.222	114.187
6474	1.38027e+07	117.747	112.369
6580	1.38027e+07	117.383	113.15
6571	1.38027e+07	118.488	113.612
6494	1.38027e+07	117.89	114.336
6543	1.38027e+07	118.632	112.903
6513	1.38027e+07	116.714	112.667
6605	1.33004e+07	117.988	113.314
6458	1.35912e+07	118.209	113.201
6547	1.26098e+07	118.209	113.021
6554	1.38217e+07	117.279	112.657
6487	1.38217e+07	118.41	113.535
6508	1.38217e+07	117.254	112.374
6585	1.38217e+07	117.254	113.483
6584	1.38217e+07	117.526	113.052
6540	1.38217e+07	118.131	113.104
6540	1.38217e+07	118.514	113.982
6488	1.38217e+07	118.378	113.863
6526	1.38217e+07	117.67	113.001
6461	1.38217e+07	117.988	112.569
6635	1.38217e+07	116.967	112.569
6432	1.3627e+07	118.866	113.751
6582	1.25351e+07	117.215	112.806
6515	1.37498e+07	118.391	114.131
6505	1.38565e+07	118.391	113.062
6612	1.38565e+07	117.201	112.724
6468	1.38565e+07	118.658	114.028
6520	1.38565e+07	118.098	112.965
6463	1.31357e+07	117.215	113.057
6479	1.38715e+07	117.462	112.354
6503	1.38715e+07	116.993	112.267
6496	1.38715e+07	116.766	113.216
6565	1.38715e+07	117.071	112.77
6475	1.38715e+07	117.845	113.643
6425	1.37827e+07	117.968	112.277
6528	1.39094e+07	116.656	112.21
6578	1.36456e+07	117.644	113.324
6513	1.37155e+07	118.566	113.92
6532	1.38226e+07	118.397	113.232
6454	1.38226e+07	118.339	113.571
6465	1.38226e+07	117.962	112.929
6502	1.38226e+07	116.922	112.128
6547	1.38226e+07	117.41	113.417
6461	1.38226e+07	117.279	112.534
6539	1.37184e+07	117.344	112.78
6609	1.38535e+07	117.123	112.302
6448	1.38535e+07	118.255	115.055
6448	1.38535e+07	118.196	111.055
6498	1.38535e+07	117.292	114.095
6566	1.38535e+07	118.157	113.555
6546	1.38535e+07	117.526	112.169
6524	1.38535e+07	117.968	114.613
6504	1.37831e+07	119.028	113.745
6512	1.37831e+07	117.546	112.754
6562	1.37831e+07	117.767	112.395
6524	1.38726e+07	117.254	112.939
6582	1.37625e+07	118.287	113.925
6488	1.38423e+07	118.866	113.745
6478	1.38423e+07	117.013	112.657
6483	1.38423e+07	117.65	112.734
6534	1.38423e+07	117.845	112.734
6578	1.38423e+07	117.247	112.811
6535	1.35169e+07	118.04	114.064
6533	1.38497e+07	118.677	113.966
6541	1.38497e+07	117.826	112.898
6484	1.38497e+07	118.001	113.427
6505	1.37621e+07	117.598	112.364
6526	1.37621e+07	117.598	112.914
6462	1.38509e+07	118.176	113.555
6569	8.77058e+06	117.812	113.119
6532	1.17761e+07	117.312	113.494
6477	1.32961e+07	118.45	113.812
6483	1.27898e+07	117.41	111.661
6507	1.38424e+07	116.915	112.035
6530	1.38424e+07	117.533	113.448
6430	1.34643e+07	117.449	113.53
6520	1.18642e+07	118.54	112.734
6565	1.38475e+07	116.09	112.236
6565	1.38475e+07	117.806	113.689
6485	1.11335e+07	118.326	112.698
6503	9.12541e+06	117.292	112.698
6483	1.12389e+07	117.292	112.446
6439	1.37783e+07	116.129	111.568
6479	1.35275e+07	117.13	112.801
6495	1.36861e+07	116.753	112.082
6653	1.34817e+07	117.331	112.554
6487	1.36919e+07	117.383	113.406
6621	1.3856e+07	117.819	114.105
6500	1.3856e+07	119.444	114.053
6577	1.37826e+07	117.611	111.984
6520	1.37826e+07	117.715	114.274
6621	1.38558e+07	118.15	113.355
6568	1.38558e+07	118.879	114.546
6503	1.3767e+07	118.703	113.812
6526	1.36703e+07	118.703	113.175
6557	1.38529e+07	117.462	112.595
6482	1.38529e+07	117.741	113.607
6512	1.38529e+07	118.17	113.242
6498	1.38529e+07	117.273	111.686
6501	1.38529e+07	117.903	113.283
6548	1.38529e+07	117.416	112.646
6429	1.35886e+07	116.805	113.473
6493	1.35886e+07	118.345	112.518
6481	1.3853e+07	117.403	112.21
6585	1.3853e+07	116.656	112.944
6534	1.34302e+07	117.657	113.381
6650	1.38591e+07	117.878	113.751
6472	1.38591e+07	118.469	113.992
6490	1.38591e+07	119.632	113.489
6490	1.38591e+07	116.993	112.569
6503	1.38591e+07	117.182	112.646
6453	1.38591e+07	117.312	111.64
6451	1.38591e+07	116.727	112.739
6535	1.38591e+07	117.325	112.6
6478	1.38591e+07	117.689	113.011
6473	1.38591e+07	116.779	111.82
6475	1.38591e+07	116.779	112.385
6506	1.39547e+07	116.915	112.765
6521	1.38619e+07	117.208	112.575
6583	1.38619e+07	117.546	112.338
6514	1.35364e+07	118.313	113.771
6537	1.3859e+07	117.845	113.155
6604	1.3859e+07	118.573	113.648
6525	1.3859e+07	117.104	113.751
6554	1.3859e+07	118.943	113.319
6625	1.3859e+07	118.202	113.756
6507	1.3859e+07	117.767	114.208
6571	1.36789e+07	118.547	113.314
6605	1.38446e+07	118.456	114.177
6537	1.38446e+07	119.346	114.007
6488	1.3154e+07	118.098	114.007
6563	1.2483e+07	118.892	113.34
6471	1.3304e+07	117.221	113.34
6525	1.01095e+07	117.865	112.138
6581	1.35211e+07	117.598	113.668
6586	1.25e+07	117.812	113.001
6604	1.33756e+07	118.521	113.987
6577	7.77442e+06	118.911	114.896
6518	1.24082e+07	119.054	113.925
6597	1.27588e+07	118.488	113.412
6597	1.27588e+07	118.391	113.915
6521	1.37882e+07	118.514	114.136
6557	1.12221e+07	117.832	112.949
6600	1.26545e+07	118.287	113.725
6541	1.30906e+07	119.333	113.155
6544	1.14009e+07	117.312	113.329
6563	1.3861e+07	118.111	113.145
6534	1.36193e+07	118.391	115.05
6565	1.31848e+07	118.755	112.667
6558	1.36395e+07	118.3	113.976
6588	1.34912e+07	118.209	113.858
6711	1.06892e+07	119.229	114.172
6893	1.17078e+07	119.132	116.888
6890	1.28799e+07	123.728	119.928
6908	1.16535e+07	124.345	119.502
6900	1.38394e+07	124.813	119.913
6904	1.2366e+07	124.813	119.697
6819	1.2803e+07	124.995	120.097
7095	1.12463e+07	124.774	118.367
7173	1.22063e+07	124.144	122.547
7173	1.30321e+07	128.96	124.719
7208	1.33323e+07	131.137	188.352
7264	1.114e+07	130.826	125.736
7137	1.28962e+07	130.695	125.941
7168	1.26272e+07	131.105	124.822
7348	1.2457e+07	129.805	124.678
7566	1.16445e+07	129.935	126.516
7564	1.22634e+07	134.303	131.004
7544	1.32671e+07	136.773	131.405
7554	1.32671e+07	137.072	131.59
7632	1.34189e+07	136.747	130.275
7632	1.34189e+07	137.215	131.405
7873	1.2453e+07	138.885	137.515
7819	1.38438e+07	143.046	136.663
7897	1.38438e+07	142.551	137.546
7854	1.3492e+07	142.987	137.197
7886	1.3492e+07	143.721	137.864
8259	1.38602e+07	142.831	139.949
8048	1.30717e+07	148.856	143.03
8172	1.38412e+07	148.057	141.89
8156	1.36346e+07	148.415	143.03
8114	1.32332e+07	148.037	142.106
8136	1.33349e+07	146.945	142.106
8154	1.244e+07	148.85	142.979
8186	1.34155e+07	148.063	141.726
8168	1.31118e+07	148.479	143.123
8359	1.28495e+07	150.046	144.139
8136	9.17273e+06	149.533	145.053
8203	1.37049e+07	150.533	142.404
8151	1.38321e+07	149.259	144.006
8139	1.33898e+07	148.622	142.558
8221	1.38665e+07	148.324	143.492
8200	1.38665e+07	148.596	142.599
8204	1.38665e+07	148.811	143.575
8152	1.38665e+07	148.753	143.225
8123	1.38665e+07	149.298	142.691
8169	1.36879e+07	149.201	142.999
8385	1.32164e+07	148.18	142.815
8330	1.38555e+07	149.936	144.612
8613	1.38555e+07	152.594	148.812
8459	1.35716e+07	153.861	149.357
8409	1.35716e+07	156.591	148.391
8409	1.35716e+07	229.723	148.463
8439	1.37305e+07	153.309	148.165
8485	1.39853e+07	154.375	148.258
8382	1.38542e+07	154.271	147.097
8441	1.38542e+07	152.295	148.627
8480	1.34259e+07	154.7	147.98
8486	1.37977e+07	154.206	149.48
8519	1.29804e+07	155.077	148.638
8433	1.37381e+07	154.921	149.49
8461	1.31621e+07	154.726	147.734
8418	1.37971e+07	152.919	148.371
8588	1.37971e+07	153.894	148.843
8499	1.37971e+07	156	150.188
8458	1.37971e+07	153.959	148.915
8513	1.34689e+07	154.778	148.422
8403	1.39121e+07	153.543	148.473
8396	1.36292e+07	153.972	147.929
8540	1.38474e+07	154.063	147.457
8450	1.38474e+07	154.674	150.188
8531	1.38474e+07	155.181	148.432
8565	1.38474e+07	153.465	149.316
8382	1.38474e+07	155.584	149.675
8522	1.33928e+07	155.532	149.182
8490	1.38438e+07	154.973	149.059
8451	1.38438e+07	154.154	150.363
8533	1.38438e+07	154.856	147.919
8472	1.37424e+07	154.375	148.679
8549	1.38581e+07	155.532	150.188
8465	1.38581e+07	154.453	149.069
8548	1.38581e+07	155.766	150.486
8526	1.38581e+07	154.687	148.001
8526	1.38581e+07	155.805	151.585
8477	1.38581e+07	155.376	148.627
8516	1.38581e+07	155.012	149.819
8496	1.38581e+07	155.207	149.819
8493	1.38581e+07	155.207	149.552
8545	1.38581e+07	155.207	149.305
8592	1.38581e+07	155.649	150.455
8470	1.38581e+07	155.506	150.291
8587	1.38581e+07	155.506	149.603
8493	1.01043e+07	156.377	150.004
8584	8.87829e+06	155.051	149.665
8437	1.15388e+07	155.532	149.203
8508	1.28382e+07	154.31	148.196
8476	1.3767e+07	154.31	150.558
8564	1.02705e+07	155.48	149.079
8614	1.06528e+07	155.701	149.88
8532	1.0549e+07	155.909	151.113
8522	1.08773e+07	155.909	150.065
8542	1.35699e+07	155.818	149.778
8325	1.31369e+07	156.091	149.778
8503	1.3753e+07	153.686	147.847
8542	1.34909e+07	153.686	148.658
8594	1.36252e+07	155.181	150.014
8491	1.38866e+07	156.611	151.154
8524	1.38866e+07	157.027	149.973
8331	1.37932e+07	154.167	149.5
8465	1.34612e+07	154.856	148.258
8515	1.11599e+07	153.556	148.206
8499	4.85085e+06	154.856	150.209
8559	9.98155e+06	154.648	149.069
8489	1.32562e+07	155.168	149.377
8489	1.32562e+07	156	150.558
8631	1.2517e+07	155.792	150.137
8486	1.28803e+07	156.676	150.445
8552	1.19638e+07	155.298	149.593
8469	1.38504e+07	155.662	150.332
8397	1.38504e+07	155.064	149.203
8453	1.38504e+07	153.829	147.991
8442	1.38504e+07	154.089	148.155
8487	1.32167e+07	153.582	148.155
8425	1.33299e+07	155.064	149.398
8438	1.38011e+07	154.713	149.398
8552	1.38011e+07	154.791	148.556
8486	1.38011e+07	154.115	149.541
8583	1.38011e+07	156.078	149.654
8536	1.21337e+07	156.416	150.835
8608	1.37496e+07	156.247	150.753
8495	1.37496e+07	156.533	151.39
8539	1.3526e+07	156.403	149.233
8529	1.38034e+07	154.375	150.117
8482	1.38968e+07	156.234	150.414
8531	1.39788e+07	156.234	149.018
8573	1.36259e+07	155.285	149.819
8359	1.30594e+07	155.09	150.455
8469	1.34317e+07	155.311	148.289
8505	1.35814e+07	153.322	148.381
8533	1.38547e+07	156.065	150.168
8455	1.30108e+07	154.232	149.192
8515	1.38534e+07	155.337	148.689
8556	1.38534e+07	155.025	148.987
8400	1.31951e+07	155.389	149.624
8412	1.36905e+07	155.727	149.531
8412	1.36905e+07	153.049	148.104
8436	1.38209e+07	153.972	147.775
8427	5.49799e+06	153.725	149.326
8452	1.38414e+07	154.505	148.052
8552	1.33657e+07	154.349	149.223
8541	1.29379e+07	155.103	150.076
8553	1.38574e+07	156.091	150.076
8586	1.38574e+07	156.091	150.414
8380	1.38574e+07	156.377	150.25
8562	1.38574e+07	155.09	148.823
8571	1.35798e+07	154.258	150.414
8487	1.37122e+07	156.169	150.784
8541	1.38363e+07	156.169	149.459
8561	1.38363e+07	156.169	149.86
8582	1.38363e+07	155.74	150.764
8583	1.38363e+07	156.169	150.979
8563	1.38363e+07	157.508	151.308
8532	1.38363e+07	156.234	151.041
8579	1.38363e+07	157.131	149.654
8626	1.38363e+07	155.766	150.301
8366	1.38363e+07	156.208	151.38
8510	1.36015e+07	156.949	148.556
8519	1.3835e+07	154.362	149.418
8565	1.3835e+07	154.544	149.685
8507	1.3835e+07	155.493	150.486
8468	1.32208e+07	156.546	149.921
8556	1.39724e+07	155.727	149.706
8496	1.3593e+07	154.687	150.106
8500	1.36778e+07	156.117	150.384
8552	1.38301e+07	154.986	150.168
8530	1.38301e+07	155.701	149.993
8530	1.38301e+07	155.987	149.767
8540	1.33427e+07	155.662	150.281
8600	1.3885e+07	155.519	149.839
8468	1.3885e+07	156.793	151.174
8438	1.35527e+07	154.934	147.374
8509	1.38546e+07	153.829	149.788
8482	1.38546e+07	155.519	149.131
8560	1.38546e+07	154.635	149.274
8448	1.38546e+07	155.974	149.839
8415	1.38546e+07	153.686	147.642
8644	1.38546e+07	154.063	149.624
8468	1.35028e+07	156.494	150.353
8461	1.38601e+07	155.623	150.23
8238	1.38601e+07	154.96	147.056
8380	1.38601e+07	150.696	145.166
7992	1.38601e+07	151.944	146.625
7718	1.38601e+07	150.709	140.504
7777	1.38601e+07	140.777	135.092
7442	1.38601e+07	141.44	135.841
7362	1.38601e+07	140.01	131.292
7161	1.38601e+07	132.405	127.235
7039	1.38601e+07	131.131	125.304
6869	1.38601e+07	131.131	124.739
6811	1.38601e+07	124.592	118.701
6522	1.38601e+07	124.007	119.892
6250	1.36282e+07	123.669	115.466
6376	1.38615e+07	115.245	109.365
5940	1.38615e+07	113.009	108.677
5842	1.38615e+07	114.517	107.578
5866	1.38615e+07	106.587	101.293
5518	1.37887e+07	104.767	101.088
5518	1.37887e+07	105.04	99.0747
5333	1.37887e+07	98.163	91.2387
5332	1.37887e+07	95.043	92.7073
4993	1.38599e+07	95.537	90.3863
4930	1.38599e+07	89.232	83.1973
5074	1.38599e+07	87.269	85.508
4545	1.38599e+07	90.454	85.9394
4209	1.38599e+07	82.706	73.4408
4196	1.36932e+07	74.542	70.8733
3998	1.38557e+07	73.086	70.5857
3899	1.38557e+07	70.98	66.1901
3898	1.38557e+07	68.172	66.0464
3388	1.38557e+07	68.77	65.1323
3308	1.38557e+07	63.024	55.4169
3249	1.38557e+07	56.537	54.6467
2947	1.38557e+07	56.108	53.9586
2878	1.38557e+07	53.768	48.002
2873	1.38557e+07	48.542	46.7696
2425	1.38557e+07	35.8085	46.4409
2384	1.38557e+07	45.864	39.7552
2362	1.38557e+07	39.1235	27.8009
2303	1.38557e+07	39.182	37.3109
2097	1.38557e+07	39.0195	37.2236
1963	1.38557e+07	36.647	33.357
1906	1.38557e+07	32.916	30.3735
1661	1.38557e+07	31.4795	29.8035
1619	1.38557e+07	29.5815	26.168
1427	1.44939e+07	25.155	23.9188
1303	1.38606e+07	17.2022	22.0189
1260	1.38606e+07	20.709	18.4706
1167	1.38606e+07	18.7687	12.9864
1167	1.38606e+07	17.8197	15.9365
1057	1.38606e+07	16.198	14.8119
1041	1.38606e+07	14.2902	13.369
1036	1.38606e+07	13.8515	13.369
823	1.36627e+07	13.8515	12.1417
763	1.38554e+07	10.309	8.49329
764	1.37804e+07	6.3154	6.08292
761	1.38557e+07	8.5891	8.26016
770	1.38557e+07	8.5891	8.34643
772	1.38557e+07	8.6658	8.34643
765	1.35658e+07	8.7308	8.41832
763	1.14723e+07	8.7308	8.31254
762	1.38457e+07	8.5891	8.31254
754	1.38457e+07	8.5189	8.18724
681	1.38457e+07	8.5189	7.99725
679	1.38457e+07	7.6466	6.84906
691	1.38457e+07	7.1058	6.84906
681	1.38457e+07	7.1058	6.84906
675	1.3557e+07	7.1058	6.84906
646	1.38592e+07	7.1058	6.73609
643	1.38592e+07	6.721	6.17432
649	1.38592e+07	6.3063	6.05416
644	1.36251e+07	6.3063	6.05416
643	1.1576e+07	6.3063	6.05416
618	1.36839e+07	6.3063	6.05416
620	1.38255e+07	6.1113	5.6598
614	1.38255e+07	5.8175	5.6598
621	1.38255e+07	5.8175	5.56326
619	1.38255e+07	5.8175	5.56326
602	1.38255e+07	5.8175	5.63104
603	1.38255e+07	5.8175	5.43078
603	1.38255e+07	5.5042	5.33116
610	1.38255e+07	5.5042	5.33116
615	1.38255e+07	5.5042	5.33116
611	1.38255e+07	5.5679	5.33116
605	1.38255e+07	5.5003	5.26132
606	1.38255e+07	5.4067	5.15862
609	1.36723e+07	5.4067	5.15862
609	1.38173e+07	5.4067	5.22435
611	1.38173e+07	5.4067	5.22435
602	1.38173e+07	5.4067	5.135
597	1.38173e+07	5.2598	5.04668
602	1.38173e+07	5.2598	5.04668
600	1.38173e+07	5.2598	5.04668
597	1.38173e+07	5.2598	5.04668
603	1.3732e+07	5.2598	5.04668
603	1.38565e+07	5.2598	5.04668
600	1.38565e+07	5.2598	5.04668
595	1.38565e+07	5.2598	5.04668
597	1.38565e+07	5.2598	5.04668
601	1.38565e+07	5.2065	5.04668
601	1.38565e+07	5.265	5.04668
601	1.38565e+07	5.265	5.04668
607	1.38565e+07	5.265	5.04668
605	1.38565e+07	5.265	5.04668
603	1.38565e+07	5.265	5.04668
604	1.38565e+07	5.265	5.04668
605	1.38565e+07	5.265	5.04668
605	1.38565e+07	5.265	5.04668
604	1.36194e+07	5.265	5.04668
608	1.34183e+07	5.265	5.04668
608	1.34183e+07	5.265	5.04668
605	1.3486e+07	5.265	5.04668
603	1.19868e+07	5.265	5.04668
599	1.38305e+07	5.265	5.04668
605	1.34608e+07	5.265	5.04668
609	1.35607e+07	5.265	5.04668
611	1.31718e+07	5.265	5.11754
606	1.31718e+07	5.3352	5.11754
604	1.38295e+07	5.265	5.11754
610	1.38295e+07	5.265	5.03538
612	1.38295e+07	5.265	5.03538
608	1.34896e+07	5.265	5.11446
609	1.38622e+07	5.265	5.01895
614	1.38622e+07	5.265	5.01895
609	1.38622e+07	5.265	5.08878
607	1.38622e+07	5.265	5.08878
609	1.38622e+07	5.265	5.08878
609	1.38622e+07	5.265	5.08878
612	1.36054e+07	5.265	5.08878
602	1.38499e+07	5.265	5.08878
603	1.38499e+07	5.265	5.08878
599	1.30322e+07	5.2091	5.08878
607	1.35764e+07	5.2091	5.02511
600	1.35764e+07	5.2091	5.10316
598	1.44579e+07	5.2897	5.10316
602	1.38448e+07	5.2897	5.10316
603	1.38448e+07	5.2897	5.01176
605	1.35493e+07	5.2897	5.09392
606	1.38596e+07	5.2897	5.09392
603	1.37853e+07	5.2897	5.09392
604	1.37853e+07	5.2897	5.09392
604	1.37853e+07	5.2286	5.09392
727	1.37853e+07	5.3066	5.67007
790	1.38557e+07	7.5829	8.34232
795	1.38557e+07	8.7451	8.43886
785	1.38557e+07	8.8452	8.43886
791	1.38557e+07	8.7204	8.43886
813	1.38557e+07	8.8101	8.6001
831	1.38557e+07	9.1936	9.16495
830	1.38557e+07	9.5836	9.16495
826	1.38557e+07	9.5836	9.16495
834	1.38557e+07	9.5017	9.16495
840	1.38557e+07	9.5914	9.16495
840	1.38557e+07	9.6941	9.51207
851	1.38557e+07	9.9073	9.45867
846	1.38557e+07	9.9073	9.53775
855	1.38557e+07	9.9073	9.53775
853	1.38557e+07	9.9073	9.61991
853	1.38557e+07	9.9931	9.61991
863	1.38557e+07	10.0646	9.61991
863	1.37354e+07	10.1179	9.79861
867	1.37354e+07	10.1179	9.72364
876	1.38493e+07	10.1179	9.72364
877	1.38493e+07	10.1712	9.88796
867	1.38493e+07	10.3948	10.0215
879	1.38493e+07	10.322	9.84482
873	1.38493e+07	10.2609	9.96601
871	1.37751e+07	10.3844	9.90028
873	1.38523e+07	10.257	9.90028
871	1.38523e+07	10.3766	9.90028
876	1.38523e+07	10.3103	9.90028
868	1.38523e+07	10.3103	9.99374
868	1.38523e+07	10.3844	9.89412
869	1.38523e+07	10.3051	9.89412
871	1.38523e+07	10.3051	9.89412
869	1.38523e+07	10.3051	9.89412
866	1.38523e+07	10.3051	9.96293
874	1.38523e+07	10.3051	9.96293
876	1.38523e+07	10.3051	9.96293
873	1.38523e+07	10.387	9.96293
873	1.38523e+07	10.387	9.96293
875	1.38523e+07	10.3194	9.96293
872	1.38523e+07	10.3194	9.96293
878	1.38523e+07	10.3727	9.96293
870	1.38523e+07	10.322	9.96293
872	1.38523e+07	10.322	9.90233
874	1.38523e+07	10.2388	9.90233
874	1.38523e+07	10.2921	9.90233
879	1.38523e+07	10.2921	9.90233
869	1.38523e+07	10.2921	9.95882
875	1.38523e+07	10.4013	9.95882
874	1.38523e+07	10.2635	9.95882
868	1.38523e+07	10.3181	9.90541
871	1.38523e+07	10.3181	9.90541
874	1.38523e+07	10.3181	9.90541
876	1.38523e+07	10.3181	9.90541
871	1.38523e+07	10.3181	9.90541
860	1.38523e+07	10.3181	9.90541
870	1.3703e+07	10.3181	9.90541
869	1.38524e+07	10.2076	9.90541
871	1.38524e+07	10.3246	9.84688
865	1.38524e+07	10.2622	9.96087
868	1.38524e+07	10.2622	9.84996
868	1.38524e+07	10.3363	9.99168
879	1.38524e+07	10.3363	9.99168
870	1.38524e+07	10.4455	9.99168
875	1.38524e+07	10.3116	9.87974
868	1.38524e+07	10.3727	9.9886
867	1.38524e+07	10.3727	9.91877
859	1.38524e+07	10.3129	9.91877
872	1.38524e+07	10.2193	9.91877
869	1.38524e+07	10.3467	9.91877
861	1.38524e+07	10.3987	9.91877
871	1.38524e+07	10.3116	9.97217
859	1.38524e+07	10.3688	9.97217
863	1.38524e+07	10.3103	9.86844
863	1.38524e+07	10.3103	9.95985
859	1.38524e+07	10.361	9.86536
867	1.38524e+07	10.2336	9.86536
870	1.38524e+07	10.3025	9.93931
994	1.38524e+07	10.3025	9.93931
1305	1.38524e+07	10.4208	12.0909
1292	1.38524e+07	16.6699	17.611
1460	1.38524e+07	18.3027	17.6685
1796	1.38524e+07	18.5133	19.8211
1805	1.38524e+07	25.4007	26.6055
1806	1.38524e+07	27.8525	40.0658
1821	1.38524e+07	27.8525	26.8201
1874	1.38524e+07	27.9149	26.8201
1970	1.36226e+07	27.9149	27.5262
1990	1.33565e+07	30.4538	30.371
1963	1.38363e+07	31.512	30.4274
1971	1.34785e+07	47.723	30.4274
1968	1.38654e+07	31.551	30.1938
1970	1.38654e+07	31.551	30.4043
1970	1.38654e+07	31.4373	30.0937
1981	1.38654e+07	31.3365	30.1527
1951	1.38654e+07	31.5998	30.1527
1982	1.38654e+07	31.3463	30.1527
1965	1.36794e+07	31.4958	30.2374
1975	1.38459e+07	31.4958	30.2374
1990	1.38459e+07	31.4405	30.335
2005	1.38459e+07	31.7428	30.6251
1986	1.38459e+07	31.902	30.4095
1988	1.38459e+07	31.564	30.4095
1968	1.36188e+07	31.6355	30.3299
1992	1.3858e+07	31.4145	30.2734
1979	1.3858e+07	31.707	30.5045
1976	1.3858e+07	31.5802	30.0757
1969	1.3858e+07	31.421	30.276
1986	1.3858e+07	31.3137	30.1399
1997	1.3858e+07	31.5055	30.2837
1992	1.3858e+07	31.447	30.4557
1961	1.3858e+07	31.7785	30.4557
1979	1.3858e+07	31.291	29.9679
1992	1.3858e+07	31.3885	30.1733
1975	1.3858e+07	31.4958	30.3273
1982	1.3858e+07	31.3463	30.1887
1981	1.3858e+07	31.4307	30.0885
1998	1.3858e+07	31.4307	30.2734
1975	1.3858e+07	31.3267	30.3273
2000	1.37465e+07	31.8077	30.2426
1993	1.38546e+07	31.3202	30.2426
1990	1.38546e+07	31.6225	30.4557
1962	1.3578e+07	31.564	30.2272
1962	1.3578e+07	31.564	30.3966
1993	1.38722e+07	31.1838	29.8575
1984	1.38722e+07	31.5217	30.4403
1992	1.38722e+07	31.5217	30.3376
1982	1.38722e+07	31.7037	30.2657
2004	1.38722e+07	31.382	30.3941
1998	1.38722e+07	31.72	30.3941
1985	1.38722e+07	31.616	30.3941
1997	1.38722e+07	31.616	30.3273
1989	1.38722e+07	31.616	30.4531
1976	1.38722e+07	31.616	30.0731
1972	1.38722e+07	31.1285	29.9653
1954	1.37801e+07	31.2162	29.9037
1984	1.3546e+07	31.0732	29.9037
1972	1.3831e+07	31.187	30.0269
1984	1.3831e+07	31.0863	30.0269
1967	1.3831e+07	31.4112	30.2426
1977	1.3831e+07	31.2585	30.0397
1983	1.3831e+07	31.3202	30.0397
1977	1.3831e+07	31.2065	30.1245
1989	1.3831e+07	31.4438	30.1245
1964	1.3831e+07	31.33	30.1245
1987	1.3831e+07	31.33	30.0372
1989	1.3831e+07	31.33	30.1219
1973	1.3831e+07	31.4893	30.2888
1985	1.3831e+07	31.4893	30.068
1987	1.3831e+07	31.317	30.3684
1987	1.3831e+07	31.4893	30.1579
1976	1.3831e+07	31.4307	30.1579
1979	1.3831e+07	31.4307	30.086
1973	1.3831e+07	31.3072	30.2246
2000	1.3831e+07	31.2325	30.2246
1982	1.3831e+07	31.5542	30.163
1986	1.3831e+07	31.4405	30.3042
1989	1.34402e+07	31.4405	30.0192
1989	1.38633e+07	31.2487	30.1656
2157	1.38633e+07	31.5575	31.4647
2137	1.38633e+07	34.2972	33.2363
2168	1.38633e+07	34.2972	33.0694
2716	1.38633e+07	34.7685	37.0875
2747	1.38633e+07	43.8848	43.6064
2765	1.37592e+07	45.5422	43.8298
3183	1.37592e+07	45.7665	45.8299
3176	1.3451e+07	51.9415	52.0997
3216	1.38091e+07	54.3757	51.8943
3766	1.38091e+07	54.1385	54.1075
3829	1.38091e+07	61.6102	62.2234
3751	1.38091e+07	65.1527	101.113
3786	1.38091e+07	65.416	62.801
3818	1.38091e+07	65.4875	62.9294
3825	1.38091e+07	65.546	63.5097
3754	1.38091e+07	65.6077	63.4224
3804	1.38091e+07	65.6077	62.6624
3767	1.38091e+07	65.3835	63.2837
3767	1.38091e+07	65.455	62.9551
3728	1.38091e+07	65.2957	62.7651
3737	5.58808e+06	64.584	62.2516
3712	1.38466e+07	64.441	62.2516
3712	1.38466e+07	64.3077	61.5019
3744	1.36776e+07	64.22	62.344
3662	1.38391e+07	64.6068	61.6046
3659	1.38391e+07	63.479	61.3941
3657	1.38391e+07	63.336	60.5519
3654	1.38391e+07	62.7738	60.5519
3674	1.38391e+07	63.2775	61.276
3596	1.38391e+07	63.2775	60.9987
3682	1.38391e+07	62.348	60.3157
3627	1.38391e+07	63.3295	60.7573
3595	1.38391e+07	62.6405	59.946
3614	1.38391e+07	61.8573	59.946
3621	1.38391e+07	62.3122	59.946
3675	1.37662e+07	62.621	60.6854
3622	1.3851e+07	62.868	60.6854
3624	1.3851e+07	62.7185	60.5365
3671	1.3851e+07	63.0858	60.747
3564	1.3851e+07	62.829	60.3671
3669	1.3851e+07	61.9808	59.9511
3624	1.31039e+07	63.115	60.9216
3630	1.38556e+07	62.569	60.48
3615	1.38556e+07	62.9688	60.5314
3634	1.38556e+07	62.4455	60.2079
3576	1.38556e+07	62.8322	60.5725
3621	1.38556e+07	62.2668	59.9614
3602	1.38556e+07	62.6047	60.2746
3656	1.38556e+07	62.3643	60.1463
3621	1.37766e+07	63.0012	60.9884
3598	1.37766e+07	63.0012	60.2541
3589	1.38471e+07	62.413	59.9768
3630	1.38471e+07	62.1335	59.9768
3630	1.38471e+07	62.1335	60.3106
3610	1.38471e+07	62.3057	60.4235
3595	1.38471e+07	62.2147	59.5506
3552	1.38471e+07	61.3957	58.7444
3566	1.38471e+07	61.6037	59.6019
3560	1.38471e+07	61.7793	59.6944
3586	1.38471e+07	61.6135	59.7919
3569	1.38471e+07	61.6947	59.3452
3582	1.38471e+07	61.6947	59.3452
3621	1.38471e+07	61.6232	59.5352
3569	1.38471e+07	62.0165	59.8741
3561	1.38471e+07	61.7565	59.4274
3567	1.38471e+07	61.5518	59.5968
3571	1.38471e+07	62.0002	59.1552
3554	1.38471e+07	61.2397	59.4325
3609	1.38471e+07	61.6265	59.3811
3560	1.38471e+07	61.8117	60.2849
3555	1.38471e+07	61.9937	59.3503
3620	1.38471e+07	61.8768	59.7765
3528	1.38471e+07	61.8768	59.8895
3599	1.38471e+07	61.5615	58.9601
3581	1.38471e+07	61.4543	59.7663
3558	1.38471e+07	62.3057	59.5865
3587	1.38471e+07	61.7435	59.4787
3591	1.38471e+07	61.9352	59.8433
3576	1.38471e+07	61.9352	59.8433
3624	1.38471e+07	62.127	59.679
3587	1.38471e+07	61.5257	59.9254
3573	1.38471e+07	62.5658	60.249
3604	1.38471e+07	62.4422	59.8176
3590	1.38471e+07	61.8442	59.9049
3590	1.38471e+07	62.179	59.4119
3646	1.38471e+07	61.984	60.3517
3578	1.38471e+07	62.3317	59.7919
3620	1.38471e+07	61.9352	60.3671
3621	1.38471e+07	62.7933	60.1719
3566	1.38471e+07	62.2895	59.5044
3584	1.39169e+07	61.6623	60.3311
3592	1.39169e+07	62.1725	59.643
3628	1.39169e+07	62.0685	59.643
3577	1.39169e+07	62.3643	60.1719
3614	1.38062e+07	62.101	59.9306
3678	1.38062e+07	62.1823	60.3722
3736	1.38062e+07	63.6772	62.3902
3731	1.38062e+07	64.87	62.3902
4267	1.38062e+07	64.7855	63.7664
4388	1.38062e+07	71.903	74.1751
4365	1.38062e+07	76.6513	74.1237
4739	1.38062e+07	77.4832	74.7605
4794	1.38062e+07	80.6488	81.477
4821	1.38062e+07	136.422	81.477
5291	1.38062e+07	85.6245	82.8429
5321	6.2191e+06	90.1485	90.6533
5348	1.38605e+07	95.3485	91.8497
5785	1.38605e+07	95.4395	92.6816
5812	1.38605e+07	100.048	100.538
5839	1.38605e+07	105.787	101.427
5822	1.38605e+07	106.249	102.361
5800	1.38605e+07	106.808	102.361
5757	1.38605e+07	106.97	102.818
5678	1.26764e+07	106.698	102.525
5713	1.38609e+07	106.47	101.642
5713	1.38609e+07	104.923	101.231
5786	1.38609e+07	106.515	101.899
5722	1.38609e+07	106.515	102.043
5793	1.38609e+07	104.916	100.605
5711	1.38609e+07	105.332	100.857
5824	1.38609e+07	103.772	100.256
5710	1.38609e+07	105.774	100.769
5798	1.38609e+07	104.695	100.944
5667	1.38609e+07	104.852	99.9168
5785	1.38609e+07	104.215	100.728
5717	1.38609e+07	104.845	100.107
5751	1.38609e+07	104.26	100.415
5657	1.38609e+07	104.936	99.9528
5788	1.38609e+07	103.24	99.5522
5675	1.37265e+07	104.357	99.9939
5685	1.38476e+07	103.63	99.7525
5712	1.37559e+07	103.33	99.1979
5680	1.38569e+07	104.37	99.3314
5692	1.38569e+07	102.726	99.5368
5697	1.38569e+07	104.449	98.325
5721	1.38569e+07	102.069	100.22
5773	1.38569e+07	104.702	99.8347
5719	1.38569e+07	104.37	100.497
5660	1.38569e+07	103.902	99.922
5690	1.38569e+07	103.799	99.0644
5697	1.38569e+07	102.57	99.0028
5658	1.38569e+07	102.901	98.936
5771	1.38569e+07	103.649	99.1363
5694	1.38569e+07	103.759	99.9784
5745	1.38569e+07	103.759	99.5163
5761	1.38569e+07	103.675	99.6652
5761	1.38569e+07	102.888	99.1671
5697	1.33798e+07	104.396	99.4649
5802	1.39012e+07	103.356	100.538
5688	1.39012e+07	105.092	100.43
5781	1.39012e+07	103.799	100.651
5807	1.39012e+07	104.89	100.364
5751	1.39012e+07	104.591	100.297
5759	1.35333e+07	104.591	101.041
5776	1.37912e+07	104.292	99.5112
5752	1.37912e+07	104.41	100.867
5757	1.38644e+07	104.618	100.43
5796	1.38644e+07	104.305	99.9066
5821	1.38644e+07	104.975	101.159
5728	1.38644e+07	105.579	100.512
5777	1.38644e+07	103.201	99.8347
5762	1.38644e+07	104.305	100.071
5702	1.38644e+07	104.305	99.5574
5819	1.38644e+07	103.499	100.035
5773	1.38644e+07	104.65	100.364
5777	1.38644e+07	104.955	100.132
5774	1.38644e+07	103.851	100.533
5782	1.38644e+07	105.053	100.071
5725	1.38644e+07	103.194	99.809
5798	1.38644e+07	104.78	99.809
5786	1.38644e+07	103.675	100.754
5734	1.25123e+07	105.456	100.415
5723	1.38462e+07	103.935	99.7422
5834	1.38462e+07	104.338	99.7422
5903	1.38462e+07	104.559	101.154
5844	1.38462e+07	105.098	102.186
5768	1.38462e+07	106.457	101.437
5768	1.38462e+07	105.196	100.261
5819	1.38462e+07	104.949	101.144
5897	1.38462e+07	104.305	100.882
5997	1.38462e+07	106.925	104.369
5959	1.38462e+07	108.589	103.332
6368	1.38462e+07	107.841	106.695
6623	1.38462e+07	116.597	114.593
6474	1.38462e+07	120.406	115.116
6862	1.38462e+07	118.43	115.45
7101	1.38462e+07	125.222	123.517
7075	1.38462e+07	128.531	183.504
6992	1.38462e+07	128.726	122.665
7048	1.38462e+07	127.823	123.692
7143	1.38462e+07	128.368	123.189
7207	1.38462e+07	129.181	126.075
7135	1.38462e+07	132.184	126.218
7527	1.38462e+07	131.229	126.424
7688	1.38462e+07	134.531	133.438
7629	1.38462e+07	140.4	134.301
8057	1.38462e+07	140.192	134.691
8262	1.38462e+07	143.617	143.041
8155	1.38462e+07	148.921	144.335
8452	1.38462e+07	150.781	143.564
8492	1.38462e+07	151.587	149.593
8581	1.38462e+07	159.139	150.969
8570	1.38462e+07	229.307	150.712
8646	1.38462e+07	155.883	151.339
8550	1.38462e+07	156.78	151.688
8698	1.38462e+07	157.976	151.955
8618	1.38462e+07	158.106	151.842
8628	1.38462e+07	157.118	151.996
8628	1.38462e+07	157.989	152.653
8649	1.38462e+07	158.106	151.082
8615	1.38462e+07	157.82	153.054
8640	1.36381e+07	158.73	152.006
8636	1.38088e+07	158.028	152.602
8619	1.38088e+07	157.495	151.606
8637	1.38088e+07	158.119	150.702
8538	1.38088e+07	157.248	152.325
8534	1.38088e+07	156.039	150.62
8617	1.38088e+07	156.871	151.308
8640	1.38088e+07	157.69	151.359
8531	1.38088e+07	157.521	152.16
8579	1.38088e+07	156.169	150.147
8707	1.38088e+07	156.325	151.287
8632	1.36101e+07	158.691	152.253
8570	1.33825e+07	157.664	153.157
8568	1.38561e+07	158.028	151.123
8644	1.38561e+07	157.326	151.585
8498	1.38561e+07	157.209	150.723
8690	1.38561e+07	156.819	151.975
8529	1.38561e+07	156.923	151.667
8488	1.38561e+07	158.067	150.948
8634	1.38561e+07	156.728	150.455
8502	1.38561e+07	156.559	151.092
8573	1.38561e+07	155.844	149.901
8640	1.38561e+07	156.156	151.565
8595	1.37135e+07	157.833	152.13
8661	1.37135e+07	157.014	151.205
8650	1.38638e+07	158.08	152.694
8616	1.38638e+07	157.04	150.907
8528	1.38638e+07	158.184	151.832
8528	1.38638e+07	157.573	151.688
8586	1.38638e+07	156.572	151.185
8563	1.38638e+07	157.209	150.681
8716	1.38638e+07	157.625	153.177
8571	1.38638e+07	158.86	151.934
8637	1.38638e+07	156.936	152.417
8637	1.38638e+07	158.574	152.017
8673	1.38638e+07	157.417	152.201
8553	1.38638e+07	157.807	151
8657	1.38638e+07	156.845	152.54
8617	1.38638e+07	158.236	151.688
8548	1.38638e+07	157.144	150.712
8616	1.38638e+07	157.456	151.626
8704	1.38638e+07	157.807	151.77
8592	1.38638e+07	157.209	152.52
8633	1.38638e+07	157.391	152.068
8696	1.37647e+07	158.288	152.181
8538	1.38514e+07	158.626	151.975
8497	1.38514e+07	157.625	151.801
8566	1.38514e+07	156.741	150.137
8582	1.38514e+07	155.194	150.373
8469	1.38514e+07	157.313	150.948
8561	1.38514e+07	156.637	149.911
8500	1.38514e+07	155.389	149.5
8509	1.38514e+07	154.375	150.445
8551	1.38514e+07	156.26	150.209
8447	1.38514e+07	156.637	150.209
8608	1.38514e+07	155.571	150.209
8516	1.38514e+07	155.337	150.825
8579	1.38514e+07	157.17	150.271
8610	1.38514e+07	156	150.343
8610	1.38514e+07	156.377	150.99
8547	1.38514e+07	157.495	150.99
8554	1.38514e+07	155.935	151.103
8619	1.38514e+07	156.637	150.671
8497	1.38514e+07	158.119	151.411
8572	1.38514e+07	155.428	150.815
8553	1.38514e+07	157.222	149.85
8538	1.38514e+07	155.792	150.692
8545	1.38514e+07	155.792	150.538
8614	1.38514e+07	156.182	150.045
8452	1.38514e+07	156.663	150.168
8593	1.38514e+07	154.921	150.517
8520	1.38514e+07	156.468	150.455
8459	1.28611e+07	155.844	149.737
335	1.38444e+07	154.83	106.674
330	1.38444e+07	31.317	0.59566
331	1.38444e+07	0	0
328	1.38444e+07	0	0
331	1.38444e+07	0	0
329	1.38444e+07	0	0
328	1.38444e+07	0	0
