scalerS16b	IPM2C21A	IPM2C24A	
397	1.3695e+07	0	0
398	9.78167e+06	0	0
399	1.33557e+07	0	0
396	1.37855e+07	0	0
396	1.33582e+07	0	0
401	1.34775e+07	0	0
404	1.38439e+07	0	0
404	1.38439e+07	0	0
401	1.38439e+07	0	0
403	1.38439e+07	0	0
402	1.38439e+07	0	0
3045	1.28597e+07	0	0
4896	1.14868e+07	1.23939	1.5405
4875	1.38583e+07	3.9	3.081
4891	1.38583e+07	7.19472	6.162
4882	1.36365e+07	8.70415	8.30484
4827	1.32915e+07	8.1263	7.85193
4933	1.35658e+07	5.2897	5.09546
4910	1.38232e+07	5.2897	5.16273
4785	1.38232e+07	5.2897	5.16273
4921	1.27958e+07	5.2897	5.059
14234	1.38293e+07	5.2897	5.29881
16029	1.02089e+07	9.3314	15.0312
15914	1.3035e+07	18.0252	27.0337
15897	1.20247e+07	27.8551	25.9446
15860	8.0556e+06	18.0583	17.3974
18943	8.42402e+06	18.0583	17.3306
18994	1.28581e+07	18.7915	19.9495
18994	1.28581e+07	21.8582	20.9636
19107	1.37075e+07	21.6619	20.825
28287	1.02659e+07	23.4117	27.9832
28618	1.1387e+07	32.7041	31.5032
28654	1.11906e+07	48.6655	31.344
36650	1.13168e+07	33.787	36.574
36354	7.79169e+06	41.7202	40.3893
37301	7.4527e+06	42.029	40.6718
44312	9.72444e+06	43.1307	44.5153
44428	7.59807e+06	50.362	49.6606
44910	1.07507e+07	51.2297	49.124
53273	6.32968e+06	51.5612	53.2371
52399	1.32102e+07	60.0827	58.4928
53330	1.0456e+07	60.593	58.4312
59943	1.10044e+07	61.2267	61.2246
60476	1.09031e+07	67.9412	66.6728
60235	4.22356e+06	68.692	106.587
60535	9.55758e+06	69.3323	67.1658
61306	5.52477e+06	69.42	67.1658
63127	1.11417e+07	70.33	68.0233
62640	1.12682e+07	71.318	69.9798
63748	1.30269e+07	72.9853	69.5279
75223	3.16461e+06	72.813	71.8746
72929	1.23385e+07	80.4895	82.617
74389	1.16439e+07	137.176	81.2973
64744	1.11104e+07	84.9485	81.8776
327	9.94484e+06	89.453	76.3215
321	1.37088e+07	33.7935	2.01292
325	1.38612e+07	0	0
326	1.38612e+07	0	0
327	6.45634e+06	0	0
327	6.45634e+06	0	0
323	1.14111e+07	0	0
326	1.03491e+07	0	0
330	1.2906e+07	0	0
329	9.09725e+06	0	0
329	1.30362e+07	0	0
324	1.38449e+07	0	0
326	1.38449e+07	0	0
322	1.38449e+07	0	0
324	1.29767e+07	0	0
324	1.22516e+07	0	0
326	7.34602e+06	0	0
321	1.16922e+07	0	0
326	5.1759e+06	0	0
316	1.30501e+07	0	0
318	1.31571e+07	0	0
319	1.38342e+07	0	0
320	1.3178e+07	0	0
319	1.34368e+07	0	0
316	1.38225e+07	0	0
316	1.2101e+07	0	0
311	1.35185e+07	0	0
319	1.28188e+07	0	0
320	1.15828e+07	0	0
319	1.09498e+07	0	0
321	1.38096e+07	0	0
324	1.38096e+07	0	0
327	1.38096e+07	0	0
325	1.38096e+07	0	0
322	1.25592e+07	0	0
322	1.25592e+07	0	0
324	4.36339e+06	0	0
323	1.38135e+07	0	0
319	1.23089e+07	0	0
321	1.35255e+07	0	0
320	1.38562e+07	0	0
320	1.10384e+07	0	0
325	1.38337e+07	0	0
321	1.32981e+07	0	0
324	1.38574e+07	0	0
324	1.38574e+07	0	0
327	1.38574e+07	0	0
325	1.38574e+07	0	0
322	1.38574e+07	0	0
324	1.38574e+07	0	0
323	1.38574e+07	0	0
323	1.38574e+07	0	0
732	1.3599e+07	0	0
4885	1.26622e+07	0	0
5006	1.36938e+07	0.78	1.5405
4950	1.07773e+07	1.95	3.081
4931	1.25134e+07	3.9	6.162
4995	1.38532e+07	7.22358	8.42217
4929	1.14494e+07	8.75972	8.09276
4832	1.36547e+07	8.3044	5.15503
7498	9.87544e+06	5.29425	5.15503
8275	1.2839e+07	6.2426	7.91355
8118	1.29322e+07	9.2183	8.87379
15987	1.01907e+07	9.1546	8.78342
18112	1.2674e+07	10.7718	15.8651
18508	1.1283e+07	20.6213	31.0236
18508	1.1283e+07	31.9878	29.9704
18086	1.3855e+07	31.2162	19.8545
18178	1.26312e+07	20.774	20.101
20707	1.14657e+07	20.9592	21.5156
21210	1.25394e+07	23.9525	23.3283
21309	1.21901e+07	24.2808	23.3283
28907	1.34305e+07	24.609	27.5287
30540	1.38634e+07	33.7415	33.5418
30824	1.38634e+07	34.9992	33.8499
37675	1.37408e+07	35.3275	36.9155
38467	1.34455e+07	42.939	42.5358
39237	1.19714e+07	44.3073	43.0313
45115	1.38435e+07	44.8695	44.9698
45799	1.38435e+07	50.804	51.0393
46114	7.60831e+06	52.9198	51.1138
53063	9.93259e+06	53.066	52.1947
53998	1.38472e+07	58.8965	59.3811
53922	1.35082e+07	61.7045	59.3811
61430	9.63345e+06	61.841	60.7085
63129	1.11538e+07	67.6943	68.6575
62633	1.38491e+07	72.2377	111.404
62100	1.38491e+07	71.9095	68.7371
62262	1.36653e+07	71.1945	69.0503
64665	1.34845e+07	72.2475	69.6563
64905	8.72317e+06	73.2225	71.1711
64513	1.25621e+07	73.944	71.587
74201	1.31626e+07	74.3015	72.0595
74088	1.10528e+07	78.9132	81.6568
73879	1.37729e+07	138.034	82.0162
81801	1.38618e+07	85.3515	81.9546
81398	1.32604e+07	87.9905	88.7174
81398	1.32604e+07	94.315	90.91
82235	1.05695e+07	94.562	90.5814
90882	1.28078e+07	96.7655	98.782
90383	1.33051e+07	105.43	100.651
90887	1.33051e+07	104.273	100.713
99262	1.3794e+07	106.457	106.515
97887	1.3794e+07	114.328	109.509
99601	1.31018e+07	114.029	109.247
105191	1.38525e+07	115.174	114.351
107083	1.38525e+07	121.719	117.53
103731	1.26756e+07	122.733	117.093
112872	1.38447e+07	121.271	120.447
114708	1.38447e+07	130.767	126.675
112832	1.30562e+07	131.521	187.048
113097	1.31477e+07	130.449	125.119
113399	1.26272e+07	130.747	126.516
115442	1.38625e+07	131.202	127.841
115254	1.38625e+07	133.536	127.656
117423	1.38625e+07	133.081	128.365
123199	1.03258e+07	134.173	131.322
124362	1.37768e+07	142.031	136.766
123601	1.38648e+07	142.324	138.429
133906	1.38648e+07	143.663	138.974
129931	1.38648e+07	150.768	147.179
133782	1.32376e+07	151.548	145.68
133533	6.64403e+06	152.971	147.313
135137	1.30622e+07	154.336	149.131
136291	1.38498e+07	155.688	150.866
135623	1.38498e+07	156.773	149.87
132472	1.38498e+07	229.385	149.675
136271	1.38498e+07	156.65	148.494
136271	1.38498e+07	155.545	151.195
133067	1.38498e+07	155.909	148.761
135412	6.57828e+06	153.426	148.206
134734	4.75356e+06	154.531	149.357
136018	7.6906e+06	156.832	151.77
134849	8.7755e+06	156.52	151.103
135397	1.11734e+07	155.623	148.997
137249	1.33581e+07	155.909	150.589
133471	1.32608e+07	157.417	150.178
135470	1.3633e+07	154.31	149.049
133773	1.38503e+07	155.896	150.219
135941	1.38503e+07	155.103	150.445
133966	1.27591e+07	156.169	149.398
134738	8.67105e+06	154.973	149.511
135410	8.61718e+06	155.753	149.983
134051	1.38468e+07	155.857	148.381
134579	1.38468e+07	153.803	150.178
134904	1.38468e+07	156.026	148.617
135746	1.38468e+07	154.947	150.589
136328	1.32031e+07	155.831	149.952
134654	1.33986e+07	156.676	151.39
135715	1.25487e+07	156.091	150.024
134875	1.37095e+07	156.572	150.188
133781	1.38378e+07	155.597	149.808
136314	1.12017e+07	154.804	148.977
134885	1.3283e+07	155.584	150.538
135754	1.38516e+07	155.376	150.086
134335	1.34606e+07	156.247	150.651
135148	4.75549e+06	155.389	149.644
134391	1.10214e+07	155.844	150.045
134519	1.3564e+07	155.61	149.151
134519	1.3564e+07	155.961	150.055
136421	1.34754e+07	155.337	150.753
133592	1.36886e+07	155.61	149.88
136101	1.26411e+07	155.701	151.811
136126	1.38461e+07	155.948	149.737
134603	1.38461e+07	155.532	148.679
135497	1.38461e+07	155.532	151.072
134108	1.38461e+07	156.286	148.915
134817	1.38461e+07	154.271	148.36
134854	1.38461e+07	155.025	150.404
133951	1.38461e+07	155.662	148.987
133753	1.38461e+07	154.674	148.699
134589	1.38461e+07	154.167	148.781
135005	1.38461e+07	154.063	148.874
135543	1.29399e+07	155.558	150.404
134838	1.38692e+07	156.403	150.764
135955	1.38692e+07	156.208	150.086
135853	1.38692e+07	156.416	150.219
135762	1.38692e+07	156.949	151.103
134990	1.38692e+07	156.338	149.788
135101	1.02592e+07	155.311	149.891
134311	1.36377e+07	154.778	149.213
137053	1.38311e+07	154.531	149.829
134854	1.34175e+07	156.91	151.38
136148	1.38648e+07	155.831	149.665
135089	1.38648e+07	155.519	150.476
137051	1.38648e+07	156.026	150.076
134519	1.38648e+07	155.948	151.76
135402	1.38648e+07	156.741	149.88
134508	1.38648e+07	155.935	149.449
135536	1.38648e+07	154.648	149.244
135536	1.38648e+07	155.662	150.733
135665	1.38648e+07	156.624	150.363
135792	1.38648e+07	156.455	150.723
135204	1.38648e+07	156.533	150.281
136933	1.32316e+07	155.74	150.979
135524	1.38589e+07	157.378	150.979
134982	1.38589e+07	156.676	150.486
135434	1.38589e+07	154.791	150.106
136066	1.04973e+07	156.091	150.887
135987	5.33336e+06	157.183	149.839
134484	5.81857e+06	156.026	150.815
135806	1.37289e+07	155.506	150.076
135327	1.31977e+07	156.572	150.076
135706	1.35798e+07	155.688	148.597
133419	1.38616e+07	156.299	150.199
135928	1.34442e+07	154.089	149.172
134744	1.37776e+07	155.558	149.634
136616	1.38581e+07	155.337	149.387
132697	1.38581e+07	155.623	150.363
135538	1.38581e+07	154.245	148.556
136123	1.38581e+07	154.986	150.558
133820	1.38581e+07	156.624	150.23
136156	1.38581e+07	154.323	149.624
134449	1.3683e+07	157.053	150.394
135141	1.38524e+07	155.181	149.963
135592	1.38524e+07	156.754	150.332
134668	1.38524e+07	155.675	149.685
136912	1.38524e+07	154.739	149.583
133047	1.38524e+07	156	151.041
133485	1.22672e+07	156.702	148.73
133509	1.38605e+07	152.932	148.093
133509	1.38605e+07	153.855	148.473
124688	1.38605e+07	152.555	140.822
124087	1.20054e+07	142.012	136.817
122217	1.38548e+07	143.195	136.817
114316	1.27743e+07	140.205	130.224
113168	1.38582e+07	131.677	127.266
114026	1.38582e+07	130.767	125.499
110013	1.20583e+07	130.494	123.035
109471	1.36784e+07	126.269	122.09
109617	1.26681e+07	126.49	122.028
99180	1.37059e+07	125.112	114.398
95814	1.36032e+07	113.529	108.246
96763	1.3758e+07	112.229	108.246
91794	1.3758e+07	111.41	104.302
90777	1.38438e+07	106.093	101.735
92606	1.32491e+07	105.222	101.509
92301	1.38614e+07	105.989	101.991
90581	1.33555e+07	105.872	101.745
91297	1.38886e+07	105.066	100.944
90631	1.38886e+07	104.507	100.584
91072	1.38886e+07	104.871	101.293
91367	1.38886e+07	105.508	101.129
90849	1.38886e+07	105.04	101.016
91451	1.38886e+07	104.728	100.964
90252	1.38886e+07	105.001	101.478
90864	1.3818e+07	105.677	99.886
90548	1.34208e+07	104.195	101.19
90716	1.38242e+07	104.195	100.471
90072	1.38242e+07	104.806	100.995
90214	1.35976e+07	104.078	99.4033
90148	1.38343e+07	103.714	100.636
90148	1.38343e+07	104.793	100.153
90256	1.38343e+07	103.428	100.071
90574	1.27714e+07	104.975	100.636
90455	1.38363e+07	104.208	100.584
89668	1.38363e+07	103.532	100.4
90437	1.38363e+07	103.337	99.4752
91311	1.38363e+07	103.896	100.174
88831	1.38363e+07	104.52	100.009
90280	1.367e+07	102.986	98.746
89224	1.3854e+07	102.882	99.1568
90386	1.32685e+07	103.48	99.3314
89786	1.38572e+07	103.805	100.122
89299	1.38572e+07	103.194	99.4958
90328	1.38572e+07	103.428	99.4958
89092	1.37179e+07	104.013	100.276
90335	1.38327e+07	103.012	99.085
90623	1.21856e+07	104.104	99.7217
89688	1.17436e+07	104.156	100.42
88770	1.36997e+07	103.558	97.3493
90389	1.38759e+07	101.777	99.5266
88770	1.38759e+07	103.467	99.0336
89459	1.38759e+07	102.765	99.4033
88558	1.38759e+07	103.584	99.0131
89966	1.38759e+07	102.817	98.6023
89418	1.38759e+07	102.648	99.3006
87987	1.38759e+07	102.895	99.1877
90101	1.38759e+07	102.297	98.5612
90415	1.35841e+07	102.531	99.3622
88996	1.35841e+07	103.61	99.5368
89034	1.37917e+07	102.479	99.1055
89507	1.38643e+07	103.896	99.1774
89507	1.38643e+07	103.129	99.4033
90203	1.38643e+07	102.908	99.506
89246	1.38643e+07	103.883	99.8963
89986	1.30174e+07	102.687	99.3931
89115	1.36405e+07	103.766	98.4482
89122	1.38632e+07	102.414	99.4855
88785	1.34579e+07	102.18	98.0682
90320	1.38572e+07	102.7	99.4958
89175	1.38572e+07	103.506	99.2185
88521	1.32771e+07	102.817	98.5817
89469	1.38472e+07	102.479	98.8796
89337	1.36046e+07	102.726	99.3006
90347	1.38627e+07	103.22	99.886
90882	1.34516e+07	103.311	99.5471
89698	1.38623e+07	104.169	100.04
89143	1.32584e+07	103.701	99.5471
90010	1.38507e+07	102.921	99.1055
89402	1.34122e+07	103.48	99.1774
88618	1.32379e+07	102.596	98.9412
90159	1.30689e+07	102.596	99.8347
89692	1.28262e+07	103.454	99.4341
90567	1.11809e+07	102.882	99.4341
89020	1.18105e+07	103.922	100.225
90027	1.2586e+07	103.974	99.126
90840	1.38599e+07	102.895	100.184
83554	1.33541e+07	103.727	100.061
81532	1.2039e+07	102.18	92.9846
82581	1.37579e+07	94.081	90.5609
75010	1.37579e+07	94.783	91.8241
70992	1.20556e+07	93.639	83.7518
71855	8.91267e+06	81.861	79.0687
71855	8.91267e+06	81.302	78.9249
66746	1.33219e+07	81.991	75.885
66536	1.36661e+07	76.141	73.2559
65274	1.17257e+07	75.842	72.6808
59515	1.37289e+07	75.374	68.6344
56702	1.38531e+07	66.17	63.1194
56473	1.38531e+07	65.351	62.4621
56362	1.37644e+07	64.61	62.6573
56101	1.23939e+07	65.299	62.3286
56390	1.32485e+07	64.701	62.3286
55129	1.27102e+07	64.22	61.1784
55583	8.13929e+06	63.648	61.774
55062	1.09428e+07	63.778	61.5378
55705	1.38132e+07	63.583	60.6238
55637	1.38132e+07	63.583	61.8459
55338	1.34884e+07	64.246	61.1681
54904	1.31203e+07	63.505	60.7984
55591	1.27254e+07	63.076	61.2092
54686	1.37654e+07	63.674	61.1065
54724	1.38509e+07	63.206	61.0141
53944	1.28887e+07	62.946	60.4184
55277	1.36056e+07	62.803	60.2027
55402	1.38362e+07	63.258	61.1887
55219	1.38362e+07	63.518	61.0551
54475	1.33672e+07	63.219	60.9935
54613	1.38419e+07	62.985	60.6238
54067	8.19341e+06	63.583	60.6238
53798	7.85782e+06	62.127	59.7406
54395	1.37945e+07	62.179	59.9254
54627	1.37945e+07	62.062	59.8536
54382	1.37945e+07	62.751	60.706
54382	1.37945e+07	62.959	60.2438
53930	1.37945e+07	62.712	60.2438
54896	9.8504e+06	61.958	60.2438
54995	9.3611e+06	62.673	60.5314
53851	1.38507e+07	63.076	60.2746
54704	1.38507e+07	62.439	60.2746
54862	1.10779e+07	62.998	60.5827
54959	1.3426e+07	63.089	60.8189
53581	1.35739e+07	62.894	60.1308
54038	1.19368e+07	62.244	60.0692
54107	1.29496e+07	61.893	59.7509
53727	1.37801e+07	61.997	60.1719
54301	1.37801e+07	62.296	59.5146
54173	1.37048e+07	62.296	59.5146
53953	1.37743e+07	62.127	60.1411
54214	1.33243e+07	62.127	59.7098
54485	1.36668e+07	62.452	60.2644
53736	1.35688e+07	62.452	59.4736
54217	1.35688e+07	61.737	59.8638
53034	1.16736e+07	62.322	59.4017
53815	1.37681e+07	61.022	59.3195
53902	1.22531e+07	61.945	59.7303
53477	1.3853e+07	61.672	59.6482
53609	1.1853e+07	61.672	59.3709
53505	1.38595e+07	61.581	59.4633
54271	1.38595e+07	61.958	59.3298
53534	1.38595e+07	61.711	59.8638
53782	1.37872e+07	62.205	59.7714
54026	1.28057e+07	62.205	59.5557
54414	1.37881e+07	61.698	59.7611
53913	1.37881e+07	62.14	59.8844
53913	1.37881e+07	62.647	59.8844
53365	1.37881e+07	61.789	59.3914
53658	1.37881e+07	61.685	59.3914
53562	1.37881e+07	61.581	59.3914
53820	1.35542e+07	61.984	59.7919
53576	1.38567e+07	61.685	59.1141
53986	1.38567e+07	61.685	59.6276
53606	1.38567e+07	61.841	59.2682
53470	1.38567e+07	61.841	59.1449
53886	1.38567e+07	61.49	59.6071
53849	1.38567e+07	61.997	59.7919
53984	1.38567e+07	62.127	60.1206
54467	1.38567e+07	62.127	59.7509
54538	1.38567e+07	62.4	60.2438
53678	1.18649e+07	62.517	59.8022
54134	8.07711e+06	61.711	59.8536
54162	1.29694e+07	62.751	59.9871
54803	1.35336e+07	62.309	60.4081
54355	9.4175e+06	62.725	60.3568
54634	1.28038e+07	62.621	60.1617
53297	1.33915e+07	62.621	60.2541
54339	1.1506e+07	61.984	59.3606
53980	1.38409e+07	62.348	60.0076
54252	1.38409e+07	62.01	60.0076
54247	1.38409e+07	62.855	60.1719
54012	1.38409e+07	62.049	60.0384
54331	1.38409e+07	62.322	59.72
54331	1.38409e+07	62.374	60.1514
54089	1.38409e+07	62.53	60.2541
54478	1.38409e+07	62.712	59.946
53476	1.38409e+07	61.971	60.1103
53476	1.38409e+07	62.296	59.4222
53724	1.38409e+07	61.906	59.566
54087	1.33172e+07	61.906	59.8433
54406	1.05327e+07	62.387	60.213
54394	1.3846e+07	62.842	60.0692
54409	1.3846e+07	62.231	60.0692
52740	1.29194e+07	62.478	59.5352
51287	1.38269e+07	60.58	57.2347
51988	1.38269e+07	59.293	57.2347
46067	1.3157e+07	59.293	55.7353
42643	1.35141e+07	52.689	47.0879
42164	1.37671e+07	48.659	46.9134
37564	1.38609e+07	37.011	46.1945
33955	1.36892e+07	43.706	38.0606
34357	1.38605e+07	38.883	27.6212
33692	1.38605e+07	39.169	37.2442
33912	1.3672e+07	38.8635	37.5523
32193	1.38599e+07	38.974	37.3725
31407	1.38599e+07	37.8885	34.8512
31203	8.62966e+06	35.919	34.6767
31366	1.3841e+07	35.997	34.5175
31227	1.3841e+07	35.997	34.5175
30138	1.3841e+07	36.114	34.5945
29686	1.3841e+07	35.5095	33.1053
29820	1.3841e+07	33.7935	32.5559
29550	1.3639e+07	34.268	32.8024
29337	1.37996e+07	33.9105	32.5918
29048	1.37996e+07	33.9105	32.484
28396	1.38855e+07	33.9625	32.1246
28510	1.38855e+07	32.9355	31.2927
28246	1.38855e+07	32.5585	31.4519
28246	1.38855e+07	32.5585	31.3646
28881	1.38855e+07	32.968	31.7292
27965	1.38855e+07	32.7665	31.1438
28137	1.35186e+07	32.214	30.9332
28171	1.38505e+07	32.214	30.8716
27820	1.29103e+07	32.0775	30.9538
27825	1.38402e+07	32.227	30.5892
27611	1.38402e+07	31.759	30.5019
27753	1.38402e+07	31.668	30.5019
27450	1.35287e+07	31.824	30.3735
27670	1.17095e+07	31.6355	30.507
27755	1.3831e+07	31.6355	30.3273
27326	1.3831e+07	31.915	30.5481
27742	1.3831e+07	31.447	30.3324
28005	1.3831e+07	31.759	30.5841
27306	1.3831e+07	32.032	30.4505
27856	1.3831e+07	31.5445	30.3119
27710	1.3831e+07	31.72	30.5327
27506	1.3831e+07	31.72	30.6508
27625	1.3831e+07	31.8305	30.4454
27506	1.27829e+07	31.7525	30.3684
27677	1.11516e+07	31.59	30.3684
27571	1.38366e+07	31.59	30.3684
27645	1.38366e+07	31.59	30.4814
28152	1.38366e+07	31.928	30.5892
27603	1.38366e+07	31.928	30.8305
27509	1.38366e+07	32.0125	30.5481
27884	1.38366e+07	31.655	30.5481
27981	1.38366e+07	31.772	30.6097
27798	1.38366e+07	32.1035	30.7997
27845	1.38366e+07	32.1035	30.6714
27845	1.38366e+07	31.9605	30.7535
27695	1.37438e+07	31.746	30.5224
27614	1.38415e+07	31.746	30.5943
27731	1.38415e+07	32.0255	30.4916
27917	1.38415e+07	31.837	30.81
27973	1.38415e+07	31.837	30.6457
27644	1.38415e+07	31.8955	30.466
27393	1.38415e+07	31.668	30.1579
27157	1.38415e+07	31.4015	30.2349
27377	1.39777e+07	31.4015	30.2349
27567	1.38443e+07	31.278	30.0654
27230	1.38443e+07	31.5575	30.3016
27472	1.38443e+07	31.2065	29.8806
27122	1.37275e+07	31.4665	30.2554
27331	1.3864e+07	31.2975	30.0654
27199	1.3864e+07	31.369	29.9627
26844	1.3864e+07	31.2325	30.0141
27392	1.35775e+07	31.0375	29.9011
27173	1.38433e+07	31.239	29.9011
27043	1.38433e+07	30.927	29.9011
26762	1.38433e+07	31.1415	29.9011
27384	1.38433e+07	31.1415	29.67
26633	1.38433e+07	31.0635	30.0243
27214	1.38433e+07	31.0635	29.5981
26799	1.38433e+07	30.9985	29.9422
27097	1.38433e+07	30.9075	29.6341
27160	1.38433e+07	31.226	29.8241
26971	1.37293e+07	30.9465	29.9525
27043	1.38432e+07	31.1675	29.7419
26917	1.38432e+07	30.979	29.8754
27153	1.38432e+07	30.979	29.6906
27153	1.38432e+07	30.979	29.7676
27119	1.38432e+07	31.0765	29.7676
26748	1.38432e+07	31.1285	29.7676
27121	1.38432e+07	30.9205	29.8343
26962	1.36313e+07	31.057	29.5108
26773	1.38511e+07	30.8425	29.8292
27371	1.38511e+07	30.94	29.8292
26843	1.373e+07	31.2845	29.7471
27051	1.38952e+07	30.8685	29.7471
24939	1.36037e+07	31.0505	29.6084
18094	1.371e+07	27.937	22.024
18120	1.38682e+07	20.722	19.9033
17980	1.38682e+07	14.6477	13.998
18132	1.38682e+07	20.54	19.6183
17121	1.38682e+07	20.54	19.8339
14489	1.37497e+07	19.8867	17.02
14606	1.21169e+07	16.4905	15.8415
14551	1.38201e+07	16.4905	15.8415
14599	1.33796e+07	16.562	15.8415
13810	1.25501e+07	16.4775	15.7799
12458	1.38522e+07	16.2598	14.455
12485	1.38522e+07	14.0367	13.5538
12511	1.33942e+07	14.1537	13.5538
12545	1.11392e+07	14.0725	13.5538
11980	1.35812e+07	14.1407	13.6077
11190	1.07587e+07	14.0757	12.876
11125	1.39022e+07	12.7855	12.0981
11292	1.26842e+07	9.2976	12.0981
11229	1.0902e+07	12.6464	12.152
10877	1.38443e+07	12.6464	12.152
10431	1.36737e+07	12.5697	11.8362
10431	1.36737e+07	11.8716	11.3278
10632	1.08621e+07	11.7442	11.3278
10419	1.07605e+07	11.8677	11.3278
10410	1.31867e+07	11.8092	11.3278
10325	1.07376e+07	11.7052	11.1763
10082	1.2203e+07	11.4959	10.935
9990	1.38342e+07	11.2905	10.8143
10212	1.28643e+07	11.2905	10.9016
10146	1.30302e+07	11.3984	10.9016
9920	1.36987e+07	11.3984	10.9709
9787	1.36987e+07	11.1267	10.5319
9714	1.38595e+07	10.9772	10.5319
9762	1.2708e+07	10.894	10.5319
9737	1.29562e+07	10.9447	10.5319
9682	1.38498e+07	10.9447	10.5319
9535	1.38498e+07	10.8459	10.3701
9608	1.38498e+07	10.7549	10.3162
9358	1.38498e+07	10.7549	10.3162
9459	1.38498e+07	10.634	10.1468
9473	1.37719e+07	10.634	7.41083
9564	1.3844e+07	10.634	10.2402
9428	1.3844e+07	10.7302	10.2402
9295	1.3844e+07	10.5989	10.1427
9388	1.30572e+07	10.4858	10.1427
9471	1.38558e+07	10.6093	10.1427
9352	1.38558e+07	10.5352	10.1427
5960	1.3585e+07	10.5352	10.0862
319	1.27371e+07	10.2843	6.04492
319	1.33619e+07	0.8229	0
319	1.38536e+07	0	0
323	1.30901e+07	0	0
323	1.30901e+07	0	0
324	9.77753e+06	0	0
324	1.38344e+07	0	0
326	1.38344e+07	0	0
328	1.38344e+07	0	0
327	1.38344e+07	0	0
334	1.37587e+07	0	0
328	1.37587e+07	0	0
329	1.38352e+07	0	0
331	1.38352e+07	0	0
333	1.3684e+07	0	0
331	1.32353e+07	0	0
332	1.38594e+07	0	0
333	1.38594e+07	0	0
328	1.38594e+07	0	0
335	1.16926e+07	0	0
330	1.38567e+07	0	0
334	1.38567e+07	0	0
332	1.34613e+07	0	0
330	1.20551e+07	0	0
326	1.29308e+07	0	0
324	1.38498e+07	0	0
321	1.38498e+07	0	0
319	1.38498e+07	0	0
319	1.38498e+07	0	0
322	1.38498e+07	0	0
324	1.38498e+07	0	0
324	1.38498e+07	0	0
325	1.38498e+07	0	0
325	1.38498e+07	0	0
324	1.37679e+07	0	0
324	1.37679e+07	0	0
322	1.38456e+07	0	0
326	1.38456e+07	0	0
327	1.38456e+07	0	0
324	1.38456e+07	0	0
327	1.38456e+07	0	0
327	1.38456e+07	0	0
325	1.38456e+07	0	0
328	1.39498e+07	0	0
331	1.36607e+07	0	0
328	1.38449e+07	0	0
329	1.29585e+07	0	0
326	1.38727e+07	0	0
327	1.38727e+07	0	0
325	1.38727e+07	0	0
325	1.38727e+07	0	0
328	1.31961e+07	0	0
328	1.36191e+07	0	0
331	1.3228e+07	0	0
330	1.34438e+07	0	0
334	1.39072e+07	0	0
333	1.39072e+07	0	0
333	1.39072e+07	0	0
334	1.17912e+07	0	0
333	1.38527e+07	0	0
334	1.34639e+07	0	0
334	1.38623e+07	0	0
331	1.37622e+07	0	0
330	1.37622e+07	0	0
332	1.37622e+07	0	0
332	1.38585e+07	0	0
332	1.38585e+07	0	0
332	1.38585e+07	0	0
333	1.26211e+07	0	0
334	1.38506e+07	0	0
335	1.38506e+07	0	0
337	1.38506e+07	0	0
333	1.38506e+07	0	0
336	1.35838e+07	0	0
337	1.35838e+07	0	0
334	1.34035e+07	0	0
335	1.38397e+07	0	0
338	1.38397e+07	0	0
332	1.34624e+07	0	0
332	1.38549e+07	0	0
330	1.34333e+07	0	0
327	1.3678e+07	0	0
327	1.38453e+07	0	0
333	1.37541e+07	0	0
329	1.3859e+07	0	0
329	1.37022e+07	0	0
330	1.36109e+07	0	0
324	1.38532e+07	0	0
328	1.38532e+07	0	0
333	1.37126e+07	0	0
333	1.38542e+07	0	0
333	1.38542e+07	0	0
334	1.38542e+07	0	0
334	1.38542e+07	0	0
331	1.38542e+07	0	0
331	1.38542e+07	0	0
333	1.33513e+07	0	0
333	1.33513e+07	0	0
334	1.38227e+07	0	0
334	1.36591e+07	0	0
336	1.38597e+07	0	0
332	1.38597e+07	0	0
334	1.38597e+07	0	0
337	1.38597e+07	0	0
336	1.38597e+07	0	0
334	1.26533e+07	0	0
336	1.38623e+07	0	0
332	1.38623e+07	0	0
334	1.38623e+07	0	0
331	1.38623e+07	0	0
333	1.38623e+07	0	0
331	1.38623e+07	0	0
327	1.38623e+07	0	0
329	1.38623e+07	0	0
333	1.3557e+07	0	0
332	1.38572e+07	0	0
327	1.38572e+07	0	0
331	1.38572e+07	0	0
327	1.33647e+07	0	0
325	1.38547e+07	0	0
326	1.38547e+07	0	0
326	1.2527e+07	0	0
323	1.28369e+07	0	0
323	1.37817e+07	0	0
327	1.25918e+07	0	0
329	1.38609e+07	0	0
328	1.32126e+07	0	0
335	1.22345e+07	0	0
335	1.22345e+07	0	0
335	1.39064e+07	0	0
332	1.38125e+07	0	0
330	1.38125e+07	0	0
328	1.33387e+07	0	0
328	1.38694e+07	0	0
330	1.32168e+07	0	0
327	1.38459e+07	0	0
328	1.38459e+07	0	0
330	1.3675e+07	0	0
328	1.29487e+07	0	0
326	1.06537e+07	0	0
325	1.38151e+07	0	0
328	1.38151e+07	0	0
328	1.38151e+07	0	0
325	1.38151e+07	0	0
329	1.38151e+07	0	0
334	1.12715e+07	0	0
332	1.14574e+07	0	0
335	1.38053e+07	0	0
337	1.38053e+07	0	0
335	1.38053e+07	0	0
334	1.38053e+07	0	0
333	1.38053e+07	0	0
333	1.38053e+07	0	0
331	6.87984e+06	0	0
328	1.26236e+07	0	0
329	1.38307e+07	0	0
329	1.38307e+07	0	0
331	1.14323e+07	0	0
4259	1.38349e+07	0	0
4259	1.38349e+07	0	0.6162
4994	1.38349e+07	1.95	1.5405
5037	1.38349e+07	3.9	3.081
5014	1.34283e+07	7.23268	6.162
5010	1.22668e+07	8.92645	8.56518
5050	1.33105e+07	8.3967	8.07273
5021	1.27883e+07	5.5172	5.27929
4955	1.362e+07	5.4483	5.27929
5041	1.22689e+07	5.4483	5.27929
5002	1.37005e+07	5.4483	5.27929
7278	1.37986e+07	5.4483	5.69831
10290	1.37986e+07	8.47145	10.6916
10207	1.33637e+07	11.5694	11.1594
10244	1.36137e+07	11.4881	11.0053
10315	1.29793e+07	11.4881	11.0885
10206	1.32748e+07	11.5661	11.0885
10135	1.37623e+07	11.4621	10.9771
10164	1.39617e+07	11.3834	10.9771
10147	1.37592e+07	11.3834	10.9771
10209	1.38608e+07	11.4497	10.9771
10116	1.36773e+07	11.4497	11.067
9802	1.38522e+07	11.4497	10.7409
9792	1.38522e+07	11.0195	10.63
9798	1.26594e+07	11.0195	10.5719
9823	1.21891e+07	11.0195	10.5719
9735	1.05905e+07	11.0195	10.633
9764	1.35432e+07	11.0195	10.499
9740	1.36167e+07	10.7971	10.499
9610	1.36167e+07	10.8927	10.499
9641	1.36167e+07	10.8349	10.4097
9543	1.28197e+07	10.8349	10.4097
9543	1.28197e+07	10.8349	10.4097
9453	1.38532e+07	10.647	10.213
9484	1.38532e+07	10.647	10.213
9491	1.37347e+07	10.567	10.213
9473	1.38534e+07	10.567	10.213
9500	1.38534e+07	10.6574	10.2818
9489	1.38534e+07	10.6574	10.1955
9368	1.21366e+07	10.5586	10.1955
9507	1.38835e+07	10.5586	10.3034
9554	1.38835e+07	10.6216	10.1555
9619	1.38835e+07	10.6977	10.3619
9595	1.38835e+07	10.6977	10.3029
9482	1.38835e+07	10.6977	10.3029
9463	1.37416e+07	10.5924	10.1729
9485	1.37416e+07	10.6671	10.2551
9445	1.38545e+07	10.5859	10.2022
9484	1.38545e+07	10.5859	10.2654
9611	1.38545e+07	10.6372	10.156
9493	1.38545e+07	10.6372	10.346
9530	1.38545e+07	10.6944	10.346
9452	1.38545e+07	10.608	10.2582
9409	1.38545e+07	10.608	10.1647
9454	1.36779e+07	10.5449	10.1647
9332	1.36779e+07	10.5449	10.1647
9516	1.38558e+07	10.5449	10.1647
9414	1.38558e+07	10.5969	10.2351
9400	1.38558e+07	10.5144	10.1565
9310	1.38558e+07	10.5144	10.1565
9461	1.38558e+07	10.5144	10.1565
9445	1.38558e+07	10.5144	10.1565
9445	1.38558e+07	10.5658	10.213
9333	1.38558e+07	10.5658	10.042
9331	1.38558e+07	10.4683	10.1175
9376	1.39745e+07	10.5261	10.1175
9362	1.38507e+07	10.5261	10.1822
9447	1.38507e+07	10.452	10.1041
9448	1.38507e+07	10.452	10.1996
9414	1.38507e+07	10.569	10.1067
9421	1.38507e+07	10.5138	10.1067
9447	1.38507e+07	10.5138	10.1688
9439	1.38507e+07	10.5787	10.1688
7625	1.38507e+07	10.4039	10.1688
7573	1.38507e+07	8.50265	8.09481
7523	1.23212e+07	8.3902	8.09481
7499	1.38937e+07	8.3902	8.00752
7533	1.38937e+07	8.3031	8.06863
6488	1.38937e+07	8.3564	8.06863
6446	1.35097e+07	7.33655	6.86036
6450	1.38593e+07	7.1097	6.86036
6488	1.28754e+07	7.1097	6.86036
6365	1.2149e+07	7.1903	6.86036
5719	1.38542e+07	7.04535	6.55945
5748	1.38542e+07	6.4233	6.04646
5733	1.38542e+07	6.28355	6.11219
5720	1.38542e+07	6.28355	6.01719
5764	1.38542e+07	6.28355	6.01719
5355	1.38542e+07	6.28355	6.01719
5291	1.38542e+07	6.00665	6.01719
5335	1.38542e+07	5.81945	5.62077
5300	1.3377e+07	5.81945	5.62077
5307	1.35089e+07	5.81945	5.62077
5307	1.35089e+07	5.81945	5.62077
5069	1.38452e+07	5.6914	5.35529
5081	1.38452e+07	5.51785	5.35529
5106	1.38452e+07	5.51785	5.35529
5016	1.38452e+07	5.51785	5.28135
4993	1.38452e+07	5.51785	5.28135
5069	1.38452e+07	5.46065	5.28135
5027	1.31789e+07	5.46065	5.28135
5038	1.28654e+07	5.46065	5.28135
5091	1.14469e+07	5.5211	5.28135
5009	1.17944e+07	5.5211	5.28135
4982	1.38607e+07	5.5211	5.28135
5063	1.38607e+07	5.43985	5.28135
4991	1.38607e+07	5.43985	5.28135
4989	1.38607e+07	5.43985	5.28135
5040	1.38607e+07	5.43985	5.28135
4987	1.38607e+07	5.43985	5.28135
5042	1.38607e+07	5.43985	5.28135
5065	1.38607e+07	5.43985	5.28135
5043	1.38607e+07	5.5029	5.28135
5041	1.38607e+07	5.5029	5.28135
5009	1.38607e+07	5.5029	5.28135
5077	1.38607e+07	5.5029	5.28135
5042	1.36033e+07	5.5029	5.28135
5049	1.36033e+07	5.5029	5.28135
5042	1.38336e+07	5.5029	5.28135
5086	1.38336e+07	5.5029	5.28135
5017	1.31632e+07	5.5029	5.28135
5009	1.38498e+07	5.5029	5.28135
5015	1.38498e+07	5.5029	5.28135
5009	1.38498e+07	5.4483	5.28135
5009	1.38498e+07	5.4483	5.28135
5037	1.38498e+07	5.4483	5.28135
5046	1.38498e+07	5.4483	5.28135
5037	1.38498e+07	5.4483	5.28135
5007	1.35899e+07	5.4483	5.28135
5019	1.38563e+07	5.4483	5.28135
4997	7.98718e+06	5.4483	5.28135
5011	1.24727e+07	5.4483	5.28135
5010	1.37598e+07	5.4483	5.28135
5024	1.32576e+07	5.4483	5.28135
5002	1.38171e+07	5.4483	5.28135
5036	1.38171e+07	5.4483	5.28135
4984	1.3641e+07	5.4483	5.28135
5035	1.38502e+07	5.4483	5.28135
5020	1.23829e+07	5.4483	5.28135
4995	1.37741e+07	5.4483	5.28135
4962	1.38491e+07	5.4483	5.28135
5009	1.38491e+07	5.3768	5.28135
4966	1.38491e+07	5.45155	5.28135
4975	1.38491e+07	5.45155	5.21767
5046	1.38491e+07	5.45155	5.21767
4984	1.38491e+07	5.45155	5.21767
4964	1.38491e+07	5.45155	5.29983
4977	1.37146e+07	5.45155	5.24283
5033	1.38474e+07	5.45155	5.24283
5029	1.36729e+07	5.45155	5.24283
5017	1.34016e+07	5.45155	5.24283
5017	1.38549e+07	5.50485	5.24283
5010	1.37855e+07	5.43855	5.24283
5062	1.29508e+07	5.43855	5.24283
5024	1.12878e+07	5.4977	5.24283
5024	1.12878e+07	5.4977	5.29675
5011	1.02312e+07	5.4977	5.29675
5031	1.38508e+07	5.4977	5.29675
5039	1.38508e+07	5.4977	5.29675
4950	1.38508e+07	5.4977	5.29675
4997	1.38508e+07	5.43465	5.22024
5037	1.34617e+07	5.43465	5.22024
5005	1.26482e+07	5.43465	5.30497
5000	1.36589e+07	5.43465	5.2377
5016	1.0686e+07	5.43465	5.2377
5012	6.73165e+06	5.43465	5.2377
5012	1.26072e+07	5.43465	5.2377
3446	1.38562e+07	5.43465	5.2377
416	1.3708e+07	3.3306	5.09033
414	1.34486e+07	0	0.885787
408	1.32856e+07	0	0
