scalerS16b	IPM2C21A	IPM2C24A	
458	1.28016e+07	0	0
463	1.38385e+07	0	0
461	1.38385e+07	0	0
453	1.37617e+07	0	0
462	1.37617e+07	0	0
463	1.37617e+07	0	0
461	1.37617e+07	0	0
465	1.38476e+07	0	0
5788	1.36464e+07	0	0
15757	1.35252e+07	0	0
15758	1.38504e+07	1.95	1.5405
15615	1.38504e+07	3.9	3.081
15579	1.38504e+07	7.8	6.162
15543	1.38504e+07	19.5	15.405
15512	1.38504e+07	27.0965	25.752
15885	1.38504e+07	27.3416	26.4268
15533	1.38504e+07	17.2614	24.9433
20809	1.31609e+07	17.6527	17.0046
26062	1.26777e+07	17.5331	16.8813
25773	1.25573e+07	25.8856	24.9176
40478	1.36939e+07	29.4047	28.3375
40478	1.36939e+07	29.7934	28.7149
58459	1.00991e+07	48.9866	47.1983
56829	1.05857e+07	99.216	63.8152
58169	1.38318e+07	106.067	101.894
56541	1.34692e+07	66.352	63.8435
63022	1.38251e+07	65.403	62.9346
68026	1.38251e+07	71.058	68.4187
68315	1.34182e+07	78.39	75.4537
75909	1.38281e+07	78.702	75.7412
81901	1.38281e+07	83.681	80.5168
81755	1.38281e+07	94.315	90.7817
82308	1.38281e+07	95.368	91.7984
82822	1.38281e+07	94.8935	91.3362
83142	1.31785e+07	95.68	92.1065
80302	1.3059e+07	95.498	91.9216
83005	1.32185e+07	93.6325	90.1192
81033	1.3844e+07	95.0885	91.5211
83778	1.23707e+07	95.615	92.0346
82358	1.38179e+07	94.458	90.9203
81712	1.38179e+07	95.433	91.86
80733	1.38179e+07	93.639	90.1244
82526	1.38179e+07	94.51	90.9717
81850	1.35687e+07	95.758	92.1887
82455	1.38416e+07	94.822	91.2746
78780	1.32965e+07	94.9	91.3568
82463	1.38434e+07	93.132	89.6314
80894	1.38434e+07	93.132	89.6314
80161	1.35828e+07	94.042	90.5198
82361	1.38285e+07	93.782	90.2784
80891	1.3666e+07	93.2945	89.7957
79276	1.37389e+07	93.3465	89.8574
79276	1.37389e+07	93.3985	89.8574
79813	1.3847e+07	91.832	88.3887
79893	1.1713e+07	92.5925	89.1333
79276	1.38448e+07	92.352	88.8868
82134	1.38448e+07	91.4615	88.0344
78686	1.35642e+07	93.561	90.0576
80096	1.35642e+07	92.0465	88.6096
79752	1.38608e+07	92.677	89.2052
81202	1.37567e+07	92.521	89.0614
81418	1.39546e+07	92.313	88.8509
79477	1.3388e+07	94.1655	90.6327
82331	1.37843e+07	93.0995	89.6109
81360	1.37843e+07	92.859	89.3747
80290	1.2008e+07	93.912	90.4017
81674	1.38464e+07	93.5025	89.9909
79926	1.38464e+07	94.0095	90.4941
81301	1.30739e+07	93.2165	89.7085
81696	1.38311e+07	93.158	89.7085
79832	1.38311e+07	93.7755	90.2784
81207	1.38311e+07	93.7755	90.2784
81499	1.38311e+07	92.807	89.3387
80822	1.37508e+07	93.3205	89.8317
81661	1.37508e+07	94.1785	90.6636
80344	1.37508e+07	93.262	89.7701
80251	1.29809e+07	94.5035	90.9357
81397	1.38033e+07	92.69	89.2206
80292	1.38033e+07	92.495	89.0204
81828	1.38033e+07	93.977	90.4684
80681	1.38033e+07	93.4505	89.9652
80769	1.39157e+07	94.2435	90.7354
80430	1.15558e+07	93.5285	90.0268
80430	1.15558e+07	93.314	89.7957
80957	1.38221e+07	92.638	89.1795
81990	1.38221e+07	93.8145	90.3041
82199	1.38221e+07	93.4375	89.9601
80379	1.38221e+07	94.2175	90.6841
80441	1.38221e+07	93.171	89.6828
81717	1.38221e+07	92.742	89.2617
80349	1.36641e+07	93.808	90.2938
81861	1.38401e+07	93.054	89.5955
78394	1.36676e+07	93.3205	89.8266
80299	1.36676e+07	91.5525	88.1577
80450	1.31656e+07	92.6575	89.1898
81461	1.37648e+07	93.4245	89.919
81074	1.37648e+07	93.3595	89.8676
79379	1.3849e+07	93.496	89.9909
80997	1.37711e+07	92.7615	89.2822
80774	1.35877e+07	93.6325	90.1347
79817	1.38421e+07	92.118	88.666
80880	1.38421e+07	93.1385	89.6417
80357	1.20703e+07	93.1385	89.6417
80449	1.27696e+07	93.041	89.5595
65120	1.36776e+07	93.3205	89.8163
61654	1.38339e+07	89.18	85.7853
62272	1.38339e+07	70.9735	68.3263
62128	1.38339e+07	71.721	69.0144
61407	1.36312e+07	70.811	68.1466
58989	1.38471e+07	71.565	68.8655
57578	1.38471e+07	70.0245	67.3866
58760	1.38471e+07	68.237	65.6664
58462	1.38471e+07	67.0345	64.5007
59143	1.37002e+07	67.4505	64.9115
59143	1.37002e+07	67.678	65.1118
57593	1.38564e+07	67.8015	65.2453
55998	1.38564e+07	66.131	63.6226
56100	1.37049e+07	65.338	62.8883
57804	1.38445e+07	64.8375	62.3954
57428	1.38445e+07	66.2545	63.751
56233	1.38445e+07	66.2545	63.8024
55104	1.38445e+07	64.363	61.9281
56622	1.38445e+07	64.2785	61.8408
56823	1.38445e+07	64.675	62.2567
55196	1.38445e+07	65.1235	62.6727
54265	1.37445e+07	64.454	62.0411
55582	1.38315e+07	63.492	61.0962
54657	1.38315e+07	63.2645	60.8703
54597	1.38315e+07	63.4855	61.0808
55863	1.3908e+07	63.284	60.9062
54907	1.3908e+07	63.453	61.05
54210	1.36702e+07	63.167	60.7881
55153	1.38573e+07	63.414	61.0038
55208	1.38573e+07	62.9395	60.5622
54763	1.38573e+07	63.4855	61.086
54552	1.30462e+07	62.907	60.5108
55213	1.37834e+07	63.323	60.9216
55068	1.36954e+07	63.492	61.1014
55486	1.38959e+07	62.946	60.5519
54014	1.38959e+07	63.505	61.1065
55278	1.38959e+07	63.3295	60.9473
53676	1.37731e+07	63.219	60.8292
55449	1.38465e+07	63.414	61.0295
54837	1.38465e+07	62.153	59.8073
54533	1.38465e+07	63.648	61.2554
54533	1.38465e+07	63.648	61.2554
54731	1.37004e+07	62.6795	60.3106
55096	1.38375e+07	62.9005	60.5365
55395	1.38375e+07	63.271	60.8806
55435	1.38375e+07	64.2265	61.8049
54870	1.33872e+07	63.1215	60.7419
53913	1.38405e+07	63.505	61.1116
54834	1.38405e+07	62.5235	60.1514
54090	1.37046e+07	62.9915	60.6033
55067	1.39674e+07	62.556	60.1925
54426	1.38548e+07	62.933	60.5468
55192	1.38548e+07	63.206	60.8241
53899	1.37712e+07	62.816	60.4492
54729	1.38653e+07	62.452	60.0898
54842	1.38653e+07	63.1215	60.747
54259	1.38653e+07	62.114	59.7714
54620	1.37083e+07	62.816	60.403
53431	1.38385e+07	62.5105	60.1411
53941	1.38385e+07	61.763	59.4222
52786	1.38385e+07	62.5235	60.1617
52518	1.38385e+07	60.5735	58.2822
52697	1.36333e+07	60.7945	58.4928
52456	1.36333e+07	61.1065	58.7803
52815	1.38083e+07	60.788	58.4774
52827	1.38083e+07	60.8985	58.6058
53522	1.22124e+07	60.1575	57.8612
53261	1.37267e+07	61.399	59.0576
52922	1.38489e+07	60.1445	57.8612
54391	1.38489e+07	61.594	59.2528
52242	1.38489e+07	61.4835	59.1706
54090	1.38489e+07	61.5745	59.2374
54090	1.38489e+07	61.0935	58.7855
52091	1.37393e+07	61.8735	59.5455
53368	1.38299e+07	60.06	57.815
52189	1.38299e+07	61.425	59.0987
53284	1.38299e+07	60.307	58.046
52459	1.38299e+07	61.2365	58.919
54555	1.39426e+07	60.7685	58.4722
53071	1.38676e+07	62.075	59.7355
53477	1.38676e+07	61.802	59.4684
52788	1.38676e+07	60.9895	58.6725
53167	1.38676e+07	60.8985	58.6058
53448	1.38676e+07	61.594	59.2733
53479	1.38676e+07	61.867	59.5301
50199	1.38676e+07	61.919	59.5301
34868	1.35158e+07	61.3145	59.0166
35059	1.38414e+07	43.212	41.5884
34558	1.38414e+07	39.637	38.1274
34472	1.37606e+07	40.2155	38.6717
33816	1.38424e+07	39.39	37.8809
31830	1.37699e+07	39.715	38.2044
32551	1.37699e+07	37.726	36.289
31718	1.38493e+07	36.6275	35.2261
32418	1.16149e+07	36.5495	35.1542
31582	1.38463e+07	36.387	35.0002
30397	1.38463e+07	36.7835	35.3853
30326	1.38463e+07	35.347	34.004
30331	1.13046e+07	34.9505	33.6034
30278	1.38465e+07	34.8205	33.4905
29852	1.38465e+07	34.658	33.3261
28550	1.30266e+07	34.658	33.3261
28861	1.38551e+07	33.709	32.4224
28861	1.38551e+07	32.7925	31.5392
28971	1.37852e+07	33.033	31.7651
28495	1.37852e+07	32.6755	31.4262
28719	1.37852e+07	32.9355	31.6829
27715	1.34808e+07	32.6235	31.3697
28133	1.31756e+07	31.915	30.697
28124	1.31756e+07	32.3245	31.0822
28595	1.22497e+07	32.097	30.8665
27974	1.38314e+07	32.8185	31.5597
27274	1.18601e+07	32.1035	30.8768
27384	1.12599e+07	31.4145	30.2041
27037	1.35008e+07	31.2585	30.0654
26984	1.36878e+07	30.706	29.5211
27009	1.29802e+07	30.9595	29.7727
26939	1.37402e+07	31.135	29.9422
26722	1.20843e+07	30.5955	29.4235
27461	1.01707e+07	30.745	29.5673
27156	1.3544e+07	31.0895	29.896
26709	1.38406e+07	30.8945	29.7008
27149	1.38406e+07	30.615	29.4338
27473	1.3681e+07	31.2975	30.0808
26830	1.34932e+07	31.0375	29.8498
26765	1.3848e+07	31.109	29.9165
28020	1.3848e+07	30.8945	29.706
27634	1.3848e+07	31.5445	30.3324
27686	1.3848e+07	31.421	30.2092
27177	1.3848e+07	31.421	30.2092
27336	1.3848e+07	31.668	30.4557
27382	1.3848e+07	31.2585	30.0603
27607	1.3848e+07	31.1285	29.9319
27494	1.3848e+07	31.2325	30.0346
27494	1.3848e+07	31.408	30.1989
26992	1.40006e+07	31.4665	30.2657
26817	1.26768e+07	31.0115	29.8138
26963	1.3739e+07	30.901	29.7265
27024	1.38505e+07	30.7775	29.6084
27363	1.38505e+07	31.109	29.9216
27281	1.38505e+07	30.9725	29.783
27504	1.38505e+07	31.2845	30.0962
27034	1.38505e+07	31.2065	30.0089
27006	1.33867e+07	31.2065	30.0089
27100	1.3846e+07	31.2065	30.0089
26949	1.3846e+07	30.979	29.7984
26966	1.3846e+07	30.849	29.67
26848	1.3771e+07	30.381	29.213
27134	1.3771e+07	31.07	29.8806
26997	1.39217e+07	30.654	29.4749
27463	1.37247e+07	31.122	29.9268
27858	1.38531e+07	31.577	30.3633
26874	1.38531e+07	31.1805	29.9833
27561	1.3108e+07	31.4535	30.2503
27369	1.38544e+07	30.8815	29.6854
27151	1.38544e+07	31.096	29.9011
27187	1.37315e+07	31.174	29.973
26997	1.39434e+07	31.174	29.973
27047	1.33361e+07	30.9075	29.7265
27199	1.37175e+07	30.9075	29.7265
26922	1.37894e+07	31.2585	30.0552
27477	1.37894e+07	30.5695	29.3979
26814	1.37894e+07	30.9335	29.7471
27121	1.37894e+07	31.0505	29.86
27432	1.22754e+07	31.0505	29.86
27432	1.22754e+07	30.9985	29.86
26748	1.38537e+07	31.1805	29.9781
26930	1.38537e+07	30.784	29.5981
26862	1.38537e+07	30.732	29.5981
27285	1.35341e+07	30.732	29.5981
26746	1.38743e+07	31.0895	29.8857
26982	1.38743e+07	30.589	29.4133
20558	1.16337e+07	30.8165	29.6289
17087	1.14351e+07	25.051	24.0729
17478	1.38558e+07	13.7638	18.5733
17182	1.38558e+07	19.643	13.3228
17328	1.38558e+07	19.643	18.7607
17873	1.38558e+07	19.3862	18.5502
18290	1.38558e+07	20.085	19.2357
18798	1.38558e+07	20.5367	19.667
18517	1.38558e+07	21.0177	20.1343
18114	1.38558e+07	21.0177	20.1343
18529	1.38558e+07	20.5497	19.6825
18155	1.38558e+07	20.722	19.8493
18558	1.38558e+07	20.8715	19.9983
18467	1.38558e+07	20.6927	19.8262
18493	1.38558e+07	20.8487	19.9726
18277	1.38558e+07	20.8487	19.9726
18066	1.38558e+07	20.4815	19.6234
18318	1.38558e+07	20.7318	19.8673
18424	1.38558e+07	20.3515	19.5027
18133	1.38558e+07	20.7512	19.8879
18290	1.38558e+07	20.8422	19.9726
18391	1.36886e+07	20.6765	19.816
18835	1.36886e+07	20.9268	20.0599
18319	1.38682e+07	20.8195	19.952
18319	1.38682e+07	21.0795	20.2062
18377	1.38682e+07	20.787	19.9238
18481	1.38682e+07	20.6115	19.762
18039	1.38682e+07	20.9527	20.0856
18589	1.38682e+07	20.553	19.6979
18151	1.38682e+07	20.6602	19.8031
18449	1.38682e+07	20.579	19.7235
18295	1.38682e+07	20.9105	20.0445
18294	1.38682e+07	20.631	19.78
18475	1.34985e+07	20.6863	19.78
18333	1.38263e+07	20.865	20.0008
18235	1.38263e+07	20.7773	19.911
18436	1.38263e+07	20.592	19.7389
18361	1.38263e+07	20.8065	19.9418
18336	1.38263e+07	20.7512	19.9418
18026	1.39173e+07	20.6407	19.7852
18457	1.11818e+07	20.436	19.59
18170	1.36453e+07	20.657	19.8031
18198	1.38491e+07	20.4847	19.6362
18501	1.28128e+07	20.8293	19.9623
18224	1.38263e+07	20.553	19.703
18367	1.38263e+07	20.6505	19.7929
18467	1.38263e+07	20.865	20.0008
18588	1.38263e+07	20.8065	19.9469
18057	1.38263e+07	20.709	19.8493
18260	1.38263e+07	20.7967	19.9392
18064	1.38263e+07	20.5465	19.6953
18411	1.38263e+07	20.9268	20.0599
17829	1.38263e+07	20.3905	19.5489
18623	1.32761e+07	20.7935	19.9366
18169	1.38727e+07	20.3092	19.4719
18169	1.38727e+07	20.969	20.1061
18357	1.38727e+07	20.5075	19.6645
18158	1.38727e+07	20.5075	19.6645
18427	1.38727e+07	20.5855	19.7364
18404	1.38727e+07	20.7253	19.8724
18225	1.38727e+07	20.8032	19.9469
17883	1.38727e+07	20.5303	19.685
18469	1.33996e+07	20.2507	19.418
18616	1.38664e+07	20.839	19.9829
18236	1.38664e+07	20.839	19.9829
18210	1.38664e+07	20.6895	19.8365
18335	1.38664e+07	20.5303	19.6876
18372	1.38664e+07	20.8715	20.0137
18286	1.38664e+07	20.436	19.5977
18160	1.38664e+07	20.9885	20.1241
18323	1.38664e+07	20.4165	19.5823
18325	1.37748e+07	21.06	20.1883
18333	1.37748e+07	20.5562	19.7133
18885	1.38483e+07	20.7318	19.875
18607	1.38483e+07	21.0243	20.1677
18701	1.38483e+07	21.1217	20.255
18630	1.38483e+07	21.1217	20.255
15812	1.38483e+07	21.2355	20.3654
15672	1.38483e+07	19.8738	19.0586
15620	1.38483e+07	17.6507	16.925
15468	1.38483e+07	17.5597	16.8377
15542	1.37715e+07	17.5045	16.7812
13114	1.37715e+07	17.641	16.9147
13055	1.37715e+07	16.7537	16.052
12894	1.38528e+07	14.586	13.9852
13131	1.38528e+07	14.4625	13.8696
13131	1.38528e+07	14.5763	13.9621
13063	1.36957e+07	14.7387	14.1367
11696	1.38605e+07	14.378	13.7849
11741	1.38605e+07	13.039	12.4986
11418	1.38605e+07	13.039	12.4986
11787	1.38605e+07	12.9187	12.3779
11694	1.38605e+07	9.737	12.5653
10610	1.38605e+07	12.766	12.2393
10731	1.38605e+07	12.0835	11.5846
10597	1.38605e+07	11.9132	11.4202
10874	1.38605e+07	11.9132	11.4202
10674	1.38605e+07	12.0042	11.5024
10207	1.38605e+07	12.0042	11.5024
10308	1.38605e+07	11.4998	11.0248
10326	1.38605e+07	11.3828	10.9067
10350	1.35536e+07	11.3828	10.9067
10298	1.37995e+07	11.5037	11.0248
10074	1.30101e+07	11.4166	10.9427
10050	1.37382e+07	11.4166	10.9427
10174	1.20416e+07	11.2567	10.7861
10224	1.12638e+07	11.0552	10.5909
10046	1.3867e+07	11.3477	10.8759
9842	1.3867e+07	11.2593	10.7886
10060	1.3867e+07	11.2593	10.7886
9891	1.3867e+07	10.855	10.4035
9755	1.3867e+07	11.0175	10.5601
9800	1.3867e+07	11.0175	10.5601
9534	1.3867e+07	10.8914	10.4369
9587	1.3867e+07	10.7822	10.3368
9569	1.3867e+07	10.504	10.0646
9654	1.36317e+07	10.5833	7.52072
9654	1.36317e+07	10.5196	10.0882
9517	1.3858e+07	10.5898	10.156
9471	1.3858e+07	10.5898	10.156
9811	1.3858e+07	10.4845	10.0533
9638	1.37496e+07	10.6717	10.233
9492	1.38227e+07	10.6717	10.233
9568	1.29106e+07	10.5794	10.1437
9468	1.38332e+07	10.5157	10.0851
9647	1.38332e+07	10.5157	10.0851
9746	1.38332e+07	10.5976	10.1622
9449	1.38332e+07	10.5976	10.1622
9570	1.38332e+07	10.5976	10.1622
9492	1.38332e+07	10.5976	10.1622
9561	1.37626e+07	10.4702	10.04
9423	1.38482e+07	10.4702	10.04
9622	1.38482e+07	10.4702	10.04
9441	1.3539e+07	10.5521	10.1201
9570	1.34666e+07	10.4507	10.0235
9427	1.3838e+07	10.4507	10.0235
9535	1.34134e+07	10.5209	10.0913
9568	1.38281e+07	10.5209	10.0913
9502	1.38281e+07	10.6184	10.1868
9370	1.38281e+07	10.5534	10.1231
9575	1.38281e+07	10.4416	10.0143
9673	1.38281e+07	10.4416	10.0143
9446	1.38281e+07	10.6054	10.1724
9496	1.38281e+07	10.6054	10.1724
9372	1.38281e+07	10.4468	10.0204
9509	1.38281e+07	10.4468	10.0204
9439	1.38281e+07	10.3428	9.91877
9430	1.38281e+07	10.491	10.0625
9430	1.38281e+07	10.4338	10.0061
9532	1.38281e+07	10.4338	10.0061
9338	1.36021e+07	10.5443	10.1108
9666	1.36021e+07	10.3701	9.9465
9447	1.35255e+07	10.5521	10.1211
9355	1.38218e+07	10.4702	10.042
9614	1.38218e+07	10.4702	10.042
9528	1.38218e+07	10.5872	10.1581
9515	1.38218e+07	10.4702	10.041
9472	1.38218e+07	10.5313	10.0995
9497	1.38218e+07	10.5313	10.0995
9595	1.38218e+07	10.5313	10.0995
9419	1.38218e+07	10.5313	10.0995
9623	1.38218e+07	10.5313	10.0995
9231	1.39118e+07	10.4442	10.0184
9592	1.37858e+07	10.4442	10.0184
9423	1.37858e+07	10.4442	10.0184
9488	1.37858e+07	10.4442	10.0184
9383	1.37858e+07	10.4442	10.0184
9495	1.38879e+07	10.4442	10.0184
9495	1.38879e+07	10.3688	9.94444
9552	1.38054e+07	10.5092	10.079
9385	1.36434e+07	10.5092	10.079
9428	1.38433e+07	10.5092	10.079
9386	1.38433e+07	10.3415	9.91877
9249	1.38433e+07	10.4637	10.0348
9574	1.38433e+07	10.4637	10.0348
3203	1.31425e+07	10.3103	9.88693
469	1.38544e+07	10.1348	9.71439
471	1.38544e+07	1.2493	1.12354
467	1.38544e+07	0	0
467	1.38544e+07	0	0
464	1.38544e+07	0	0
468	8.83716e+06	0	0
