scalerS16b	IPM2C21A	IPM2C24A	
967	1.37908e+07	0	0
1830	1.37908e+07	0	0
1845	1.37908e+07	0.78	0.6162
1831	1.37908e+07	1.95	1.5405
1860	1.37908e+07	3.9	3.081
1815	1.36226e+07	7.8	6.162
1840	1.2894e+07	19.5	15.405
1870	1.38541e+07	26.5655	25.5744
1852	1.37423e+07	26.9425	25.8948
1821	1.38421e+07	17.4239	25.2206
1863	1.38421e+07	17.0352	16.4038
1851	1.37012e+07	17.2016	16.5604
1851	1.37012e+07	17.4018	16.7581
1821	1.37012e+07	17.3095	16.6656
1838	1.38206e+07	17.0599	16.4192
1839	1.38206e+07	17.2835	16.64
1865	1.38206e+07	17.0664	16.432
1854	1.38206e+07	17.3732	16.7273
1658	1.38206e+07	17.3173	16.6708
1601	1.38206e+07	15.7664	15.1637
1618	1.38206e+07	14.404	13.8619
1609	1.38206e+07	14.404	13.9133
1601	1.38206e+07	14.339	13.7977
1488	1.38206e+07	14.4833	13.939
1480	1.37441e+07	13.8541	13.3407
1476	1.3824e+07	12.8999	12.4139
1492	1.25273e+07	12.8999	12.4139
1464	1.34568e+07	12.6841	12.2033
1419	1.34568e+07	12.8921	12.4062
1385	1.33257e+07	12.4384	11.9697
1401	1.38427e+07	11.8053	11.3586
1417	1.38427e+07	11.8053	11.3586
1395	1.38427e+07	11.9964	11.5409
1349	1.38427e+07	11.9314	11.4793
1346	1.37101e+07	11.8274	11.3792
1342	1.33709e+07	11.2905	10.8631
1345	1.27492e+07	11.2905	10.8631
1328	1.25496e+07	11.2021	10.7784
1324	1.48608e+07	11.2021	10.7784
1306	1.38481e+07	11.0539	10.6346
1337	1.38481e+07	10.9759	10.5601
1318	1.34676e+07	10.8342	10.4266
1312	1.3837e+07	11.0656	10.6449
1312	1.3837e+07	10.9317	10.5139
1299	1.3837e+07	10.9317	10.5139
1283	1.3837e+07	10.8316	10.4189
1314	1.3837e+07	10.6106	10.2058
1301	1.35158e+07	10.7835	7.63677
1287	1.38498e+07	10.712	10.2998
1297	1.38498e+07	10.6249	10.2156
1294	1.38498e+07	10.7601	10.346
1293	1.38498e+07	10.6223	10.2135
1298	1.38498e+07	10.7783	10.3655
1291	1.3133e+07	10.5898	10.1837
1275	1.38453e+07	10.8004	10.384
1272	1.36796e+07	10.4312	10.0287
1276	1.34828e+07	10.4312	10.0287
1265	1.32626e+07	10.4312	10.0287
1264	1.3847e+07	10.4312	10.0287
1264	1.3847e+07	10.3597	9.96087
1270	1.3847e+07	10.3597	9.96087
1271	1.36219e+07	10.3597	9.96087
1277	1.32644e+07	10.5235	10.117
1257	1.38377e+07	10.257	9.86125
1254	1.38377e+07	10.3428	9.94341
1279	1.38377e+07	10.413	10.0122
1249	1.38377e+07	10.413	10.0122
1276	1.38377e+07	10.413	10.0122
1250	1.38377e+07	10.1998	9.80682
1267	1.38377e+07	10.4637	10.0615
1263	1.38377e+07	10.335	9.9352
1259	1.38377e+07	10.335	9.9352
1269	1.38377e+07	10.335	9.9352
1268	1.38377e+07	10.4052	10.002
1268	1.38377e+07	10.4052	10.002
1261	1.38377e+07	10.6015	10.193
1279	1.38377e+07	10.2934	9.89514
1267	1.33738e+07	10.4858	10.08
1246	1.38311e+07	10.4234	10.0215
1272	1.38311e+07	10.3376	9.93828
1244	1.38311e+07	10.4247	10.0204
1262	1.38311e+07	10.322	9.92493
1260	1.38311e+07	10.322	9.92493
1258	1.39625e+07	10.4013	9.9999
1266	1.38244e+07	10.4013	9.9999
1269	1.38244e+07	10.5352	10.1283
1261	1.38959e+07	10.2934	9.89514
1266	1.38959e+07	10.3922	9.98963
1251	1.38959e+07	10.2986	9.90028
1253	1.38959e+07	10.2986	9.90028
1260	1.38959e+07	10.2986	9.90028
1266	1.38041e+07	10.2986	9.90028
1252	1.32952e+07	10.4988	10.0954
1268	1.38319e+07	10.4039	10.0009
1257	9.16707e+06	10.4039	10.0009
1245	1.38516e+07	10.3077	9.90952
1257	1.38516e+07	10.3753	9.97422
1270	1.38516e+07	10.3038	9.90541
1257	1.36032e+07	10.3038	9.90541
1273	1.3839e+07	10.4338	10.0307
1262	1.3839e+07	10.4338	10.0307
1263	1.3839e+07	10.4923	10.0882
1262	1.3839e+07	10.3285	9.93109
1263	1.37609e+07	10.4195	10.0163
1258	1.38624e+07	10.4195	10.0163
1258	1.38624e+07	10.4195	10.0163
1261	1.38624e+07	10.2895	9.89104
1258	1.29013e+07	10.3675	9.96601
1258	1.38218e+07	10.3675	9.96601
1268	1.38218e+07	10.2726	9.8746
1325	1.38218e+07	10.2726	9.8746
1578	1.25144e+07	10.6171	10.2094
1598	1.34913e+07	13.8814	13.3469
1585	1.38492e+07	14.0829	13.5472
1583	1.32388e+07	14.0829	13.5472
1664	1.38004e+07	14.2818	13.7413
1829	1.38004e+07	14.1154	13.578
1808	1.38004e+07	16.7908	16.1496
1846	1.37125e+07	16.9468	16.3067
1815	1.37125e+07	16.7752	16.1403
1863	1.3836e+07	16.9052	16.2656
1947	1.32058e+07	17.0027	16.3601
1951	1.37381e+07	18.0024	17.3214
1967	1.33855e+07	18.4327	17.7394
1937	1.38436e+07	18.5172	17.8174
1983	1.34582e+07	18.6368	17.9355
2057	1.20362e+07	18.4418	17.7466
2056	1.17478e+07	19.0541	18.3432
2044	1.28679e+07	19.8263	19.0806
2066	1.38713e+07	19.5091	18.7746
2050	1.28389e+07	19.6235	18.8865
2111	1.3835e+07	19.7288	18.9872
2058	1.35549e+07	19.591	18.8537
2071	1.30639e+07	19.9745	19.2224
2114	1.38816e+07	19.7899	19.0457
2081	1.38816e+07	19.9602	19.2131
2081	1.38816e+07	20.3138	19.552
2113	1.38816e+07	19.994	19.246
2072	1.38816e+07	20.2904	19.5346
2065	1.38816e+07	19.8653	19.1207
2082	1.31095e+07	19.8653	19.1207
2093	1.35674e+07	20.0278	19.2778
2094	1.38449e+07	19.8536	19.1125
2150	1.38449e+07	20.2254	19.4627
2124	1.32648e+07	20.6297	19.854
2108	1.3848e+07	20.3255	19.5613
2153	1.3582e+07	20.6414	19.8663
2083	1.37909e+07	20.3853	19.6208
2084	1.37909e+07	20.3853	19.6208
2071	1.37909e+07	20.0915	19.3292
2148	1.37909e+07	20.228	19.4668
2121	1.37909e+07	20.3775	19.6147
2107	1.39592e+07	20.2956	19.5356
2131	1.34831e+07	20.2956	19.5356
2094	1.38415e+07	20.3827	19.6147
2122	1.38415e+07	20.4984	19.7266
2083	1.38415e+07	20.1006	19.3425
2135	1.37098e+07	20.3164	19.5531
2124	1.37098e+07	20.3164	19.5531
2091	1.3162e+07	20.449	19.6804
2123	1.29336e+07	20.5816	19.8026
2126	1.38372e+07	20.3099	19.5448
2122	1.38372e+07	20.4919	19.7215
2126	1.38372e+07	20.4919	19.7215
2117	1.38372e+07	20.4919	19.7215
2140	1.36584e+07	20.4919	19.7215
2098	1.38469e+07	20.5426	19.7728
2098	1.38469e+07	20.4828	19.7122
2134	1.37535e+07	20.2774	19.5151
2113	1.39525e+07	20.5985	19.8232
2127	1.38682e+07	20.449	19.6814
2142	1.33444e+07	20.5764	19.8026
2121	1.38164e+07	20.3476	19.5849
2141	1.38164e+07	20.5387	19.7708
2115	1.38164e+07	20.475	19.7071
2136	1.38164e+07	20.3996	19.6332
2125	1.38164e+07	20.7337	19.9587
2158	1.38164e+07	20.6362	19.8622
2107	1.38164e+07	20.3632	19.5993
2165	1.38164e+07	20.7844	20.007
2137	1.38164e+07	20.566	19.7821
2105	1.33515e+07	20.566	19.7821
2146	1.34608e+07	20.566	19.7821
2141	1.38513e+07	20.488	19.7215
2111	1.38513e+07	20.6674	19.8889
2126	1.38513e+07	20.4438	19.6763
2127	1.38513e+07	20.644	19.8694
2095	1.15698e+07	20.5556	19.7831
2132	1.37929e+07	20.3333	19.5685
2125	1.37929e+07	20.4399	19.6753
2119	1.37929e+07	20.4399	19.6753
2114	1.37929e+07	20.5777	19.8067
2142	1.37929e+07	20.5777	19.8067
2161	1.387e+07	20.4282	19.6588
2155	1.387e+07	20.8546	20.0789
2184	1.37097e+07	20.9261	20.1415
2184	1.35341e+07	20.9261	20.1415
2153	1.35341e+07	21.1042	20.3212
2153	1.35341e+07	21.1042	20.3212
2174	1.38518e+07	20.8195	20.0368
2153	1.36624e+07	20.956	20.1744
2151	1.37838e+07	20.7155	19.9341
2823	1.38757e+07	20.7155	19.9341
3236	1.38757e+07	26.6695	25.6801
3225	1.38757e+07	33.4906	47.8736
3267	1.38757e+07	50.8462	32.6791
3251	1.38757e+07	33.839	32.597
3293	1.38757e+07	33.93	32.692
3262	1.38757e+07	33.761	32.5302
3264	1.38757e+07	34.372	33.1156
3241	1.38757e+07	34.372	33.1156
3272	1.38757e+07	33.4198	32.2016
3141	1.38757e+07	33.982	32.7459
3184	1.38757e+07	33.3807	32.1708
3169	1.38757e+07	32.9875	31.7908
3188	1.37321e+07	32.7795	31.5828
3210	1.38526e+07	32.9517	31.7446
3141	1.38526e+07	32.8445	31.647
3102	1.38526e+07	33.384	32.1656
3172	1.30789e+07	32.357	31.1746
3105	1.38649e+07	32.0482	30.8819
3121	1.38649e+07	32.682	31.4904
3140	1.38649e+07	32.4383	31.2542
3068	1.38649e+07	32.5065	31.3158
3038	1.38649e+07	32.084	30.9101
3078	1.38649e+07	31.4665	30.3145
3055	1.38649e+07	31.4665	30.3145
3032	1.37643e+07	31.6355	30.4762
3058	1.20505e+07	31.6355	30.4762
3058	1.20505e+07	31.031	29.8908
3055	1.38577e+07	31.4827	30.3273
3037	1.38577e+07	31.2358	30.0937
3031	1.38577e+07	31.5705	30.4172
3039	1.33173e+07	31.0602	29.9293
3041	1.38573e+07	31.343	30.1912
3108	1.38573e+07	31.2682	30.1322
3015	1.35528e+07	31.6355	30.4737
3075	1.38358e+07	31.4827	30.3247
3030	1.38358e+07	31.3398	30.1938
3109	1.38358e+07	31.6225	30.4685
3061	1.38358e+07	31.8142	30.6482
3087	1.38358e+07	31.2227	30.0783
3094	1.38358e+07	31.8988	30.7355
3044	1.38358e+07	31.9508	30.7355
3041	1.38358e+07	31.3137	30.1681
2996	1.38358e+07	30.8067	29.6854
3000	1.38358e+07	31.3495	30.1989
3124	1.34803e+07	31.1155	29.9704
2970	1.34803e+07	31.2	30.0526
2983	1.38879e+07	31.4958	30.3401
2979	1.38879e+07	30.3062	29.1976
2983	1.38879e+07	30.7677	29.6392
3019	1.38879e+07	30.693	29.5648
2949	1.38879e+07	30.5402	29.4287
2991	1.38879e+07	30.719	29.5879
2979	1.38879e+07	30.3387	29.2284
3009	1.38879e+07	30.3387	29.2284
3002	1.38879e+07	30.7645	29.6315
2990	1.38879e+07	30.8945	29.7599
3009	1.38879e+07	30.706	29.5827
3009	1.38879e+07	30.5695	29.4492
2996	1.37195e+07	30.7937	29.6598
2975	1.38728e+07	30.7937	29.6598
3005	1.37909e+07	30.4622	29.344
2980	1.37909e+07	30.8197	29.6854
3005	1.37909e+07	30.615	29.4852
2945	1.37909e+07	30.511	29.3953
2960	1.35258e+07	30.615	29.4903
3001	1.38269e+07	30.368	29.2592
2958	1.38269e+07	30.8067	29.6803
2996	1.36295e+07	30.433	29.3183
2967	1.3851e+07	30.901	29.765
3018	1.35226e+07	30.368	29.2567
3053	1.39034e+07	30.836	29.7034
2913	1.39034e+07	30.6897	29.5648
2986	1.39034e+07	30.927	29.7984
2989	1.38253e+07	30.6215	29.5006
2988	1.38253e+07	30.8393	29.706
2981	1.34487e+07	30.6962	29.5648
2982	1.38462e+07	30.537	29.4184
3017	1.38462e+07	30.693	29.575
2992	1.38462e+07	30.862	29.7316
2996	1.38462e+07	31.0537	29.9191
2989	1.38462e+07	30.5402	29.4158
2997	1.36559e+07	30.9075	29.7779
2990	1.38477e+07	30.8197	29.688
2959	1.37148e+07	30.8197	29.688
3039	1.38654e+07	30.68	29.5519
2979	1.37852e+07	30.4785	29.3671
3011	1.37852e+07	31.1415	30.0012
3014	1.37852e+07	30.693	29.5648
3014	1.37852e+07	30.693	29.5648
2933	1.37852e+07	30.8035	29.6752
3036	1.37852e+07	30.1307	29.0282
3010	1.37852e+07	30.9952	29.8626
2966	1.38563e+07	30.7482	29.6238
2975	1.38563e+07	30.5467	29.4261
4135	1.38563e+07	30.68	29.5545
4205	1.38563e+07	41.5805	40.053
4143	1.38563e+07	44.8923	43.2547
4115	1.38563e+07	43.9692	42.3612
2382	1.13223e+07	43.9108	42.3612
375	1.38572e+07	38.4183	37.126
376	1.38572e+07	0.84825	0.901192
370	1.38572e+07	0	0
372	1.38572e+07	0	0
374	1.36265e+07	0	0
377	1.38508e+07	0	0
376	1.38508e+07	0	0
373	1.38508e+07	0	0
377	1.38508e+07	0	0
376	1.38508e+07	0	0
373	1.38508e+07	0	0
376	1.38508e+07	0	0
373	1.38508e+07	0	0
375	1.38508e+07	0	0
374	1.38508e+07	0	0
376	1.38508e+07	0	0
374	1.3568e+07	0	0
373	1.38395e+07	0	0
374	1.38395e+07	0	0
371	1.38395e+07	0	0
371	1.38395e+07	0	0
375	1.38395e+07	0	0
367	1.38395e+07	0	0
373	1.38395e+07	0	0
377	1.37616e+07	0	0
374	1.38521e+07	0	0
372	1.36057e+07	0	0
371	1.38638e+07	0	0
368	1.38638e+07	0	0
371	1.38638e+07	0	0
373	1.38638e+07	0	0
372	1.34427e+07	0	0
372	1.38529e+07	0	0
368	1.38529e+07	0	0
367	1.38529e+07	0	0
366	1.36979e+07	0	0
362	1.38015e+07	0	0
369	1.38015e+07	0	0
367	1.38015e+07	0	0
370	1.38015e+07	0	0
373	1.38015e+07	0	0
376	1.3671e+07	0	0
372	1.3671e+07	0	0
371	1.37768e+07	0	0
376	1.37768e+07	0	0
371	1.36952e+07	0	0
372	1.3809e+07	0	0
374	1.3809e+07	0	0
374	1.36714e+07	0	0
375	1.14846e+07	0	0
371	1.29552e+07	0	0
371	1.29552e+07	0	0
372	1.36088e+07	0	0
371	1.38496e+07	0	0
374	1.36361e+07	0	0
374	1.37903e+07	0	0
374	1.37903e+07	0	0
371	1.37903e+07	0	0
376	1.37903e+07	0	0
377	1.32471e+07	0	0
376	1.34038e+07	0	0
378	1.38515e+07	0	0
375	1.38515e+07	0	0
374	1.32597e+07	0	0
372	1.38541e+07	0	0
375	1.37548e+07	0	0
373	1.34512e+07	0	0
371	1.38268e+07	0	0
371	1.38268e+07	0	0
372	1.38268e+07	0	0
369	1.34669e+07	0	0
370	1.37779e+07	0	0
371	1.36907e+07	0	0
370	1.3897e+07	0	0
369	1.37291e+07	0	0
371	1.38853e+07	0	0
370	1.38853e+07	0	0
364	1.38853e+07	0	0
371	1.38853e+07	0	0
370	1.27047e+07	0	0
370	1.32125e+07	0	0
371	1.3741e+07	0	0
371	1.3741e+07	0	0
374	1.3741e+07	0	0
370	1.38392e+07	0	0
371	1.36883e+07	0	0
374	1.38499e+07	0	0
374	1.38499e+07	0	0
373	1.32029e+07	0	0
375	1.36662e+07	0	0
375	1.36662e+07	0	0
374	1.38399e+07	0	0
377	1.38399e+07	0	0
379	1.29065e+07	0	0
378	1.2394e+07	0	0
374	1.38594e+07	0	0
375	1.38594e+07	0	0
377	1.38594e+07	0	0
372	1.38594e+07	0	0
370	1.37721e+07	0	0
367	1.37721e+07	0	0
369	1.37721e+07	0	0
369	1.35022e+07	0	0
374	1.38493e+07	0	0
373	1.38493e+07	0	0
375	1.38493e+07	0	0
374	1.38493e+07	0	0
376	1.37328e+07	0	0
377	1.37328e+07	0	0
375	1.36333e+07	0	0
376	1.38318e+07	0	0
379	1.38318e+07	0	0
379	1.38318e+07	0	0
379	1.38318e+07	0	0
380	1.24327e+07	0	0
379	1.32254e+07	0	0
381	1.24215e+07	0	0
380	1.38395e+07	0	0
723	1.38395e+07	0	0
1767	1.38395e+07	0	0
1765	1.30697e+07	1.95	1.5405
1800	1.38602e+07	3.9	3.081
1781	1.38602e+07	7.8	6.162
1780	1.38602e+07	19.5	15.405
1801	1.38602e+07	25.8485	24.8806
1766	1.34349e+07	25.8485	24.8806
1797	1.38691e+07	16.3969	23.5671
1955	1.33512e+07	16.6972	16.0905
3004	1.13383e+07	16.5464	15.939
2956	1.28783e+07	26.0143	25.0537
3457	1.30425e+07	30.6345	29.5288
5918	1.37066e+07	30.7008	29.593
5883	1.38329e+07	50.0799	48.2048
5933	1.36683e+07	97.1035	62.9628
5984	1.3827e+07	104.721	101.082
6018	1.3827e+07	66.144	63.6483
5775	1.20514e+07	67.1515	64.6137
5661	1.37493e+07	65.3185	62.837
5637	1.37493e+07	62.699	60.3311
5645	1.38473e+07	62.6145	60.2438
5665	1.38473e+07	61.9515	59.6122
5691	1.38473e+07	62.2505	59.9049
5537	1.28475e+07	62.4975	60.1308
5537	1.28475e+07	62.8745	60.5057
5717	1.22564e+07	61.5485	59.2168
5627	1.37727e+07	63.1735	60.7727
5570	1.30215e+07	61.7305	59.3914
5622	1.3829e+07	62.0425	59.7046
5654	1.3829e+07	61.8865	59.5557
5684	1.3829e+07	62.0945	59.7509
5637	1.3829e+07	62.8095	60.4544
5628	1.36385e+07	61.75	59.4119
5641	1.38388e+07	62.348	59.9973
5663	1.38388e+07	62.1335	59.7919
5628	1.38388e+07	61.8345	59.5044
5755	1.34535e+07	62.426	60.0744
5593	1.366e+07	62.2375	59.8844
5696	1.32775e+07	62.595	60.2233
5713	1.37083e+07	62.101	59.7765
5725	1.38403e+07	63.128	60.7316
5697	1.29527e+07	62.0425	59.6944
5639	1.37889e+07	62.7965	60.4389
5719	1.33876e+07	63.3815	60.9987
5584	8.15358e+06	62.0295	59.6944
5603	1.27305e+07	62.673	60.3311
5716	1.38267e+07	62.1465	59.8073
5534	1.38267e+07	61.9255	59.5917
5673	1.38267e+07	61.802	59.4684
5585	1.3327e+07	61.217	58.919
5647	1.38511e+07	62.556	60.1925
5632	1.38511e+07	61.451	59.1398
5578	1.38511e+07	62.569	60.2079
5594	1.32886e+07	61.8995	59.5763
5628	1.38367e+07	61.3405	59.0217
5628	1.38367e+07	61.542	59.2322
5557	1.38367e+07	62.3805	60.0281
5646	1.38367e+07	60.801	58.5133
5467	1.38367e+07	61.75	59.4222
5642	1.38367e+07	60.762	58.462
5600	1.3163e+07	61.659	59.3298
5539	1.38199e+07	61.477	59.1706
5653	1.37371e+07	61.1715	58.8625
5616	1.38427e+07	62.01	59.6687
5574	1.38427e+07	61.1195	58.806
5585	1.38427e+07	62.2895	59.9409
5503	1.38427e+07	61.6135	59.2836
5650	1.3329e+07	61.6655	59.3452
5502	1.38e+07	61.3015	58.9909
5657	1.38e+07	61.88	59.5455
5685	1.38e+07	61.36	59.0422
5470	1.38e+07	62.322	59.9563
5679	1.35028e+07	61.5485	59.2271
5583	1.37046e+07	61.6005	59.2271
5620	1.3844e+07	61.6005	59.299
5598	1.37186e+07	61.867	59.5352
5571	1.38358e+07	61.3795	59.0576
5671	1.38358e+07	61.945	59.6071
5643	1.25074e+07	62.257	59.9049
5684	1.38034e+07	62.101	59.7611
5680	1.28398e+07	61.958	59.6173
5686	1.36676e+07	62.2375	59.8998
5610	1.38592e+07	62.842	60.4698
5596	1.37594e+07	62.14	59.8022
5652	1.37594e+07	62.14	59.8022
5628	1.37594e+07	62.3025	59.946
5628	1.37594e+07	61.906	59.5814
5605	1.38405e+07	61.9905	59.6636
5577	1.38405e+07	61.2365	58.9344
5639	1.38405e+07	61.4445	59.1295
5747	1.38405e+07	62.361	60.0127
5692	1.38405e+07	63.128	60.7419
5580	1.38405e+07	62.01	59.6687
5526	1.28721e+07	62.231	59.8895
5660	1.28721e+07	61.1455	58.8317
5629	1.38018e+07	62.0295	59.6841
5687	1.19941e+07	62.153	59.8125
7703	1.38021e+07	62.621	60.2644
8705	1.38021e+07	72.2865	69.5947
8659	1.38021e+07	98.5985	94.9256
8714	1.38021e+07	98.254	94.5867
8818	1.38815e+07	99.6515	95.9321
8709	1.38815e+07	98.9105	95.2132
8681	1.38815e+07	97.968	94.3043
8918	1.38815e+07	99.06	95.3672
8634	1.38815e+07	98.735	95.0386
8756	1.38815e+07	99.8985	96.1683
8791	1.38815e+07	98.2345	94.5456
8712	1.38815e+07	99.762	96.0604
8612	1.38815e+07	97.188	93.5494
8665	1.38815e+07	97.552	93.9089
8589	1.38815e+07	98.228	94.5559
8618	1.38815e+07	97.435	93.7959
8585	1.33768e+07	97.162	93.5443
8461	1.30554e+07	97.162	93.5443
8484	1.3848e+07	95.732	92.1681
8523	1.3848e+07	96.2715	92.6867
8523	1.3848e+07	95.368	91.8087
8507	1.30294e+07	95.4525	91.9011
8402	1.32467e+07	96.1285	92.5224
8466	1.38485e+07	94.276	90.7406
8373	1.38485e+07	95.134	91.5776
8458	1.38485e+07	94.939	91.3773
8390	1.38485e+07	95.7645	92.1835
8447	1.38485e+07	95.3225	91.747
8496	1.38485e+07	94.64	91.1154
8405	1.28341e+07	95.459	91.8857
8367	1.38697e+07	94.302	90.7714
8196	1.38697e+07	94.9715	91.4287
8303	1.38697e+07	94.2305	90.7098
8352	1.38697e+07	93.665	90.1757
8328	1.38697e+07	94.5425	91.0179
8202	1.18405e+07	91.8645	88.4504
8125	5.10232e+06	93.7755	90.2784
8293	1.28878e+07	92.196	88.7739
7994	1.37857e+07	92.3975	88.9485
8346	1.37857e+07	92.3975	88.9485
8331	1.37857e+07	91.9815	88.5428
8430	1.35186e+07	93.47	89.9703
8300	1.38401e+07	93.08	89.6212
8375	1.38401e+07	93.5415	90.0268
8346	1.30917e+07	94.5815	91.059
8345	1.33159e+07	93.4375	89.9652
8185	1.38076e+07	94.341	90.8176
8212	1.38076e+07	94.055	90.5557
8275	1.38076e+07	93.184	89.7033
8218	1.35972e+07	92.8785	89.4209
8179	1.38438e+07	92.6705	89.2052
8179	1.38438e+07	92.768	89.2976
8249	1.33685e+07	91.3185	87.8855
8122	1.38497e+07	93.626	90.1141
8242	1.34465e+07	92.0335	88.5839
8256	1.38431e+07	92.3975	88.9382
7976	1.38431e+07	92.248	88.7944
8196	1.2592e+07	91.7215	88.3271
8139	1.38571e+07	92.105	88.6712
8313	1.38571e+07	92.8135	89.3387
8322	1.38571e+07	92.963	89.4825
8276	1.38571e+07	92.8135	89.3336
8316	1.32889e+07	93.366	89.8779
8463	1.385e+07	94.3475	90.8073
8291	1.385e+07	93.314	89.8266
8187	1.385e+07	95.0885	91.5262
8293	1.32467e+07	92.482	89.0306
8437	1.30691e+07	92.69	89.2258
8217	1.38588e+07	93.3985	89.883
8348	1.38588e+07	92.8785	89.4055
8189	1.38588e+07	94.6855	91.1514
8223	1.38588e+07	91.6955	88.2706
8319	1.38588e+07	93.8535	90.34
8145	1.38588e+07	93.2035	89.7393
8335	1.38588e+07	92.391	88.9433
8208	1.38588e+07	92.3	88.8406
8227	1.38588e+07	92.56	89.1025
8227	1.34709e+07	93.1385	89.652
8302	1.28279e+07	93.1385	89.652
8046	1.38361e+07	92.95	89.4774
8352	1.38361e+07	92.8265	89.3593
8352	1.38361e+07	91.754	88.3425
8352	1.38361e+07	93.5155	90.0217
8024	1.36006e+07	93.3725	89.8933
8318	1.38504e+07	91.936	88.4966
8235	1.38504e+07	93.288	89.7906
8360	1.38504e+07	92.2935	88.8252
8140	1.37726e+07	93.8665	90.376
8293	1.3389e+07	92.5275	89.0512
8199	1.38392e+07	92.846	89.3644
8318	1.38392e+07	94.302	90.7765
8334	1.38392e+07	93.0215	89.539
8412	1.37292e+07	93.4765	89.9703
8257	1.37292e+07	93.847	90.3349
8351	1.35725e+07	92.9435	89.4979
8207	1.38536e+07	94.237	90.72
8290	1.38536e+07	93.0475	89.5749
8371	1.38536e+07	93.262	89.7649
8377	1.36824e+07	93.886	90.376
8144	1.38267e+07	93.5675	90.0679
8470	1.39583e+07	93.0475	89.5749
8193	1.38353e+07	94.1655	90.6327
8124	1.38353e+07	93.418	89.9447
8414	1.38353e+07	92.612	89.1487
8244	1.38353e+07	93.1125	89.6263
8395	1.37281e+07	93.964	90.453
8201	1.38087e+07	93.3205	89.8214
8191	1.38087e+07	93.808	90.2938
8276	1.38087e+07	92.6445	89.1847
8298	1.38087e+07	93.3725	89.8728
8060	1.38811e+07	93.678	90.1757
8343	1.38811e+07	92.6315	89.1898
8176	1.38811e+07	91.819	88.3887
8176	1.38811e+07	92.989	89.5082
8350	1.37903e+07	92.7745	89.2976
8268	1.36949e+07	94.2045	90.6841
8372	8.97765e+06	93.899	90.376
8274	1.38453e+07	93.6	90.0936
8295	1.38453e+07	93.6	90.0936
8445	1.36617e+07	93.7755	90.2528
8259	1.38648e+07	93.7755	90.2528
8252	1.34568e+07	93.1645	89.6828
8416	1.18333e+07	93.4765	89.9909
6605	1.38419e+07	94.224	90.6892
376	1.38419e+07	90.5255	87.1461
375	1.38419e+07	10.855	10.5678
380	1.38419e+07	0	0
379	1.38419e+07	0	0
382	1.38419e+07	0	0
380	1.38419e+07	0	0
385	1.38419e+07	0	0
385	1.39113e+07	0	0
381	1.37312e+07	0	0
378	1.38606e+07	0	0
380	1.38606e+07	0	0
383	1.38606e+07	0	0
384	1.11872e+07	0	0
383	1.38419e+07	0	0
381	1.38419e+07	0	0
380	1.38419e+07	0	0
381	1.38419e+07	0	0
386	1.37113e+07	0	0
382	1.36147e+07	0	0
387	1.38575e+07	0	0
387	1.38575e+07	0	0
387	1.36245e+07	0	0
386	1.38481e+07	0	0
