220	1.39112e+07	0	0
221	1.39112e+07	0	0
218	1.39112e+07	0	0
226	1.39112e+07	0	0
221	1.3716e+07	0	0
222	1.38746e+07	0	0
221	1.38746e+07	0	0
225	1.07311e+07	0	0
225	1.38331e+07	0	0
225	1.39073e+07	0	0
229	1.37461e+07	0	0
227	1.38272e+07	0	0
229	1.2785e+07	0	0
227	1.38911e+07	0	0
226	1.38911e+07	0	0
224	1.38911e+07	0	0
228	1.38911e+07	0	0
228	1.38911e+07	0	0
224	1.36082e+07	0	0
228	1.39146e+07	0	0
230	1.39146e+07	0	0
232	1.39146e+07	0	0
229	1.39146e+07	0	0
303	1.39146e+07	0	0
384	1.39146e+07	0.78	0.6162
381	1.39146e+07	1.95	1.5405
377	1.3645e+07	3.9	3.081
375	1.2139e+07	6.67394	5.73323
378	1.38971e+07	7.13505	6.78719
373	1.38971e+07	4.52335	6.61593
380	1.38971e+07	4.3888	4.18862
379	1.38971e+07	4.52238	4.31443
380	1.38971e+07	4.52238	4.31443
377	1.38971e+07	4.52238	4.31443
380	1.35748e+07	4.37937	4.1763
383	1.39058e+07	4.56203	4.35191
386	1.39058e+07	4.56203	4.35191
384	1.39058e+07	4.66472	4.4505
386	1.39058e+07	4.66472	4.4505
390	1.37972e+07	4.66472	4.4505
393	1.39144e+07	4.86167	4.64409
392	1.39144e+07	5.00695	4.78171
401	1.39144e+07	5.00695	4.78171
412	1.32179e+07	5.00695	4.78171
414	1.28578e+07	5.3196	5.08108
423	1.39038e+07	5.48567	5.24129
413	1.37737e+07	5.63713	5.38559
415	1.38986e+07	5.63713	5.38559
415	1.38986e+07	5.5328	5.28751
416	1.35516e+07	5.5328	5.28751
412	1.39016e+07	5.47983	5.23719
420	1.39016e+07	5.3547	5.116
417	1.37761e+07	5.56238	5.31575
418	1.30016e+07	5.4288	5.18686
414	1.37556e+07	5.4288	5.18686
419	1.38578e+07	5.4288	5.18686
417	1.38578e+07	5.49965	5.25413
419	1.38578e+07	5.49965	5.25413
411	1.36311e+07	5.43335	5.19148
410	1.38745e+07	5.33357	5.09546
416	1.38745e+07	5.38492	5.14578
420	1.36144e+07	5.54645	5.29881
415	1.39243e+07	5.54645	5.29881
415	1.39243e+07	5.54645	5.29881
414	1.39243e+07	5.54645	5.29881
413	1.38116e+07	5.54645	5.29881
408	1.3909e+07	5.43465	5.19148
415	1.37623e+07	5.43465	5.19148
414	1.39012e+07	5.54645	5.29932
410	1.39012e+07	5.43237	5.1884
409	1.39012e+07	5.32253	5.08622
409	1.34683e+07	5.32253	5.08622
410	1.33153e+07	5.25395	5.01844
417	1.3882e+07	5.25395	5.01844
417	1.3882e+07	5.44895	5.20381
234	1.36428e+07	5.44895	5.20381
230	1.39111e+07	1.35135	1.28991
225	1.39111e+07	0	0
228	1.37585e+07	0	0
228	1.37585e+07	0	0
226	1.39008e+07	0	0
231	1.39008e+07	0	0
230	1.36983e+07	0	0
229	1.3574e+07	0	0
231	1.3912e+07	0	0
230	1.34834e+07	0	0
231	1.39098e+07	0	0
227	1.39098e+07	0	0
230	1.39098e+07	0	0
232	1.3552e+07	0	0
236	1.39219e+07	0	0
240	1.39219e+07	0	0
239	1.39219e+07	0	0
238	1.39219e+07	0	0
241	1.39219e+07	0	0
238	1.03507e+07	0	0
239	1.37932e+07	0	0
363	1.37932e+07	0	0
432	1.39127e+07	0.78	0.6162
430	1.31484e+07	1.95	1.5405
432	1.31484e+07	3.9	3.081
434	1.38916e+07	7.48319	6.162
431	1.38916e+07	9.4471	9.0489
432	1.32255e+07	9.0259	8.63091
422	1.3892e+07	5.72975	5.47442
421	1.3892e+07	5.6017	5.35272
423	1.3892e+07	5.5224	5.27673
423	1.3892e+07	5.61925	5.36864
425	1.3892e+07	5.61925	5.36864
427	1.3892e+07	5.69855	5.44567
427	1.3892e+07	5.6017	5.35118
417	1.3801e+07	5.6017	5.35118
416	1.37307e+07	5.4678	5.22384
422	1.39085e+07	5.4678	5.22384
421	1.36581e+07	5.53215	5.28494
415	1.33985e+07	5.53215	5.28494
415	1.37905e+07	5.36965	5.12986
423	1.37905e+07	5.45025	5.20586
417	1.37905e+07	5.59715	5.34708
416	1.36067e+07	5.5211	5.27364
418	1.3906e+07	5.4041	5.16324
416	1.27944e+07	5.4574	5.16324
418	1.27944e+07	5.40475	5.16324
420	1.38042e+07	5.40475	5.16324
426	1.39044e+07	5.4847	5.23873
426	1.2228e+07	5.57635	5.32808
415	1.39023e+07	5.57635	5.32808
414	1.39023e+07	5.41255	5.17146
419	1.39023e+07	5.32025	5.08262
415	1.39023e+07	5.38785	5.14732
412	1.39023e+07	5.30595	5.06722
416	1.39023e+07	5.30595	5.06722
420	1.39023e+07	5.41125	5.1694
419	1.39023e+07	5.51525	5.26902
424	1.39023e+07	5.51525	5.26902
416	1.39023e+07	5.51525	5.26902
416	1.39023e+07	5.51525	5.26902
416	1.39023e+07	5.395	5.15349
420	1.39023e+07	5.395	5.15349
420	1.37987e+07	5.55555	5.30702
415	1.33693e+07	5.55555	5.30702
415	1.33693e+07	5.55555	5.30702
410	1.12415e+07	5.4574	5.21408
412	1.35374e+07	5.32935	5.08878
419	1.36983e+07	5.43985	5.19611
417	1.37964e+07	5.43985	5.19611
416	1.39117e+07	5.43985	5.19611
415	1.39117e+07	5.3872	5.14578
416	1.39117e+07	5.4834	5.2377
423	1.39117e+07	5.356	5.116
420	1.39117e+07	5.43595	5.19508
418	1.33382e+07	5.34625	5.10368
422	1.38021e+07	5.34625	5.10368
423	1.39151e+07	5.5237	5.27827
423	1.38227e+07	5.4288	5.18584
419	1.38227e+07	5.4288	5.18584
418	1.32231e+07	5.4288	5.18584
428	1.39469e+07	5.5224	5.27621
421	1.39469e+07	5.5224	5.27621
423	1.39469e+07	5.3781	5.13911
422	1.39469e+07	5.3781	5.13911
421	1.39469e+07	5.3781	5.13911
422	1.39469e+07	5.3781	5.13911
420	1.38583e+07	5.5107	5.26389
419	1.36012e+07	5.43855	5.19508
427	1.39048e+07	5.43855	5.19508
425	1.39048e+07	5.56985	5.32191
424	1.39048e+07	5.56985	5.32191
425	1.39048e+07	5.56985	5.32191
423	1.39048e+07	5.64655	5.39637
430	1.39048e+07	5.5549	5.306
431	1.39048e+07	5.6303	5.37891
431	1.39048e+07	5.7291	5.47442
427	1.36487e+07	5.59065	5.34245
422	1.39251e+07	5.53085	5.28289
420	1.39251e+07	5.4587	5.21408
416	1.39251e+07	5.3443	5.10419
424	1.37333e+07	5.4028	5.16119
424	1.38771e+07	5.58415	5.33578
417	1.38771e+07	5.53085	5.28289
423	1.38771e+07	5.53085	5.28289
423	1.33651e+07	5.4769	5.23205
420	1.38968e+07	5.4769	5.23205
417	1.38968e+07	5.42425	5.23205
415	1.38968e+07	5.42425	5.23205
418	1.38968e+07	5.42425	5.23205
415	1.38968e+07	5.52045	5.23205
410	1.38968e+07	5.4535	5.23205
409	1.38968e+07	5.36445	5.12422
409	1.38968e+07	5.36445	5.12422
412	1.38968e+07	5.36445	5.12422
423	1.38968e+07	5.53865	5.29059
437	1.38968e+07	5.77915	5.52321
460	1.38968e+07	6.17695	5.90782
457	1.38968e+07	6.62155	6.33094
458	1.38968e+07	6.73465	6.44186
459	1.38968e+07	6.82305	6.52453
460	1.38968e+07	6.82305	6.52453
461	1.35995e+07	6.82305	6.52453
499	1.39119e+07	6.82305	6.52453
533	1.39119e+07	7.7519	7.41648
562	1.39119e+07	8.4396	8.0753
580	1.39119e+07	9.77795	9.36419
580	1.39119e+07	10.3019	9.86279
584	1.39119e+07	10.4806	10.041
585	1.39119e+07	10.3461	9.91055
596	1.39119e+07	10.5313	10.0872
592	1.39119e+07	10.7081	10.2577
590	1.39119e+07	10.7081	10.2577
599	1.39119e+07	10.5963	10.1498
598	1.34019e+07	10.7685	10.3172
605	1.38683e+07	10.7185	10.3172
591	1.3043e+07	10.7842	10.3172
594	1.39111e+07	10.6502	10.2012
596	1.20273e+07	10.5709	10.1267
596	1.39103e+07	10.6743	10.2248
589	1.39103e+07	10.5982	10.1539
593	1.39103e+07	10.5463	10.1021
591	1.39103e+07	10.4923	10.0497
601	1.39103e+07	10.5703	10.1257
590	1.39103e+07	10.7926	10.3383
587	1.39103e+07	10.6372	10.1909
602	1.39103e+07	10.5196	10.0764
595	1.39103e+07	10.7647	10.3136
593	1.39103e+07	10.5956	10.1498
595	1.39103e+07	10.5956	10.1498
585	1.39103e+07	10.66	10.2125
600	1.39103e+07	10.3012	9.86844
602	1.36378e+07	10.7172	10.2669
600	1.38995e+07	10.9142	10.4564
593	1.38995e+07	10.7822	10.3301
598	1.38995e+07	10.7822	10.3301
598	1.38995e+07	10.7081	10.2582
598	1.38995e+07	10.7081	10.2582
598	1.38995e+07	10.8075	10.3527
591	1.36965e+07	10.6242	10.1776
602	1.39107e+07	10.7529	10.3013
595	1.39107e+07	10.8284	10.3748
597	1.39107e+07	10.5631	10.1195
589	1.39107e+07	10.4812	10.0405
595	1.39107e+07	10.4812	10.0405
602	1.39107e+07	10.7451	10.2926
595	1.35457e+07	10.5105	10.0687
597	1.38633e+07	10.5105	10.0687
608	1.38633e+07	10.606	10.1591
592	1.38633e+07	10.7848	10.3321
591	1.37459e+07	10.5417	10.1011
595	1.37459e+07	10.4494	10.0081
590	1.38943e+07	10.6015	10.1555
599	1.37094e+07	10.6015	10.1555
597	1.39087e+07	10.6015	10.1555
603	1.39087e+07	10.5391	10.0964
598	1.39087e+07	10.7854	10.3362
599	1.39087e+07	10.6444	10.1961
600	1.39087e+07	10.6444	10.2525
589	1.37423e+07	10.6444	10.2525
587	1.38684e+07	10.5358	10.0923
597	1.38684e+07	10.5358	10.0923
601	1.38684e+07	10.7211	10.2715
603	1.27976e+07	10.608	10.1622
598	1.39244e+07	10.8504	10.3948
604	1.39244e+07	10.7542	10.3054
591	1.39244e+07	10.9369	10.4754
595	1.38201e+07	10.5417	10.0975
595	1.38201e+07	10.5996	10.1539
597	1.39004e+07	10.9044	10.4508
599	1.39004e+07	10.7464	10.2962
601	1.39004e+07	10.7464	10.2962
614	1.39004e+07	11.0162	10.5529
599	1.39004e+07	11.0162	10.5529
601	1.39004e+07	10.8284	10.3727
606	1.39004e+07	10.7237	10.2731
605	1.39004e+07	10.9142	10.4564
601	1.39004e+07	10.9707	10.5093
596	1.39004e+07	10.8199	10.366
600	1.39004e+07	10.8199	10.366
635	1.39004e+07	10.9668	10.5098
780	1.39004e+07	13.0644	12.515
842	1.39004e+07	16.7479	24.5699
876	1.39004e+07	28.106	17.5607
858	1.39004e+07	18.4938	17.7301
906	1.39004e+07	18.3183	17.5668
952	1.39004e+07	19.9732	19.1114
1034	1.31741e+07	21.1484	20.2843
1095	1.39117e+07	23.0152	22.0815
1160	1.39117e+07	25.3357	24.3153
1242	1.39117e+07	27.0517	25.9615
1211	1.38152e+07	29.2357	41.5576
1151	1.38152e+07	28.4375	27.331
1160	1.38866e+07	27.0686	25.9882
1126	1.38866e+07	26.9828	25.8958
1094	1.38866e+07	26.2262	25.1743
1094	1.37922e+07	25.4462	24.4375
1104	1.34205e+07	25.0432	24.0498
1123	1.36512e+07	25.519	24.5094
1123	1.36512e+07	25.779	24.7661
1107	1.39105e+07	25.8414	24.82
1106	1.39105e+07	25.3175	24.3168
1118	1.39105e+07	25.7816	24.7584
1143	1.39105e+07	26.754	25.6904
1124	1.39105e+07	26.4186	25.3695
1140	1.39105e+07	26.1924	25.1564
1135	1.39105e+07	26.5681	25.5184
1134	1.39105e+07	26.2405	25.2
1133	1.25534e+07	26.3393	25.295
1147	1.38786e+07	26.3393	25.295
1148	1.38786e+07	26.4199	25.372
1141	1.38786e+07	26.9555	25.8881
1138	1.37153e+07	26.5668	25.5081
1130	1.38369e+07	26.5083	25.5081
1159	1.39079e+07	26.2496	25.2077
1164	1.29828e+07	27.1895	26.1115
1136	1.33812e+07	26.9542	25.8881
1149	1.38711e+07	26.1092	25.0742
1166	1.39568e+07	26.8749	25.8085
1152	1.39568e+07	27.2467	26.168
1127	1.39568e+07	26.7956	25.7392
1136	1.38006e+07	26.2535	25.1949
1145	1.39123e+07	26.2535	25.1949
1146	1.39123e+07	26.6201	25.5697
1136	1.39123e+07	26.8723	25.8136
1119	1.39123e+07	26.3653	25.3233
1129	1.39123e+07	26.0247	24.9972
1141	1.37712e+07	26.0247	24.9972
1128	1.39093e+07	26.1222	25.0845
1139	1.39093e+07	26.2275	25.1872
1139	1.39093e+07	26.3341	25.2924
1136	1.37335e+07	26.5993	25.5466
1150	1.39058e+07	26.3302	25.2796
1148	1.35914e+07	26.8294	25.7597
1162	1.39034e+07	26.6786	25.6185
1149	1.33944e+07	26.6266	25.6185
1145	1.39148e+07	26.8177	25.7546
1147	1.39148e+07	26.6461	25.5851
1152	1.39148e+07	26.6461	25.5851
1146	1.39148e+07	26.8242	25.7597
1147	1.39148e+07	26.6773	25.6159
1147	1.39148e+07	26.7839	25.7186
1127	1.39148e+07	26.3081	25.2745
1124	1.39148e+07	26.416	25.3797
1152	1.33707e+07	26.2886	25.2308
1127	1.38975e+07	26.7358	25.693
1133	1.38215e+07	25.9532	24.9253
1150	1.39088e+07	26.5044	25.4491
1123	1.39088e+07	26.8658	25.8008
1124	1.39088e+07	25.9649	24.933
1163	1.35085e+07	26.1248	25.0845
1140	1.30742e+07	27.1908	26.1063
1123	1.3897e+07	26.5304	25.4799
1120	1.3897e+07	25.9753	24.9458
1125	1.3897e+07	25.6984	24.6788
1144	1.3897e+07	26.1118	25.0665
1127	1.3897e+07	26.5941	25.5415
1142	1.3897e+07	26.3835	25.3387
1120	1.37681e+07	26.8814	25.8188
1146	1.3237e+07	26.1989	25.1589
1125	1.39143e+07	26.8528	25.788
1125	1.39143e+07	26.0897	25.0537
1113	1.39143e+07	26.0897	25.0537
1135	1.39143e+07	26.5109	25.4619
1145	1.39143e+07	26.702	25.6391
1143	1.39143e+07	26.4498	25.4003
1130	1.37863e+07	26.637	25.58
1127	1.3595e+07	26.2717	25.2283
1144	1.39116e+07	26.5278	25.4696
1161	1.39116e+07	26.819	25.752
1125	1.39116e+07	26.9529	25.8881
1135	1.39116e+07	25.9467	24.9125
1131	1.36424e+07	26.5694	25.5132
1152	1.39119e+07	26.2743	25.2308
1156	1.39119e+07	26.9997	25.9292
1159	1.39119e+07	26.9997	25.9292
1192	1.39119e+07	27.0517	25.9831
1248	1.31282e+07	28.8405	27.7008
1319	1.3902e+07	29.5386	28.3632
1448	1.3902e+07	32.5949	31.2978
1439	1.3902e+07	52.6338	34.3403
1612	1.3902e+07	35.8247	34.4096
1628	1.3902e+07	40.2902	38.7205
1807	1.32278e+07	41.184	39.56
1971	1.37356e+07	45.6917	43.8965
2044	1.39144e+07	50.9632	48.9751
2078	1.39144e+07	52.9263	50.8493
2025	1.38145e+07	54.2977	52.169
2086	1.36786e+07	52.6565	50.5952
2064	1.34511e+07	53.7453	51.6478
1994	1.39117e+07	53.5535	51.4604
2004	1.39117e+07	52.8905	50.798
2004	1.39117e+07	51.8472	49.8121
2026	1.39117e+07	52.2925	50.2485
2040	1.39117e+07	52.728	50.667
2074	1.33669e+07	53.9142	51.807
2067	1.39068e+07	54.1905	52.0689
2046	1.39068e+07	52.3055	50.2614
2011	1.39068e+07	52.6987	50.6362
2034	1.39068e+07	53.365	51.2755
2018	1.39068e+07	52.481	50.4257
673	1.39068e+07	43.9172	42.0967
220	1.39068e+07	0	0
218	1.39068e+07	0	0
219	1.39068e+07	0	0
217	1.39068e+07	0	0
218	1.39068e+07	0	0
217	1.39068e+07	0	0
218	1.39068e+07	0	0
224	1.39068e+07	0	0
220	1.3732e+07	0	0
218	1.38353e+07	0	0
219	1.38353e+07	0	0
1987	1.39314e+07	0	0.779544
2262	1.39314e+07	1.95	3.081
2229	1.39314e+07	3.9	6.162
2268	1.39314e+07	7.8	15.405
2276	1.37744e+07	19.5	30.81
2254	1.39203e+07	39	61.62
2259	1.39203e+07	76.0474	84.938
2323	1.39203e+07	88.192	91.1411
2281	1.39203e+07	94.8935	58.1795
2247	1.39203e+07	60.8075	58.236
2247	1.39203e+07	59.5205	56.9985
2254	1.39203e+07	59.28	56.7623
2213	1.37805e+07	58.669	56.182
2213	1.38988e+07	58.006	55.5556
2206	1.38988e+07	58.695	56.2128
2232	1.3318e+07	58.1685	55.7045
2187	1.36665e+07	58.058	55.612
2203	1.36665e+07	57.668	55.2167
2243	1.3743e+07	59.293	56.788
2253	1.38493e+07	58.6365	56.1512
2194	1.38493e+07	59.4165	56.9009
2183	1.38493e+07	56.9335	54.5234
2201	1.38493e+07	58.1295	55.6583
2199	1.38493e+07	57.304	54.888
2183	1.38493e+07	57.486	55.0421
2186	1.38493e+07	57.941	55.4785
2196	1.38493e+07	57.525	55.0831
2184	1.38493e+07	57.447	55.0164
2179	1.38493e+07	57.122	54.7083
2161	1.38493e+07	56.9075	54.508
2252	1.38493e+07	57.0505	54.6415
2148	1.32772e+07	58.903	56.408
2141	1.37669e+07	56.706	54.3026
2171	1.26806e+07	56.108	53.7378
2164	1.3909e+07	57.46	55.0318
2161	1.35697e+07	56.7255	54.318
2083	1.39595e+07	57.4535	55.0215
2042	1.39595e+07	54.678	52.3616
2034	1.39595e+07	53.638	51.3654
2063	1.39595e+07	53.638	51.0419
2063	1.39595e+07	53.716	51.4322
2063	1.39595e+07	54.327	52.0175
1990	1.39595e+07	52.3055	50.0765
2017	1.39595e+07	52.156	49.9379
1999	1.39595e+07	52.611	50.3795
1997	1.39595e+07	51.8375	49.6349
2024	1.33128e+07	52.9295	50.6824
2045	1.3771e+07	53.3	51.0368
2035	1.39033e+07	53.3715	51.0984
2001	1.36173e+07	52.1885	49.9687
2065	1.36173e+07	52.8255	50.5797
2037	1.23657e+07	54.1515	51.8532
1996	1.39133e+07	52.975	50.7235
2005	1.30901e+07	52.2925	50.0662
2044	1.35471e+07	52.6305	50.3949
2047	1.38969e+07	53.6315	51.3603
2007	1.38969e+07	52.8385	50.5952
2073	1.38969e+07	52.9165	50.6722
2062	1.38969e+07	54.1645	51.8686
2036	1.38969e+07	53.9435	51.6478
2075	1.38969e+07	53.027	50.78
2063	1.38969e+07	54.223	51.92
2038	1.38969e+07	53.69	51.4116
2084	1.38969e+07	53.6315	51.35
2006	1.38969e+07	54.626	52.3051
2083	1.38969e+07	52.3965	50.1741
2017	1.38969e+07	54.0995	51.8121
2059	1.38969e+07	53.17	50.9135
2046	1.38969e+07	53.82	51.5349
2074	1.38969e+07	53.482	51.2062
2075	1.38969e+07	53.872	51.5913
2035	1.38969e+07	54.2295	51.9251
2035	1.38969e+07	53.56	51.2935
2072	1.38969e+07	54.093	51.7916
2076	1.38969e+07	54.093	51.7916
2034	1.38969e+07	53.5405	51.2627
2055	1.38969e+07	53.2545	50.9957
2023	1.38969e+07	53.3975	51.1292
2018	1.38969e+07	53.0205	50.7595
2087	1.38969e+07	53.742	51.463
2084	1.37372e+07	54.99	52.6646
2054	1.34763e+07	54.5935	52.2743
2040	1.39051e+07	53.443	51.1703
1988	1.39051e+07	52.8775	50.6362
2042	1.34611e+07	52.546	50.3127
2039	1.39146e+07	53.7225	51.4373
2073	1.39146e+07	53.794	51.5143
2060	1.39146e+07	54.2035	51.9097
2029	1.39146e+07	53.7355	51.4527
2030	1.39146e+07	53.7355	51.4527
2033	1.39146e+07	53.092	50.8416
2018	1.39146e+07	53.209	50.9443
2065	1.39146e+07	52.741	50.5079
2068	1.39146e+07	54.5155	52.2024
2028	1.39146e+07	54.093	51.7967
2084	1.39146e+07	53.3455	51.0881
2061	1.39146e+07	54.613	52.2948
2032	1.39146e+07	53.781	51.4989
2065	1.39146e+07	53.183	50.9187
2004	1.39146e+07	53.7355	51.4527
2048	1.39146e+07	52.351	50.1433
2023	1.39146e+07	53.573	51.2986
2054	1.39146e+07	53.209	50.9546
2054	1.39146e+07	53.586	51.3089
2056	1.36384e+07	53.8915	51.6067
2054	1.39115e+07	53.5665	51.2935
2036	1.39115e+07	53.5665	51.2935
2018	1.34054e+07	52.4355	50.21
2037	1.38896e+07	53.118	50.857
2056	1.38896e+07	54.171	51.8789
2053	1.38896e+07	53.56	51.2832
2085	1.38896e+07	54.2945	51.9919
2111	1.38896e+07	54.7495	52.4335
2095	1.38896e+07	55.445	53.0908
2055	1.38896e+07	54.6715	52.3462
2066	1.38896e+07	53.43	51.1651
2069	1.36345e+07	53.9435	51.653
2019	1.39061e+07	53.9435	51.653
2055	1.39061e+07	53.1245	50.857
2031	1.376e+07	53.7615	51.4835
2066	1.38868e+07	53.3715	51.1138
2065	1.38868e+07	54.34	52.0381
2003	1.37468e+07	53.417	51.1446
1997	1.39078e+07	52.4485	50.2254
2053	1.39078e+07	52.8775	50.6414
2056	1.39078e+07	53.7355	51.4578
2056	1.39078e+07	53.898	51.6119
2036	1.39078e+07	53.482	51.2165
2061	1.34225e+07	53.2935	51.0316
2039	1.39003e+07	53.703	51.427
2044	1.39003e+07	53.911	51.6324
2242	1.39003e+07	52.9945	50.7492
2439	1.39003e+07	57.5055	55.0267
2452	1.36033e+07	64.8115	62.0667
2452	1.36033e+07	64.4735	61.733
2670	1.3915e+07	70.681	67.705
2899	1.3915e+07	76.0045	72.8143
3070	1.3915e+07	81.4385	78.0161
3132	1.3915e+07	85.6115	82.0316
3142	1.3915e+07	84.864	81.3025
3110	1.3915e+07	86.8205	83.1665
3111	1.3915e+07	84.8965	83.1665
3141	1.3915e+07	84.409	80.8711
3156	1.3915e+07	85.7935	82.2011
3119	1.3915e+07	86.5605	82.9302
3156	1.3915e+07	84.63	81.0714
3148	1.3915e+07	85.969	82.3757
3133	1.3915e+07	84.695	81.1433
3168	1.3915e+07	86.8855	83.2486
3098	1.3915e+07	86.3005	82.6838
3111	1.35068e+07	86.3005	82.6838
3090	1.36616e+07	84.6235	81.0714
3086	1.3908e+07	84.188	80.6657
3082	1.3908e+07	84.188	80.7633
3058	1.36115e+07	84.4675	80.9276
3106	1.39082e+07	83.8045	80.2909
3112	1.30313e+07	84.5	80.9481
3118	1.39065e+07	85.4295	81.8519
3060	1.39065e+07	85.176	81.6157
3028	1.39065e+07	83.8435	80.3217
3085	1.39065e+07	83.0375	79.5617
3118	1.39065e+07	84.2855	80.7325
3067	1.36946e+07	85.0395	81.4719
3028	1.39022e+07	84.5	80.9584
3028	1.39022e+07	82.212	78.7606
3045	1.39022e+07	83.2065	79.7106
3089	1.39022e+07	84.1555	80.64
3078	1.39022e+07	83.161	80.64
3033	1.39022e+07	83.161	80.64
3060	1.39022e+07	83.1935	78.812
3104	1.37261e+07	84.162	80.4963
3098	1.39017e+07	84.461	80.789
3133	1.39017e+07	85.007	81.2819
3090	1.39017e+07	85.7545	82.1035
3138	1.35138e+07	85.2475	81.4103
3128	1.39178e+07	85.5075	82.1651
3057	1.39178e+07	83.642	81.5181
3057	1.34414e+07	83.1415	79.649
3032	1.28659e+07	83.798	80.2395
3069	1.38966e+07	83.59	79.3203
3056	1.38966e+07	83.239	80.2755
3043	1.38966e+07	83.1675	80.2087
3079	1.38966e+07	83.0635	79.0585
3083	1.38966e+07	84.8315	80.183
3111	1.38966e+07	83.6095	81.2973
3092	1.38966e+07	85.514	80.4809
3093	1.38966e+07	84.4415	81.2152
3109	1.38966e+07	84.4415	80.8249
3076	1.38966e+07	85.2995	81.3692
3097	1.31905e+07	83.967	81.5695
3131	1.24383e+07	84.136	80.3525
3098	1.39238e+07	85.4945	81.4514
3081	1.39238e+07	84.7925	80.9071
3085	1.39238e+07	84.8705	81.7287
3091	1.38074e+07	83.772	80.0238
3091	1.38074e+07	84.8705	81.2254
3086	1.39069e+07	85.15	82.1857
3086	1.37076e+07	84.045	80.8506
3083	1.38667e+07	84.279	80.1984
3085	1.38667e+07	84.3765	81.0508
3094	1.38667e+07	84.5065	80.4552
3107	1.38667e+07	84.5065	81.2562
3074	1.38667e+07	84.2205	80.9071
3089	1.37129e+07	84.2205	80.6041
3055	1.39449e+07	82.8295	80.2036
2987	1.39449e+07	82.303	79.5155
3007	1.39449e+07	81.6855	78.2523
3065	1.37265e+07	82.745	78.5398
3014	1.34073e+07	83.1675	79.6695
3091	1.35485e+07	82.0235	78.4885
3095	1.39092e+07	85.1175	80.1419
3048	1.37192e+07	83.5315	81.1279
3124	1.36199e+07	83.5315	80.0033
3177	1.39097e+07	85.722	81.0303
3037	1.37094e+07	85.878	82.314
3081	1.37094e+07	82.6995	80.4911
3067	1.28724e+07	84.0905	79.8287
3095	1.32711e+07	83.863	81.0508
3056	1.39548e+07	84.162	80.0649
3069	1.39548e+07	84.162	80.8146
3032	1.3806e+07	83.2325	79.9674
3098	1.39022e+07	82.9595	79.3614
3059	1.36435e+07	84.1685	80.1111
3036	1.32908e+07	84.396	81.2511
3095	1.31198e+07	81.8805	78.699
3095	1.31198e+07	84.1685	80.1265
3010	1.39225e+07	82.758	79.9725
3108	1.39225e+07	83.5575	79.1458
3067	1.39225e+07	84.5325	80.8249
3000	1.39225e+07	82.4525	80.3114
3055	1.3706e+07	82.1405	78.0366
3032	1.1739e+07	82.1405	80.0752
3075	1.38977e+07	83.733	79.269
3083	1.38977e+07	84.9875	80.1419
3034	1.38977e+07	84.9875	81.0662
3094	1.38977e+07	83.2845	79.3101
3000	1.38977e+07	83.4405	80.3371
3081	1.38977e+07	82.2445	78.8787
3077	1.38977e+07	84.1945	80.3268
3035	1.38977e+07	83.5055	80.3268
2956	1.38977e+07	81.9	79.3717
3040	1.38977e+07	81.341	77.2715
3015	1.38977e+07	82.693	79.3717
3062	1.38977e+07	82.693	78.8171
3109	1.38977e+07	82.5175	79.4744
3069	1.37938e+07	84.773	81.3025
3028	1.35773e+07	84.773	80.1419
3054	1.38904e+07	83.8175	80.0238
3071	1.38129e+07	83.1285	79.839
3111	1.39151e+07	83.486	80.5168
3087	1.39151e+07	85.033	81.1176
3071	1.38015e+07	84.1815	81.4565
3062	1.38952e+07	83.642	79.9314
3048	1.38952e+07	83.291	79.8338
3083	1.38952e+07	83.291	79.8338
3044	1.38952e+07	84.214	80.2755
3044	1.38952e+07	83.2845	79.5411
3061	1.38952e+07	82.8815	79.9417
3083	1.38952e+07	84.864	80.5271
3055	1.38952e+07	83.174	80.5271
3037	1.38952e+07	82.5175	79.7106
3053	1.38952e+07	83.8045	79.762
3000	1.38952e+07	83.8045	79.762
3042	1.38952e+07	82.2185	78.3755
3049	1.32636e+07	81.926	79.3922
3152	1.39161e+07	86.3265	80.2549
3027	1.39161e+07	83.408	82.0265
3156	1.39161e+07	84.487	79.5411
3156	1.39161e+07	86.0535	82.3603
3137	1.34512e+07	86.0535	82.54
3159	1.38432e+07	85.527	82.0676
3128	1.3273e+07	86.333	82.8019
3046	1.39011e+07	84.656	82.0727
3088	1.39011e+07	83.148	80.3217
3094	1.39011e+07	84.1555	80.1419
3132	1.39011e+07	84.6235	80.599
3122	1.39011e+07	84.773	81.4411
3057	1.39011e+07	84.773	81.0457
3027	1.39011e+07	83.4015	80.789
3077	1.39011e+07	82.5045	79.3306
3114	1.3726e+07	83.4405	79.5874
3117	1.34276e+07	84.7145	80.2395
3120	1.39135e+07	85.4035	81.5233
3072	1.39135e+07	85.072	82.2524
3085	1.39135e+07	83.928	80.8968
3085	1.39135e+07	84.37	80.5425
3110	1.37897e+07	83.59	80.3525
3110	1.37897e+07	85.111	81.1895
3059	1.37897e+07	83.2195	80.9122
3100	1.39108e+07	84.1685	80.106
3057	1.39108e+07	84.006	80.7581
3087	1.39108e+07	84.006	79.8544
3098	1.39108e+07	84.565	81.02
3050	1.33787e+07	83.85	81.3127
3058	1.38107e+07	83.85	79.4384
3035	1.39145e+07	82.667	80.1933
3139	1.39145e+07	84.318	79.3614
3041	1.39145e+07	84.318	82.0214
3072	1.39145e+07	83.2845	79.5052
3100	1.39145e+07	84.5065	80.5065
3092	1.39145e+07	84.5845	81.2306
3042	1.39145e+07	84.5845	80.8917
3116	1.41348e+07	83.7655	80.0444
3097	1.28935e+07	83.7655	81.02
3138	1.38903e+07	84.591	81.02
3100	1.38903e+07	85.1305	81.5746
3159	1.37993e+07	85.878	81.2665
3124	1.39098e+07	85.969	83.0484
3046	1.39098e+07	84.8185	81.6003
3028	1.39098e+07	83.356	80.1522
3064	1.39098e+07	82.55	79.2382
3054	1.39098e+07	83.811	80.0701
3034	1.39098e+07	83.811	80.2857
3052	1.38039e+07	83.72	79.6438
3026	1.38969e+07	83.161	79.156
3055	1.38969e+07	83.161	79.0893
3110	1.38969e+07	83.473	80.1317
3033	1.38969e+07	84.214	79.5565
3033	1.38969e+07	83.1935	80.9995
3069	1.38969e+07	83.9215	79.916
3038	1.37189e+07	82.9205	79.916
3041	1.31677e+07	82.9205	79.4795
3056	1.39058e+07	83.408	79.7774
3032	1.39058e+07	83.603	80.0444
3087	1.39058e+07	83.603	79.7363
3044	1.39058e+07	83.772	80.3063
3078	1.39058e+07	83.616	79.9417
3071	1.39058e+07	83.616	80.4141
3061	1.39058e+07	84.331	80.4963
2916	1.39058e+07	80.3725	79.8236
3021	1.39058e+07	80.834	75.9672
3057	1.39058e+07	83.408	79.1612
3041	1.39058e+07	83.408	79.7003
3064	1.39058e+07	83.603	79.6284
3019	1.39058e+07	83.239	80.1111
3099	1.39058e+07	83.291	79.0585
3099	1.39058e+07	84.3895	80.9327
3076	1.39058e+07	84.1035	81.0046
3155	1.39058e+07	84.24	79.9109
3059	1.39058e+07	85.7545	81.8519
3099	1.39058e+07	82.953	80.5065
3174	1.39058e+07	84.305	80.1265
3106	1.39058e+07	86.58	82.1959
3053	1.39058e+07	86.58	82.6838
3079	1.39058e+07	83.356	79.6695
3089	1.38166e+07	83.356	80.3473
3105	1.38166e+07	84.6495	80.409
3113	1.38973e+07	84.0385	80.6195
3036	1.38973e+07	85.163	81.4616
3036	1.38973e+07	83.304	81.056
3125	1.38973e+07	84.097	78.9814
3128	1.38973e+07	85.917	82.7351
3153	1.38973e+07	85.722	81.7184
3045	1.38061e+07	84.331	82.3089
3015	1.39118e+07	82.134	78.9866
3081	1.39118e+07	83.2325	79.0995
3130	1.39118e+07	84.7665	80.5681
3074	1.39118e+07	84.7665	81.7287
3086	1.39118e+07	85.0915	80.2909
3118	1.39118e+07	83.2455	80.5168
3196	1.39118e+07	84.7405	81.2614
3082	1.38335e+07	86.6385	82.73
3099	1.38335e+07	84.201	81.2049
3117	1.39111e+07	84.201	81.3281
3067	1.39111e+07	84.5975	81.0868
3066	1.39111e+07	83.59	80.2806
3054	1.3799e+07	83.7525	79.8184
3093	1.39e+07	83.8565	80.3884
3080	1.39e+07	84.2205	80.5065
3056	1.39e+07	84.656	80.7941
3043	1.39e+07	82.5825	80.3011
3064	1.39e+07	83.785	79.6182
3033	1.24242e+07	83.3495	80.1728
3120	1.38648e+07	83.2325	79.3203
3019	1.38648e+07	83.2325	80.943
3061	1.38648e+07	84.825	80.2395
3061	1.38648e+07	83.7135	79.6028
3084	1.38648e+07	83.7135	80.4141
3107	1.38648e+07	84.461	80.2498
3069	1.38648e+07	84.461	81.2511
3069	1.38648e+07	83.018	80.3473
3045	1.38648e+07	84.084	80.296
3062	1.38648e+07	83.2	79.9365
3068	1.38648e+07	83.993	80.0187
3080	1.38648e+07	83.681	80.219
3128	1.38648e+07	83.681	80.4346
3083	1.38648e+07	84.799	81.9751
2977	1.38648e+07	84.799	80.1728
3074	1.38648e+07	82.81	78.3652
3024	1.38648e+07	82.6865	79.8338
3046	1.38648e+07	82.6865	79.5257
3019	1.38648e+07	83.4535	79.7363
3002	1.38648e+07	81.7505	79.233
3088	1.38648e+07	81.7505	78.2266
3062	1.38648e+07	83.9475	80.6657
3059	1.35285e+07	83.7135	80.1984
3058	1.36199e+07	83.0635	80.0136
3012	1.39102e+07	83.902	79.4641
3111	1.39102e+07	82.953	80.0598
3045	1.39102e+07	84.773	80.1933
3074	1.39102e+07	83.473	80.753
3067	1.39102e+07	83.9605	80.0803
3041	1.39102e+07	83.9605	80.8454
3072	1.36888e+07	82.836	79.8544
3009	1.36888e+07	83.8435	79.613
3027	1.3809e+07	83.8435	79.8082
3089	1.39062e+07	82.251	78.8582
3106	1.39062e+07	82.251	79.3614
3112	1.39062e+07	85.228	81.5951
3039	1.39062e+07	85.228	81.0919
3045	1.39062e+07	83.5185	81.0919
3045	1.39062e+07	83.343	79.5155
3030	1.39062e+07	82.55	79.6387
3097	1.39062e+07	84.084	79.3152
3101	1.39062e+07	84.955	81.2614
3064	1.39062e+07	83.837	81.1022
3141	1.39062e+07	84.9225	80.1984
3105	1.39062e+07	84.9225	83.0484
3028	1.39062e+07	83.616	80.9841
3070	1.39062e+07	83.616	79.7517
3061	1.39062e+07	83.7655	80.3371
3027	1.37429e+07	84.162	80.409
3014	1.38551e+07	82.1015	79.5565
3010	1.39378e+07	82.1015	79.2587
3022	1.39378e+07	82.1535	78.7914
2997	1.39378e+07	82.056	79.2176
3066	1.38308e+07	82.6995	78.5604
3046	1.39188e+07	83.772	80.5271
2994	1.37898e+07	82.7255	79.2485
3106	1.37898e+07	82.7255	78.6323
3024	1.39033e+07	84.929	81.0971
3018	1.39033e+07	81.8805	79.4949
2998	1.39033e+07	82.9595	78.4833
3004	1.39033e+07	82.0625	79.9057
3033	1.33048e+07	82.0625	78.4731
3050	1.39276e+07	82.264	79.382
3050	1.39276e+07	82.6475	79.233
3051	1.39276e+07	83.7915	79.9776
3035	1.34288e+07	82.849	79.4025
3046	1.37084e+07	83.6225	80.0649
3040	1.39159e+07	83.122	79.6079
3058	1.39159e+07	83.174	80.0649
3058	1.39159e+07	83.434	79.5463
3076	1.39159e+07	83.928	80.3833
3071	1.39159e+07	83.928	79.7979
3049	1.37184e+07	83.6355	80.1933
3058	1.38968e+07	83.1415	79.6079
2994	1.38968e+07	82.0365	79.6079
3027	1.38968e+07	83.538	78.8582
2994	1.38968e+07	81.172	78.7606
2958	1.38027e+07	81.094	78.0417
3050	1.38027e+07	81.094	77.3896
3083	1.39121e+07	81.25	79.3974
3082	1.39121e+07	83.9345	80.3422
3020	1.39121e+07	83.1025	80.5425
2974	1.39121e+07	83.1025	79.0431
3033	1.38043e+07	82.1405	77.8363
3017	1.39387e+07	80.938	78.6271
3047	1.39387e+07	82.2185	78.4628
3013	1.39387e+07	82.55	79.6747
3076	1.39387e+07	82.5045	79.1612
3021	1.39387e+07	82.5045	80.3884
3010	1.39387e+07	82.186	79.8493
2989	1.39387e+07	81.7635	78.052
3073	1.39387e+07	81.8545	78.2677
3112	1.39387e+07	81.8545	79.7876
3063	1.35461e+07	84.5455	80.7376
3110	1.37021e+07	84.5455	80.3936
3060	1.38741e+07	83.9735	80.8095
2991	1.38741e+07	84.7795	81.8159
2974	1.38741e+07	81.744	77.5026
3055	1.32055e+07	81.744	78.7555
3055	1.32055e+07	81.5295	77.5488
3036	1.39254e+07	83.291	79.7517
3044	1.39254e+07	83.499	79.9776
3094	1.37837e+07	83.499	79.9211
2998	1.38815e+07	81.848	79.993
3046	1.38815e+07	81.848	78.3909
3093	1.38815e+07	82.9595	80.1522
3093	1.35955e+07	83.8695	81.0508
3020	1.39075e+07	83.681	80.8095
2979	1.39075e+07	83.681	79.192
3044	1.37528e+07	82.329	78.2625
3055	1.39528e+07	82.329	79.7003
3033	1.38367e+07	83.343	79.5771
2981	1.38367e+07	83.343	79.7157
2968	1.33029e+07	81.835	77.8158
3002	1.31347e+07	81.198	77.8158
3021	1.39031e+07	81.5815	77.6053
3098	1.36112e+07	81.5815	78.9198
3046	1.38849e+07	84.1425	80.83
3045	1.38849e+07	83.6485	80.6092
3091	1.38849e+07	83.6485	79.6284
3053	1.38849e+07	83.9995	80.219
3097	1.38849e+07	83.9995	80.5117
3000	1.38849e+07	83.9995	80.9379
2985	1.38849e+07	81.9585	78.735
3009	1.38849e+07	81.666	78.6271
3046	1.38849e+07	82.16	78.7606
3018	1.38007e+07	82.16	78.8171
2957	1.38007e+07	83.772	80.4603
2994	1.38007e+07	82.7125	77.5026
3008	1.38928e+07	81.12	77.5026
3008	1.38928e+07	81.12	78.8325
2968	1.38928e+07	80.8535	78.699
2968	1.38928e+07	80.8535	77.3023
3054	1.38928e+07	80.9055	78.1906
3058	1.38928e+07	82.8815	79.6592
3078	1.35815e+07	83.512	80.0855
3099	1.38798e+07	84.8315	80.9687
3061	1.38798e+07	84.8315	81.1433
3065	1.38798e+07	84.1945	80.3833
3042	1.38798e+07	82.7645	80.8403
3084	1.38798e+07	82.7645	79.5155
3087	1.38798e+07	83.642	80.6298
3118	1.38798e+07	83.512	80.866
3078	1.38798e+07	84.9485	81.6157
3042	1.38798e+07	84.9485	81.2511
3056	1.38798e+07	83.6095	79.9211
3050	1.38798e+07	83.6095	79.9211
3046	1.37951e+07	83.564	79.9211
3042	1.3911e+07	83.564	79.5001
3018	1.3911e+07	83.564	80.5938
3052	1.3534e+07	82.693	78.8377
3053	1.36355e+07	83.382	79.4128
3076	1.39006e+07	83.382	79.6438
3093	1.39006e+07	84.7795	80.0033
3057	1.39006e+07	84.7795	81.5233
3045	1.39006e+07	84.591	80.3114
2995	1.37059e+07	83.7655	79.839
3043	1.39002e+07	83.122	78.8787
3014	1.39002e+07	82.16	80.2241
2992	1.39002e+07	82.94	79.2176
3026	1.39002e+07	82.94	78.3036
3026	1.39002e+07	81.8415	78.966
3048	1.39002e+07	82.7385	79.0379
3077	1.37944e+07	84.357	80.7479
3056	1.39073e+07	84.357	80.4346
2966	1.39073e+07	83.2585	80.2292
2994	1.39073e+07	82.6345	77.4717
2929	1.39073e+07	79.8005	77.8825
3068	1.37541e+07	79.8005	76.9326
3065	1.39095e+07	82.2445	80.7787
3066	1.39095e+07	84.604	79.9468
3076	1.39095e+07	84.058	80.8608
3120	1.39095e+07	83.9215	80.5425
3044	1.39095e+07	84.747	81.3435
3113	1.39095e+07	84.4545	80.3936
3091	1.37343e+07	84.4545	81.9135
3072	1.38271e+07	84.7405	80.3627
3134	1.38271e+07	83.928	80.563
3058	1.39158e+07	84.331	81.6311
3027	1.3536e+07	85.3125	80.3371
3047	1.37853e+07	83.1805	79.2741
3072	1.39093e+07	82.7125	79.649
3033	1.39093e+07	83.824	80.5835
3062	1.34814e+07	83.7395	80.1676
3083	1.38862e+07	83.239	80.0341
3054	1.38862e+07	83.9215	80.3011
3079	1.37085e+07	84.136	80.9481
3049	1.34322e+07	83.876	80.1419
2953	1.36543e+07	83.811	80.4809
3032	1.39054e+07	83.408	78.0931
3001	1.39054e+07	80.8015	78.5912
3064	1.39054e+07	82.108	78.8377
3064	1.39054e+07	82.108	78.2625
2999	1.39054e+07	82.901	80.0752
2881	1.3761e+07	82.7645	78.3396
2961	1.39135e+07	79.742	75.0737
3085	1.3588e+07	79.742	77.6771
2992	1.39041e+07	82.407	80.9481
2985	1.39041e+07	83.213	78.5758
2955	1.39041e+07	82.654	77.7747
2971	1.39041e+07	80.5545	77.6771
3007	1.39041e+07	81.133	77.482
2998	1.39041e+07	80.9055	78.396
3073	1.37813e+07	82.355	78.7914
3104	1.39034e+07	83.304	80.3936
3023	1.39034e+07	84.071	81.5695
3011	1.37391e+07	84.1425	78.9249
3101	1.39089e+07	82.264	78.8633
3123	1.39089e+07	83.5575	81.287
3066	1.39089e+07	84.786	81.6978
3002	1.39089e+07	84.9095	80.4244
3017	1.39089e+07	83.8305	79.3357
2969	1.33435e+07	81.809	78.9917
3016	1.39038e+07	82.121	78.0982
3051	1.39038e+07	81.3085	77.9904
3053	1.39038e+07	82.524	79.952
3067	1.39038e+07	83.1285	79.7722
3073	1.39038e+07	83.8825	80.6965
3023	1.39038e+07	83.8825	80.0957
3079	1.39038e+07	83.733	80.0957
2959	1.39038e+07	82.667	79.0687
3050	1.39038e+07	83.9865	80.0495
3094	1.35419e+07	81.1915	77.6977
3094	1.35419e+07	83.1285	79.7774
3037	1.3751e+07	83.9865	81.1843
3071	1.36315e+07	83.6225	79.916
3044	1.37426e+07	83.824	80.1625
3033	1.31596e+07	82.823	79.4436
3049	1.38122e+07	82.9335	79.1098
3063	1.3541e+07	82.8425	79.2895
3066	1.3541e+07	82.5695	79.9468
3076	1.38887e+07	84.2985	79.6387
3077	1.3455e+07	82.7645	80.1214
3066	1.33051e+07	83.2845	80.1214
3085	1.39041e+07	83.5185	80.3525
3062	1.31688e+07	84.2595	80.5373
3144	1.37697e+07	83.5445	79.7722
3109	1.37697e+07	84.149	82.1497
3035	1.37697e+07	87.412	82.5605
3063	1.3881e+07	83.9865	79.3049
3058	1.3881e+07	82.225	79.4128
3035	1.3881e+07	83.85	80.5579
3041	1.39539e+07	83.161	79.3974
3090	1.39539e+07	82.94	79.3049
3062	1.36382e+07	83.7655	81.0508
3076	1.38696e+07	84.487	80.6965
3059	1.38696e+07	83.512	79.4076
2979	1.38696e+07	84.045	81.3179
3036	1.37828e+07	83.551	78.0879
3068	1.33296e+07	81.2045	78.7452
3047	1.37126e+07	82.602	79.4487
2994	1.38549e+07	83.8305	79.8955
3068	1.37222e+07	82.68	79.3768
3005	1.37222e+07	82.056	78.7041
3005	1.37222e+07	83.174	79.7979
2988	1.36199e+07	81.9585	78.4166
3065	1.39082e+07	82.355	78.2163
3042	1.39082e+07	82.667	80.5065
3089	1.37665e+07	83.33	79.9879
3072	1.3508e+07	84.1815	80.599
3030	1.38921e+07	83.4275	79.5771
3033	1.35357e+07	82.7255	78.2985
3048	1.38983e+07	81.5165	79.3614
3087	1.38983e+07	83.889	80.1265
2961	1.38983e+07	84.084	80.6965
3083	1.38983e+07	82.186	77.8055
3135	1.36189e+07	82.485	80.2344
3026	1.38935e+07	84.617	82.4373
3075	1.38935e+07	84.617	79.0122
3096	1.35858e+07	82.758	80.0444
3150	1.39091e+07	84.5455	81.5541
3064	1.38357e+07	85.6505	82.3603
3075	1.32608e+07	85.202	80.2395
3086	1.37993e+07	83.3885	80.3011
3147	1.37993e+07	84.1295	80.7633
3093	1.37993e+07	84.5	81.6105
3103	1.38743e+07	85.4295	81.5489
3113	1.38743e+07	84.5065	81.0354
3072	1.38743e+07	84.435	81.0354
3032	1.38743e+07	85.0395	80.7479
3129	1.38743e+07	84.1165	80.2087
3111	1.38743e+07	83.1155	80.7992
3089	1.30808e+07	85.3515	81.9443
3057	1.35817e+07	85.3515	81.4411
2992	1.34435e+07	84.5325	80.5579
2992	1.34435e+07	83.3105	78.7914
3036	1.38845e+07	82.4265	79.2074
3043	1.37507e+07	82.4265	79.2074
3086	1.39038e+07	83.1545	80.0444
3050	1.39038e+07	84.4285	80.1111
3070	1.39038e+07	82.1665	80.3268
3111	1.39038e+07	84.5	79.7414
3079	1.39038e+07	83.681	81.3897
2993	1.39038e+07	84.981	80.4141
3007	1.39038e+07	82.056	78.1701
2980	1.39038e+07	82.524	78.4063
3024	1.38244e+07	82.0885	78.0469
3137	1.3907e+07	81.809	79.1303
3047	1.3907e+07	83.3105	81.6978
3105	1.3907e+07	84.5845	79.8955
3036	1.3907e+07	84.305	81.1946
3045	1.3907e+07	83.8955	79.4436
3078	1.36492e+07	83.2325	79.8698
2978	1.39104e+07	83.681	80.2036
3092	1.39104e+07	82.888	78.052
3022	1.38278e+07	82.446	81.0149
3057	1.3906e+07	84.1555	79.6284
3112	1.3906e+07	82.225	79.1868
3023	1.35247e+07	83.8955	80.563
3063	1.38844e+07	84.5	80.4398
3012	1.38844e+07	83.083	79.6079
3111	1.38844e+07	83.083	79.3666
3105	1.38844e+07	82.095	79.0841
3010	1.38844e+07	84.461	81.4616
3113	1.38844e+07	85.007	79.9468
3088	1.38844e+07	82.2315	80.1728
3088	1.38844e+07	85.0135	81.3127
3111	1.38844e+07	84.734	81.1535
3161	1.38844e+07	84.8185	82.0059
3126	1.38844e+07	85.8	82.9713
3089	1.30921e+07	86.424	81.9238
3082	1.39168e+07	85.2215	81.0149
3129	1.39168e+07	83.4275	81.0149
3144	1.37745e+07	85.891	82.1446
3098	1.38855e+07	86.0925	82.0368
3161	1.38855e+07	84.7925	80.6965
3098	1.38855e+07	84.708	82.4219
3092	1.38855e+07	85.8065	81.6465
3156	1.38855e+07	85.488	81.2511
3099	1.38855e+07	84.903	82.1446
3109	1.37484e+07	85.4945	81.2922
3130	1.24118e+07	84.877	80.8711
3155	1.37057e+07	85.267	82.2832
3116	1.38418e+07	85.54	82.9302
3075	1.38418e+07	87.035	82.3962
3089	1.38418e+07	83.798	80.1111
3012	1.38418e+07	84.4935	80.9071
3123	1.38418e+07	83.772	79.4128
3100	1.3914e+07	82.2185	79.8287
3085	1.3914e+07	84.981	81.436
3030	1.36153e+07	85.1565	81.3025
3058	1.39087e+07	83.59	79.5925
3095	1.39087e+07	83.1285	80.029
3116	1.39087e+07	83.46	79.8698
3082	1.39087e+07	84.63	81.8262
3080	1.34416e+07	85.2735	81.1587
3083	1.30158e+07	84.175	80.8454
3083	1.30158e+07	84.175	80.7222
3131	1.35941e+07	84.318	80.9892
3088	1.39051e+07	85.1565	81.9392
3090	1.37585e+07	84.8055	80.3217
3103	1.3875e+07	84.084	80.6862
3048	1.3875e+07	84.513	81.0971
3058	1.3875e+07	83.031	79.1303
3093	1.3875e+07	83.3495	80.6862
3104	1.3875e+07	84.227	80.9071
3088	1.3875e+07	85.7155	81.3487
3038	1.3875e+07	84.214	80.1728
3002	1.3875e+07	82.823	79.156
3070	1.35295e+07	82.108	78.735
3059	1.39146e+07	82.7385	80.3319
3098	1.39146e+07	84.747	80.5681
3064	1.39146e+07	83.59	80.5681
3100	1.39146e+07	84.617	80.5681
3054	1.39146e+07	83.044	79.9879
3050	1.39146e+07	83.7005	79.9879
3053	1.39146e+07	83.3495	79.8749
3062	1.39146e+07	83.4015	79.8749
2987	1.39146e+07	83.915	80.2344
3055	1.39146e+07	83.239	78.5347
3125	1.36931e+07	81.5295	79.192
3102	1.39117e+07	83.811	80.9225
3145	1.38278e+07	85.7155	82.9046
3093	1.39015e+07	85.7805	82.1754
2994	1.39015e+07	85.6115	81.4308
3085	1.39015e+07	84.4675	79.726
3084	1.39015e+07	82.3615	80.2344
3041	1.39015e+07	84.383	80.3833
3041	1.39015e+07	83.9085	80.7068
3020	1.39015e+07	83.564	79.459
3044	1.39015e+07	82.0495	79.0174
3082	1.35534e+07	82.732	79.0174
3021	1.237e+07	83.746	80.9122
3028	1.39126e+07	83.499	78.8633
3024	1.3593e+07	82.472	78.8633
3131	1.3907e+07	82.0495	79.8184
3058	1.3907e+07	84.981	81.3743
3071	1.3907e+07	83.8955	80.1984
3146	1.3907e+07	84.214	80.4038
3099	1.3907e+07	84.162	82.2216
3077	1.3907e+07	85.7285	81.4976
3058	1.38143e+07	84.5065	80.3063
3091	1.39022e+07	83.954	80.1522
3107	1.35388e+07	83.6745	80.0906
3053	1.39117e+07	84.396	82.0265
3055	1.39117e+07	84.4935	80.2498
2990	1.39117e+07	83.0115	79.0739
3044	1.39117e+07	82.7905	78.3447
2998	1.39117e+07	82.342	79.8082
2997	1.39117e+07	82.6215	78.6939
3023	1.39117e+07	82.446	78.4731
3023	1.39117e+07	82.303	79.2844
2948	1.34574e+07	82.745	79.1406
3118	1.39054e+07	81.9195	77.5385
3094	1.39054e+07	81.055	79.5565
2971	1.39054e+07	84.955	81.2768
3026	1.3625e+07	83.707	78.6168
3079	1.31895e+07	81.0875	77.7901
3009	1.3694e+07	82.121	79.9622
3009	1.3694e+07	84.0905	80.3525
3069	1.39032e+07	82.9465	78.5244
3066	1.39032e+07	82.875	80.5579
3073	1.39032e+07	84.253	80.1984
3042	1.39032e+07	83.681	79.5206
3020	1.36528e+07	82.979	80.183
3049	1.38734e+07	83.174	78.8274
3077	1.36353e+07	82.5305	80.2857
3058	1.32426e+07	83.9865	79.6541
3074	1.38683e+07	83.018	80.1573
3048	1.37695e+07	84.2335	80.3473
2955	1.36279e+07	83.1285	79.7106
3011	1.39096e+07	81.5945	77.1277
3006	1.39096e+07	80.8925	78.2625
3034	1.39096e+07	82.4785	78.4217
3080	1.39096e+07	82.2575	79.4538
3036	1.39096e+07	83.395	80.0084
3005	1.36964e+07	82.914	79.0893
3020	1.38563e+07	82.693	78.3755
3054	1.38563e+07	81.1135	79.0687
3040	1.38563e+07	82.4525	78.9198
3018	1.38563e+07	82.9205	79.3255
3000	1.34442e+07	82.7255	79.3255
3063	1.38878e+07	81.796	77.7028
3074	1.38878e+07	81.5685	79.5874
2978	1.38878e+07	83.2195	79.9776
3009	1.38878e+07	83.6355	78.8325
3033	1.38878e+07	81.042	77.518
3030	1.38878e+07	81.6855	78.4987
3044	1.38878e+07	82.3485	79.423
3007	1.33953e+07	82.628	79.0328
3007	1.33953e+07	82.628	79.1663
3053	1.38978e+07	82.2445	78.7555
3068	1.38978e+07	82.8945	79.2382
3149	1.38028e+07	82.8945	81.3487
3024	1.3897e+07	86.2355	80.8095
3088	1.34937e+07	82.68	79.1971
3053	1.38597e+07	83.7265	79.9879
3087	1.38597e+07	82.8035	80.6554
3030	1.38597e+07	85.241	80.6554
3081	1.24168e+07	83.603	79.3101
3085	1.38426e+07	82.5305	80.1625
3103	1.38426e+07	83.902	80.5271
3080	1.38426e+07	84.591	80.9225
3072	1.38426e+07	84.2335	80.5476
3025	1.36865e+07	83.889	79.9109
3029	1.3114e+07	83.5445	79.4025
3067	1.39059e+07	82.3485	78.7298
3067	1.39059e+07	82.2835	79.649
3046	1.39059e+07	84.4285	80.83
3048	1.39059e+07	83.018	78.9455
2993	1.39059e+07	82.472	79.3255
3108	1.37309e+07	82.6085	78.7298
3087	1.39097e+07	82.6085	80.7222
3023	1.39097e+07	84.4025	80.373
3073	1.36471e+07	84.1425	80.1317
3146	1.38585e+07	83.0375	80.1317
3077	1.38585e+07	83.941	81.0868
3029	1.38585e+07	85.6635	82.1395
3121	1.38585e+07	83.954	78.9712
3034	1.38585e+07	83.1415	81.3846
3113	1.33252e+07	84.8965	80.6246
3113	1.33252e+07	83.98	79.8955
3095	1.27308e+07	84.4675	81.0611
3045	1.2869e+07	84.0385	80.789
3047	1.3594e+07	83.694	79.6284
3018	1.38998e+07	83.3105	79.9365
3087	1.38236e+07	82.8165	78.966
3103	1.31211e+07	83.161	80.4706
3065	1.36355e+07	84.6235	81.6773
3029	1.38815e+07	84.6235	80.1265
3115	1.38815e+07	82.9465	79.423
3045	1.36565e+07	83.863	81.0816
2974	1.34351e+07	84.006	79.5309
3071	1.37799e+07	81.6985	77.6874
3070	1.38589e+07	82.16	80.2292
3096	1.3722e+07	84.1165	80.6195
3164	1.3722e+07	85.1175	81.6722
3067	1.38964e+07	84.4805	82.0932
3136	1.38964e+07	85.1565	80.45
3105	1.37176e+07	85.436	82.0984
3090	1.33565e+07	84.5325	81.3333
3101	1.33565e+07	86.164	81.9957
3112	1.33565e+07	84.058	81.1946
3055	1.29695e+07	85.254	81.4822
3088	1.29695e+07	84.747	80.4295
3046	1.39131e+07	84.058	81.1433
3070	1.35563e+07	84.2725	81.0303
3109	1.26967e+07	83.226	78.8274
3107	1.24132e+07	83.5835	80.2857
3080	1.10087e+07	84.682	81.6157
3098	1.15644e+07	85.059	81.6824
3093	1.07278e+07	84.604	79.8801
3093	1.07278e+07	84.305	81.2819
3118	1.34302e+07	84.097	81.5489
3133	1.28279e+07	85.761	81.6105
3114	1.19946e+07	84.773	81.3487
3070	1.37025e+07	85.358	81.5797
3060	1.23498e+07	84.214	80.3422
3104	1.39196e+07	83.5445	79.536
3132	1.37079e+07	84.2335	81.7389
3125	1.34808e+07	84.5715	81.6362
3031	1.34808e+07	86.021	81.893
3079	1.39168e+07	83.4145	79.6849
3054	1.39168e+07	83.941	80.7376
3092	1.39168e+07	84.929	80.6811
2979	1.36889e+07	83.785	80.3165
3040	1.37959e+07	82.342	78.0931
2986	1.39053e+07	82.7775	79.572
3063	1.39053e+07	81.1915	77.3382
3042	1.34506e+07	82.693	80.0238
3064	1.36759e+07	82.94	78.8017
3105	1.305e+07	83.9085	81.1381
3052	1.39037e+07	83.9865	80.9533
3063	1.39037e+07	84.539	80.9533
3023	1.39037e+07	83.9865	79.7979
3024	1.38112e+07	83.1025	79.4847
3083	1.37113e+07	82.6475	78.8531
3104	1.36291e+07	82.7905	80.3063
3015	1.38913e+07	84.3765	81.5335
3009	1.38913e+07	84.5975	79.7363
2973	1.38913e+07	82.7775	78.7093
2982	1.38913e+07	81.6465	77.4204
3031	1.38913e+07	80.977	78.3447
3031	1.38913e+07	81.718	78.1804
3067	1.38151e+07	82.342	80.2909
3097	1.3331e+07	84.1425	80.2909
2990	1.38737e+07	84.1425	81.2049
3067	1.37332e+07	83.5835	78.7041
3010	1.37332e+07	82.9075	79.7774
2991	1.39016e+07	82.654	79.4693
2965	1.39016e+07	82.862	78.1085
3017	1.38305e+07	81.4385	77.8261
2959	1.27027e+07	81.9325	79.0739
3036	1.39047e+07	81.8675	77.4153
3075	1.38331e+07	80.6325	79.0995
3104	1.38331e+07	84.149	80.599
3103	1.36013e+07	83.9735	81.5489
3095	1.3853e+07	85.1695	81.1998
3105	1.3853e+07	83.9995	80.7171
3069	1.3853e+07	85.41	81.6362
3124	1.3853e+07	84.8965	80.6554
3126	1.3853e+07	83.7785	81.4308
3167	1.3853e+07	86.281	82.54
3166	1.32279e+07	86.554	83.4283
3101	1.38272e+07	86.06	82.54
3110	1.36302e+07	86.281	81.9084
3086	1.38313e+07	84.5975	80.753
3035	1.32364e+07	84.773	81.3538
3085	1.38982e+07	84.708	79.993
3135	1.34851e+07	82.589	80.106
3004	1.38636e+07	84.8315	81.8622
3074	1.38636e+07	85.3125	80.7119
3038	1.38636e+07	82.3615	78.2523
3072	1.38636e+07	83.4795	80.4603
3072	1.38636e+07	83.4795	80.1625
3040	1.38636e+07	83.8045	80.563
3160	1.38636e+07	84.071	81.0508
3117	1.38636e+07	85.488	81.8827
3067	1.34903e+07	85.813	81.5387
3170	1.38719e+07	83.5965	80.7581
3087	1.38719e+07	85.8975	82.4013
3051	1.38719e+07	84.7275	81.6157
3084	1.35115e+07	84.8965	79.5565
3020	1.38969e+07	83.2975	80.2857
3078	1.38969e+07	82.784	79.5617
2989	1.32928e+07	83.2195	80.26
3047	1.38536e+07	83.4535	78.3858
3066	1.38536e+07	81.6855	79.459
3091	1.37415e+07	83.603	80.0187
3095	1.37415e+07	83.993	80.943
3016	1.29264e+07	84.825	81.0662
3049	1.39029e+07	84.1815	79.7774
3079	1.37942e+07	83.0375	79.6182
3096	1.37942e+07	83.4275	80.2755
3116	1.37942e+07	84.409	81.2306
3122	1.37942e+07	84.682	81.477
567	1.38976e+07	85.8195	82.2832
214	1.38976e+07	79.1245	39.0003
217	1.3596e+07	4.8555	0
217	1.39114e+07	0	0
220	1.37756e+07	0	0
217	1.39046e+07	0	0
218	1.29262e+07	0	0
217	1.22886e+07	0	0
218	1.38355e+07	0	0
218	1.38355e+07	0	0
215	1.35578e+07	0	0
225	1.38934e+07	0	0
221	1.3638e+07	0	0
223	1.38935e+07	0	0
