273    0    0    0
275    0    0    0
275    0    0    0
274.5    0    0    0
274.5    0    0    0
272.5    0.5    0    0
272.5    0.5    0    0
273.5    0    0    0
273.5    0    0    0
274    0    0    0
274    0    0    0
274    0    0    0
274    0    0    0
274    0    0    0
274    0    0    0
274.5    0    0    0
274.5    0    0    0
275.5    0    0    0
275.5    0    0    0
275.5    0    0    0
275.5    0    0    0
273    0    0    0
273    0    0    0
274.5    0    0    0
274.5    0    0    0
273    0    0    0
273    0    0    0
265    0    0    0
265    0    0    0
264    0    0    0
264    0    0    0
263    0    0    0
263    0    0    0
263    0    0    0
263    0    0    0
264.5    0    0    0
264.5    0    0    0
265.5    0    0    0
265.5    0    0    0
265.5    0    0    0
265    1    0    0
265    1    0    0
264.5    0    0    0
264.5    0    0    0
263.5    0    0    0
263.5    0    0    0
265    0    0    0
265    0    0    0
265    0    0    0
265    0    0    0
264.5    1    0    0
264.5    1    0    0
263.5    3.5    0    0
263.5    3.5    0    0
264.5    0    0    0
264.5    0    0    0
265    0    0    0
265    0    0    0
264    0    0    0
264    0    0    0
266.5    0    0    0
266.5    0    0    0
265.5    0    0    0
265.5    0    0    0
265.5    0    0    0
265.5    0    0    0
265.5    0    0    0
265.5    0    0    0
266.5    0    0    0
266.5    0    0    0
266.5    0    0    0
266.5    0    0    0
266.5    0    0    0
266.5    0    0    0
266.5    0    0    0
266.5    0    0    0
266    0    0    0
266    0    0    0
265    0    0    0
265    0    0    0
265.5    0    0    0
265.5    0    0    0
266    0    0    0
266    0    0    0
266    0    0    0
266    0    0    0
266    0    0    0
266    0    0    0
265.5    0    0    0
265.5    0    0    0
266    0    0    0
266    0    0    0
266    0    0    0
266    0    0    0
266.5    0    0    0
266.5    0    0    0
266.5    0    0    0
266.5    0    0    0
267.5    0    0    0
267.5    0    0    0
267.5    0    0    0
267.5    0    0    0
267.5    0    0    0
265.5    0    0    0
265.5    0    0    0
266.5    0    0    0
266.5    0    0    0
265.5    0    0    0
265.5    0    0    0
266.5    0    0    0
266.5    0    0    0
265.5    0    0    0
265.5    0    0    0
266    0    0    0
266    0    0    0
267    0    0    0
267    0    0    0
267    0    0    0
267    0    0    0
267.5    4    0    0
267.5    4    0    0
267.5    0    0    0
267.5    0    0    0
267    0    0    0
267    0    0    0
267    0    0    0
267    0    0    0
268    0    0    0
268    0    0    0
267.5    0    0    0
267.5    0    0    0
267    0    0    0
267    0    0    0
268    0    0    0
268    0    0    0
267.5    0    0    0
267.5    0    0    0
267    0    0    0
267    0    0    0
267.5    0    0    0
267.5    0    0    0
266.5    0    0    0
266.5    0    0    0
266.5    0    0    0
266.5    0    0    0
266.5    0    0    0
266.5    0    0    0
266.5    0    0    0
266.5    0    0    0
267.5    0    0    0
267.5    0    0    0
267.5    0    0    0
267.5    0    0    0
268    0    0    0
268    0    0    0
267    0    0    0
267    0    0    0
267    0    0    0
267    0    0    0
268.5    0    0    0
268.5    0    0    0
268.5    0    0    0
267.5    0    0    0
267.5    0    0    0
267    0    0    0
267    0    0    0
266    0    0    0
266    0    0    0
267    1    0    0
267    1    0    0
266    0    0    0
266    0    0    0
266    0    0    0
266    0    0    0
266    0    0    0
266    0    0    0
283.5    4815    0    0
283.5    4815    0    0
295    8185    0.513857    0
295    8185    0.513857    0
296    8436.5    0.513857    0
296    8436.5    0.513857    0
295.5    8227.5    0.513857    0
295.5    8227.5    0.513857    0
335.5    20538.5    0.858    0.771072
335.5    20538.5    1.31443    1.1945
339    21707.5    1.31443    1.1945
339    21707.5    1.37898    1.94175
421.5    46554    1.76481    1.60654
421.5    46554    4.86863    2.89337
430.5    49691    5.11485    4.73344
430.5    49691    3.10602    2.85249
471    62005    3.10602    2.85249
471    62005    3.10602    2.85249
629.5    110001    6.12625    5.66159
629.5    110001    6.7847    6.26573
634    108866    7.07428    10.0821
634    108866    6.9771    6.44545
630    108081    6.8575    6.33402
630    108081    6.8575    6.33402
625    107107    6.78535    6.26881
625    107107    6.78535    6.26881
635.5    110164    6.86952    6.34481
635.5    110164    6.98198    6.45059
629    108552    6.85815    6.3371
629    108552    6.85815    6.3371
634.5    109927    6.85815    6.3371
634.5    109927    6.85815    6.3371
633.5    109927    7.0265    6.49218
633.5    109927    7.0265    6.49218
627.5    108542    6.8133    6.29192
627.5    108542    6.8133    6.29192
637.5    110986    6.8133    6.29192
637.5    110986    6.90268    6.37613
637    110986    7.0382    6.50142
637    110986    7.0382    6.50142
625.5    107755    6.92802    6.40078
625.5    107755    6.78145    6.26419
631    109240    6.71775    6.20462
631    109240    6.71775    6.20462
631    109240    6.88317    6.35867
633    110092    6.88317    6.35867
633    110092    6.88317    6.35867
634.5    110979    6.88317    6.35867
634.5    110979    6.94102    6.4131
637    110979    6.94102    6.4131
637    110979    6.94102    6.4131
639    112006    6.94102    6.4131
639    112006    7.03722    6.50142
642    112687    7.03722    6.50142
642    112687    7.03722    6.50142
636    111468    7.03722    6.50142
636    111468    6.90105    6.37664
630.5    109716    6.8484    6.32529
630.5    109716    6.8484    6.32529
628    109049    6.8484    6.32529
628    109049    6.77787    6.26008
634    111054    6.77787    6.26008
634    111054    6.91145    6.38486
651    116401    7.14155    6.59899
651    116401    7.24003    6.68936
656    118244    7.24003    6.68936
656    118244    7.3203    6.76382
665    120754    7.4477    6.88244
665    120754    7.4477    6.88244
691    128645    7.56112    6.98873
691    128645    7.99143    7.38772
700.5    131765    12.766    7.64601
700.5    131765    8.021    7.4134
748    146618    8.60145    7.95052
748    146618    9.09675    8.41216
758.5    150398    8.9687    8.29148
758.5    150398    9.2677    8.56929
759.5    150398    9.4406    8.73207
759.5    150398    9.2144    8.51896
763.5    151764    9.2144    8.51896
763.5    151764    9.34115    8.6381
765.5    151764    9.34115    8.6381
765.5    151764    9.34115    8.6381
775.5    155411    9.34115    8.6381
775.5    155411    9.4523    8.7408
780.5    157624    9.6317    8.90717
780.5    157624    9.57775    8.90717
783.5    158780    9.7318    8.9996
783.5    158780    9.67785    8.9996
775    156031    9.67785    8.93182
775    156031    9.3782    8.67455
790.5    161340    9.66745    8.93952
790.5    161340    9.906    9.16392
790    161340    9.69995    8.97444
790    161340    9.69995    8.97444
809    166888    9.91965    9.17316
809    166888    10.0191    9.26765
806    166888    10.3402    9.56445
806    166888    10.1023    9.34467
810    166888    10.1023    9.34467
810    166888    10.1023    9.34467
809.5    166888    10.2381    9.47151
809.5    166888    10.3019    9.53313
811.5    168153    10.0601    9.30411
811.5    168153    10.2694    9.49667
811.5    168153    10.1719    9.40835
814    168153    10.2531    9.48229
814    168153    10.2531    9.48229
812    168153    10.3402    9.56342
812    168153    10.1888    9.42324
834    175910    10.3201    9.54751
834    175910    10.9603    10.1421
856    182708    10.9603    10.1421
856    182708    11.1793    10.3434
861.5    184535    11.1793    10.3434
861.5    184535    11.1793    10.3434
872    187884    11.1793    10.3434
872    187884    11.4738    10.6187
858    183144    11.1586    10.3244
858    183144    11.0682    10.2418
861.5    184072    11.2138    10.3758
861.5    184072    11.0968    10.2679
872.5    187726    11.3113    10.4667
872.5    187726    11.3113    10.4667
854.5    182093    11.1475    10.3142
854.5    182093    10.97    10.1488
858    183382    10.97    10.1488
858    183382    11.0448    10.2192
885    191390    11.4068    10.5555
885    191390    11.6207    10.7547
869.5    186963    11.6207    10.7547
869.5    186963    11.2515    10.4107
855.5    182487    11.0597    10.2335
855.5    182487    10.9707    10.1514
871    188022    11.3705    10.5211
871    188022    11.3705    10.5211
846.5    180263    11.2261    10.3871
846.5    180263    10.8628    10.0497
858    183588    10.9512    10.1349
858    183588    11.0565    10.2284
859.5    183588    11.1326    10.2998
859.5    183588    11.1326    10.2998
867    186322    11.1326    10.2998
867    186322    11.2684    10.4266
854    182690    11.2132    10.3737
854    182690    11.0643    10.2392
860    184611    11.0643    10.2392
860    184611    11.2125    10.3737
851.5    181626    11.0383    10.2135
851.5    181626    10.9499    10.1324
846.5    179971    10.9499    10.1324
846.5    179971    10.8595    10.0466
859.5    184104    10.944    10.1252
859.5    184104    11.0715    10.2443
845.5    179465    11.1683    10.3337
845.5    179465    10.7438    9.93982
862.5    184680    10.9239    10.1057
862.5    184680    11.0513    10.2274
856    183418    11.3041    10.46
856    183418    11.1124    10.2818
862    184488    10.9733    10.1524
862    184488    11.0455    10.2192
861    184488    11.2313    10.3932
861    184488    11.1741    10.3388
859    184488    11.1046    10.2741
859    184488    11.1046    10.2741
859    184488    11.1046    10.2741
837.5    177318    10.8849    10.0728
837.5    177318    10.5313    9.74315
844    179337    10.8121    10.0055
844    179337    10.8121    10.0055
851.5    181360    11.0552    10.2294
851.5    181360    10.8472    10.0374
862.5    185354    11.1228    10.2926
862.5    185354    11.2294    10.3907
842.5    179064    10.8777    10.0646
842.5    179064    10.8205    10.0127
855.5    182942    10.8842    10.0708
855.5    182942    11.1832    10.347
846.5    179656    11.0286    10.2043
846.5    179656    10.7419    9.93982
851    180819    10.9479    10.1293
851    180819    10.8349    10.024
852    180819    10.8349    10.024
852    180819    10.9551    10.1355
859.5    184016    11.1878    10.3496
859.5    184016    11.0806    10.2525
862    184984    11.0806    10.2525
862    184984    11.2164    10.3783
851    181380    11.0331    10.2079
851    181380    10.9213    10.1036
850    181380    10.9213    10.1036
850    181380    10.8537    10.0435
850.5    181380    11.0032    10.1807
850.5    181380    10.9122    10.0944
844    179323    10.9122    10.0944
844    179323    10.8335    10.0235
852    181589    10.9609    10.1416
852    181589    10.9609    10.1416
849    180610    10.892    10.0785
849    180610    10.892    10.0785
844    178960    10.8036    9.99579
844    178960    10.8036    9.99579
850    180741    10.8036    9.99579
850    180741    10.9408    10.1226
839.5    177974    10.8544    10.0435
839.5    177974    10.7601    9.9542
848.5    180721    10.7601    9.9542
848.5    180721    10.996    10.1745
844    179566    10.8134    10.0045
844    179566    10.8134    10.0045
844    179566    10.9694    10.1488
844    179566    10.8576    10.0466
838.5    177638    10.764    9.95831
838.5    177638    10.764    9.95831
844    179442    10.764    9.95831
844    179442    10.8465    10.0348
844    179442    10.7945    10.0348
844    179442    10.7438    9.94136
839    178215    10.9609    10.1421
839    178215    10.8472    10.0353
832.5    176484    10.6301    9.83352
832.5    176484    10.6301    9.83352
832    175560    10.6301    9.83352
832    175560    10.5736    9.78012
832.5    175560    10.6639    9.86536
832.5    175560    10.6639    9.86536
832.5    175560    10.595    9.80169
823    172752    10.4929    9.70618
823    172752    10.4163    9.63275
830.5    175308    10.5612    9.77088
830.5    175308    10.6191    9.82377
836.5    177371    10.6191    9.82377
836.5    177371    10.7484    9.94444
836    177371    10.7484    9.94444
836    177371    10.6489    9.85304
828.5    175165    10.5053    9.71953
828.5    175165    10.632    9.83609
834    176520    10.632    9.83609
834    176520    10.632    9.83609
837.5    176520    10.632    9.83609
837.5    176520    10.7601    9.95471
834.5    176520    10.6808    9.88128
834.5    176520    10.5846    9.7909
836.5    176520    10.7978    9.98809
836.5    176520    10.6184    9.82274
831    175308    10.8485    10.0358
831    175308    10.5436    9.75445
843    178446    10.5436    9.75445
843    178446    10.8309    10.0199
840.5    178446    10.9434    10.1242
840.5    178446    10.6931    9.89566
509    75427.5    10.5736    9.78166
509    75427.5    2.8743    2.67174
264    0    0    0
264    0    0    0
263.5    0    0    0
263.5    0    0    0
264    0    0    0
264    0    0    0
265.5    0    0    0
265.5    0    0    0
265    0    0    0
265    0    0    0
264    0    0    0
264    0    0    0
265    0    0    0
265    0    0    0
264.5    0    0    0
264.5    0    0    0
264.5    0    0    0
264.5    0    0    0
264    0    0    0
264    0    0    0
398.5    43053.5    0    0
398.5    43053.5    0    0
828    169248    0.78    1.5405
828    169248    1.95    3.081
822.5    168021    3.9    6.162
822.5    168021    7.8    13.9289
770    152827    15.978    14.4427
770    152827    14.4892    13.4989
778.5    155766    9.47635    8.76442
778.5    155766    9.5537    8.83117
798.5    162593    9.69345    8.96674
798.5    162593    9.86375    9.1249
790    160526    10.0906    9.3344
790    160526    9.8254    9.08895
790    160526    9.8254    9.08895
797    162467    9.8254    9.08895
797    162467    10.0373    9.28408
790    160990    10.0373    9.28408
790    160990    9.6174    8.89895
791    160990    9.6174    8.89895
791    160990    9.9489    9.20397
792    160990    9.9489    9.20397
792    160990    9.79355    9.05917
801    165474    9.9671    9.22143
801    165474    10.101    9.34365
806.5    166896    10.1835    9.42067
806.5    166896    10.0912    9.33338
804    166896    10.1965    9.43402
804    166896    10.0542    9.30154
798.5    164744    10.0542    9.30154
798.5    164744    10.0542    9.30154
809    167944    10.1095    9.30154
809    167944    10.1888    9.42786
816    170016    10.2843    9.5131
816    170016    10.2843    9.5131
827.5    174140    10.5066    9.72055
827.5    174140    10.5872    9.79758
763    154112    10.4605    9.67845
763    154112    10.2154    9.45354
264    0    1.7485    1.64936
264    0    0    0
262.5    0    0    0
262.5    0    0    0
264    0    0    0
264    0    0    0
263.5    0    0    0
263.5    0    0    0
263.5    0    0    0
263.5    0    0    0
264    0    0    0
264    0    0    0
263    0    0    0
263    0    0    0
264    0    0    0
264    0    0    0
265    0    0    0
265    0    0    0
413.5    47271.5    0    0
413.5    47271.5    0    0
837    171840    0.78    1.5405
837    171840    1.95    3.081
830.5    170438    3.9    6.162
830.5    170438    7.8    13.8714
845.5    176486    16.4781    15.1775
845.5    176486    16.8473    15.6638
841.5    175592    16.6894    10.0184
841.5    175592    10.7848    10.0184
851    179410    10.7848    10.0184
851    179410    10.9421    10.1201
848    179410    10.9421    10.1201
848    179410    10.8862    10.1201
850    179410    10.8862    10.0625
850    179410    10.9863    10.1622
840.5    177400    10.8745    10.0625
840.5    177400    10.8745    10.0625
840.5    177400    10.6678    9.86434
845.5    178980    10.777    9.96498
845.5    178980    10.9213    10.0985
847    178980    10.9213    10.0985
847    178980    10.8342    10.0184
837    176771    10.6977    9.89309
837    176771    10.6977    9.89309
853.5    182330    11.0266    10.1991
853.5    182330    11.0266    10.1991
844    179530    10.7432    9.9352
844    179530    10.9343    10.1129
842    178116    10.9343    10.1129
842    178116    10.7081    9.90233
837.5    176429    10.7081    9.90233
837.5    176429    10.7081    9.90233
841.5    177758    10.7081    9.90233
841.5    177758    10.8173    10.002
837    176224    10.6444    9.84277
837    176224    10.7276    9.92082
842.5    177738    10.7276    9.92082
842.5    177738    10.8082    9.99579
858    183299    10.9395    10.1211
858    183299    11.1137    10.2803
873    187816    11.2788    10.4323
873    187816    11.3685    10.5155
922    203421    11.9002    11.0115
922    203421    12.3474    11.4213
962.5    216729    12.7465    11.793
962.5    216729    13.0663    12.0909
1016.5    233887    13.4394    12.4401
1016.5    233887    14.1739    13.1179
1076.5    252408    14.4846    13.4116
1076.5    252408    15.2854    14.148
1137.5    272173    15.4908    14.341
1137.5    272173    16.4125    15.1904
1164    281436    16.7323    15.4892
1164    281436    16.8896    15.6361
1149.5    276940    16.5399    15.3126
1149.5    276940    16.5399    15.3126
1159.5    280452    16.5399    15.3126
1159.5    280452    16.7869    15.5395
1158    280452    16.6725    15.4358
1158    280452    16.7817    15.5365
1152    279004    16.5503    15.3249
1152    279004    16.6621    15.4266
508.5    76946.5    16.4892    15.2674
508.5    76946.5    4.5656    4.23637
264.5    0    0    0
264.5    0    0    0
264.5    0    0    0
264.5    0    0    0
264    0    0    0
264    0    0    0
264.5    0    0    0
264.5    0    0    0
264    0    0    0
264    0    0    0
264    0    0    0
264    0    0    0
263.5    0    0    0
263.5    0    0    0
263.5    0    0    0
264.5    0    0    0
264.5    0    0    0
610    107484    0    0
610    107484    0.78    1.5405
1182    279478    1.95    3.081
1182    279478    3.9    6.162
1187.5    285543    7.8    15.405
1187.5    285543    19.5    24.6023
1039    240790    24.2092    22.5478
1039    240790    21.6697    12.8673
1071    251394    14.7745    13.6673
1071    251394    15.1931    14.0658
1081.5    255244    15.3023    14.1644
1081.5    255244    15.3023    14.1644
1080    255244    15.3023    14.1644
1080    255244    15.2243    14.0935
1085    256530    15.2971    14.1613
1085    256530    15.3907    14.2476
1090    256530    15.3114    14.1747
1090    256530    15.4167    14.2722
1078.5    253941    15.3361    14.1972
1078.5    253941    15.1229    13.997
1071.5    251602    14.9734    13.8614
1071.5    251602    14.9734    13.8614
1082.5    255062    15.34    14.2034
1082.5    255062    15.1151    13.9918
1104.5    262162    15.5844    14.4263
1104.5    262162    15.5844    14.4766
1107.5    263607    15.6468    14.4766
1107.5    263607    15.7573    14.5875
1108    263607    15.7573    14.5875
1108    263607    15.7053    14.5875
1109.5    263607    15.7053    14.5875
1109.5    263607    15.7781    14.5875
1107.5    263607    15.6481    14.4848
1107.5    263607    15.7443    14.5742
1107    263607    15.8262    14.6522
1107    263607    15.7521    14.5824
1094    260264    15.5961    14.4406
1094    260264    15.4453    14.2979
1108    265090    15.6039    14.4468
1108    265090    15.8366    14.6584
1104.5    263766    15.743    14.5742
1104.5    263766    15.6741    14.5125
1129.5    271556    15.8561    14.6717
1129.5    271556    16.1486    14.948
1116.5    267530    16.25    15.0435
1116.5    267530    15.9133    14.7344
1121.5    269294    15.9133    14.7344
1121.5    269294    16.0966    14.9049
1107    264516    15.9835    14.797
1107    264516    15.8743    14.6984
1113    266346    15.6299    14.4673
1113    266346    15.8561    14.6758
1129    272127    15.9666    14.7826
1129    272127    16.224    15.0209
1119    268631    16.224    15.0209
1119    268631    16.133    14.9357
1119    268631    15.8977    14.719
1119    268631    15.9991    14.8134
1119    268631    15.9991    14.8134
1129    271844    16.1889    14.9911
1129    271844    16.1889    14.9911
1125    271844    16.1889    14.9911
1125    271844    16.0888    14.8956
1104.5    264634    15.7781    14.606
1104.5    264634    15.7781    14.606
1125    271124    16.1811    14.987
1125    271124    16.0537    14.8658
1145.5    278216    16.1486    14.95
1145.5    278216    16.7115    15.4594
1200    295771    17.719    16.4074
1200    295771    17.4057    16.1167
1225.5    304044    17.3212    16.0448
1225.5    304044    18.4665    17.1098
1286    324074    18.9072    17.5103
1286    324074    19.2244    17.8061
1317    334462    19.7691    18.3083
1317    334462    19.7691    18.3083
1192.5    294767    20.3866    18.8701
1192.5    294767    19.1165    17.6377
266    0    0.949    0.915057
266    0    0    0
267    0    0    0
267    0    0    0
265.5    0    0    0
265.5    0    0    0
266    0    0    0
266    0    0    0
266.5    0    0    0
266.5    0    0    0
267    0    0    0
267    0    0    0
266    0    0    0
266    0    0    0
266    0    0    0
266    0    0    0
266    0    0    0
266    0    0    0
266    0    0    0
266    0    0    0
266.5    0    0    0
266.5    0    0    0
267    0    0    0
267    0    0    0
266    0    0    0
266    0    0    0
266.5    0    0    0
266.5    0    0    0
267    0    0    0
267    0    0    0
266.5    0    0    0
266.5    0    0    0
1298    316724    0    0.833513
1298    316724    1.95    3.081
1437    363560    3.9    6.162
1437    363560    7.8    15.405
1282.5    317842    19.5    27.883
1282.5    317842    31.148    29.214
1256.5    310914    27.7121    24.6865
1256.5    310914    17.8269    16.5142
1256.5    310914    19.5455    18.1111
1298    325386    19.4766    18.0521
1298    325386    19.3388    17.9263
1298    325386    19.2283    17.821
1298    325386    19.5728    18.1394
1308    329982    19.513    18.0855
1308    329982    19.6833    18.2421
1326.5    335929    19.7574    18.3114
1326.5    335929    20.0629    18.5938
1304.5    329276    19.7132    18.2703
1304.5    329276    19.4376    18.0136
1304    329276    19.4376    18.0136
1304    329276    19.5416    18.1086
1319.5    333686    19.6339    18.201
1319.5    333686    19.8692    18.4141
1327.5    337084    19.8692    18.4141
1327.5    337084    20.0278    18.563
1334    338952    20.0278    18.563
1334    338952    20.1253    18.6529
1367    349675    20.3775    18.8891
1367    349675    20.9066    19.3744
1370.5    349675    20.8442    19.3204
1370.5    349675    20.8442    19.3204
1358    346800    20.7363    19.2203
1358    346800    20.4269    18.9379
1352    344768    20.488    18.9892
1352    344768    20.3411    18.8583
1387    355888    20.8286    19.3102
1387    355888    21.1341    19.5926
1379    353559    20.9261    19.3975
1379    353559    20.8325    19.3102
1385.5    355430    21.255    19.703
1385.5    355430    20.9391    19.4077
1394    358844    21.1549    19.6106
1394    358844    21.1549    19.6106
1374    352744    20.9183    19.3949
1374    352744    20.8286    19.3076
1414.5    366124    20.9287    19.4
1414.5    366124    21.645    20.0701
1409.5    366124    21.7724    20.1883
1409.5    366124    21.5397    19.9674
1386.5    358114    21.3148    19.7595
1386.5    358114    21.0808    19.5387
1388.5    358114    21.0119    19.4745
1388.5    358114    21.0119    19.4745
1413.5    367242    21.411    19.8493
1413.5    367242    21.71    20.1241
1400.5    362903    21.4669    19.8981
1400.5    362903    21.2745    19.7235
1395    360906    21.2745    19.7235
1395    360906    21.2745    19.7235
1396.5    360906    21.2186    19.667
1396.5    360906    21.3278    19.7672
1400    362794    21.2446    19.6927
1400    362794    21.4188    19.8545
1385    357628    21.2381    19.685
1385    357628    21.0613    19.5207
1409.5    365640    20.969    19.436
1409.5    365640    21.3746    19.8134
1423    369798    21.7399    20.1523
1423    369798    21.7399    20.1523
1423    369798    21.7399    20.1523
1411    366208    21.7399    20.1523
1411    366208    21.2771    19.7235
1395    361524    21.1757    19.626
1395    361524    21.3499    19.7903
1395    361524    21.2537    19.703
1395    361524    21.2537    19.703
1379.5    356628    20.9014    19.3718
1379.5    356628    21.0093    19.4719
1476.5    388346    22.7721    21.11
1476.5    388346    22.9164    21.2461
1487.5    392072    22.7903    21.1254
1487.5    392072    23.1543    21.4643
1542    410381    23.7965    22.0574
1542    410381    24.2606    22.4913
1533    407480    23.8186    22.0856
1533    407480    23.9993    22.25
1562    417293    24.4023    22.6222
1562    417293    24.4023    22.6222
1558.5    417293    24.3152    22.5426
1558.5    417293    24.4088    22.6325
1550.5    413894    24.3581    22.6325
1550.5    413894    24.167    22.4066
1568.5    419565    24.6376    22.8507
1568.5    419565    24.492    22.7121
1588.5    425913    24.492    22.7121
1588.5    425913    24.9405    23.1255
1605.5    431696    25.3123    23.4695
1605.5    431696    25.3123    23.4695
1579    423196    25.0146    23.1922
1579    423196    24.7338    22.9329
1608.5    432714    24.9366    23.1203
1608.5    432714    25.35    23.508
1600    429816    25.4696    23.621
1600    429816    25.1355    23.3052
1629.5    439022    24.9353    23.1203
1629.5    439022    25.6945    23.8238
1635    439022    26.3172    24.4041
1635    439022    25.6399    23.775
1610.5    432384    25.6399    23.775
1610.5    432384    25.3253    23.4798
1628    438556    25.168    23.336
1628    438556    25.5931    23.7288
1655    447358    26.0078    24.114
1655    447358    26.0624    24.1679
1669    451766    26.3328    24.4169
1669    451766    26.2327    24.3271
1682    456196    26.6812    24.743
1682    456196    26.7917    24.8406
1659.5    448681    26.5187    24.5864
1659.5    448681    26.2704    24.3604
1664.5    448681    26.2704    24.3604
1664.5    448681    26.1898    24.2885
1657.5    448681    26.4589    24.5376
1657.5    448681    26.0455    24.1525
1637    442302    26.4225    24.5017
1637    442302    26.0221    24.1319
1651.5    447464    25.6178    23.7545
1651.5    447464    26.0715    24.173
1684.5    458089    26.2171    24.3091
1684.5    458089    26.4277    24.5042
1684.5    458089    27.1557    25.1795
1685.5    458089    26.7592    24.8149
1685.5    458089    26.7592    24.8149
1658.5    449850    26.3692    24.4529
1658.5    449850    26.1664    24.2654
1651    447214    26.1664    24.2654
1651    447214    26.0858    24.1884
1694    460886    26.8398    24.8868
1694    460886    27.0192    25.0537
1655.5    448416    26.6162    24.6814
1655.5    448416    25.9363    24.0498
1682    456684    26.377    24.4631
1682    456684    26.8866    24.9356
1661.5    449586    26.6097    24.6788
1661.5    449586    26.2184    24.3142
1687.5    458946    26.013    24.1217
1687.5    458946    27.2701    25.2847
1723    470615    27.4976    25.503
1723    470615    27.4976    25.503
1732    470615    27.4976    25.503
1732    470615    27.7862    25.7649
1707.5    465748    27.3247    25.3387
1707.5    465748    27.1531    25.1846
1704    465748    26.8489    24.897
1704    465748    27.2285    25.2462
1696    461044    27.3806    25.3951
1696    461044    26.7813    24.8329
1684    458083    26.6578    24.7173
1684    458083    26.8164    24.8688
1670.5    453400    26.6084    24.6762
1670.5    453400    26.4641    24.5427
1689    458939    26.3328    24.4221
1689    458939    26.5018    24.5735
1818    501694    28.548    26.4812
1818    501694    29.3917    27.2591
1793    494245    29.029    26.9202
1793    494245    28.7456    26.6584
1799    494245    28.8756    26.7842
1799    494245    28.8756    26.7842
1304    336410    29.0433    26.9382
1304    336410    26.2873    24.3964
266.5    0    1.2987    1.22727
266.5    0    0    0
266.5    0    0    0
266.5    0    0    0
266.5    0    0    0
266.5    0    0    0
268    0    0    0
268    0    0    0
267.5    0    0    0
267.5    0    0    0
268.5    0    0    0
268.5    0    0    0
267    0    0    0
267    0    0    0
267    0    0    0
267    0    0    0
267    0    0    0
267    0    0    0
266.5    0    0    0
266.5    0    0    0
266.5    0    0    0
267    0    0    0
267    0    0    0
267.5    0    0    0
267.5    0    0    0
267    0    0    0
267    0    0    0
266.5    0    0    0
266.5    0    0    0
267    0    0    0
267    0    0    0
1283.5    315054    0    0.823295
1283.5    315054    1.95    3.081
1921.5    520528    3.9    6.162
1921.5    520528    7.8    15.405
1769.5    477047    19.5    30.81
1769.5    477047    35.7162    39.9298
1533    402642    38.8492    34.7383
1533    402642    34.9277    21.9033
1669.5    446814    25.4312    23.5542
1669.5    446814    26.7768    24.8226
1701    459176    27.0042    25.0331
1701    459176    27.0042    25.0331
1719.5    467142    27.157    25.1743
1719.5    467142    27.43    25.4337
1748    476018    27.6022    25.5851
1748    476018    28.0085    25.9677
1769.5    484174    28.2067    26.1551
1769.5    484174    28.3725    26.2989
1844    508376    28.9998    26.8946
1844    508376    29.731    27.5647
1947    543022    30.2803    28.073
1947    543022    32.123    29.7702
1974    552492    32.0223    29.6931
1974    552492    32.1782    29.8369
1970.5    552492    32.2303    29.8369
1970.5    552492    32.2303    29.8369
1948.5    543110    32.1068    29.7727
1948.5    543110    31.616    29.3131
1946.5    543110    31.4958    29.2002
1946.5    543110    31.6322    29.326
503.5    75624.5    27.8232    25.7623
503.5    75624.5    0.9555    0.847275
270.5    0    0    0
270.5    0    0    0
269.5    0    0    0
269.5    0    0    0
269.5    0    0    0
269.5    0    0    0
268    0    0    0
268    0    0    0
267.5    0    0    0
267.5    0    0    0
267    0    0    0
267    0    0    0
268.5    0    0    0
268.5    0    0    0
268.5    0    0    0
268.5    0    0    0
268.5    0    0    0
268.5    0    0    0
268.5    0    0    0
268.5    0    0    0
268.5    0    0    0
268.5    0    0    0
268.5    0    0    0
270    0    0    0
270    0    0    0
270    0    0    0
270    0    0    0
269.5    0    0    0
269.5    0    0    0
1506    384144    0.648492    1.02859
1506    384144    1.95    3.081
2182.5    606264    3.9    6.162
2182.5    606264    7.8    15.405
2009.5    556590    19.5    30.81
2009.5    556590    38.0764    46.6453
1753    475108    45.1763    40.1326
1753    475108    41.1775    25.7572
1954.5    541996    30.2705    28.073
1954.5    541996    32.3895    30.0295
1908.5    528696    31.759    29.4518
1908.5    528696    30.7612    28.5249
1901.5    528696    30.3323    28.1244
1901.5    528696    30.992    28.7355
1936    540239    31.3007    29.0179
1936    540239    31.512    29.2207
1947.5    544092    31.8565    29.534
1947.5    544092    31.7232    29.4107
1937.5    544092    31.2585    28.9794
1937.5    544092    31.5315    29.2387
1938.5    544092    31.8337    29.5185
1938.5    544092    31.6225    29.3208
1951.5    547240    31.4177    29.1283
1951.5    547240    32.0223    29.6829
1952.5    547240    31.6615    29.3517
1952.5    547240    31.8305    29.5031
1959.5    547240    31.8305    29.5031
1959.5    547240    32.0807    29.7445
1957    547240    31.6615    29.3542
1957    547240    31.7265    29.4107
1971    553017    32.396    30.0397
1971    553017    32.0645    29.7368
1981.5    556621    32.1555    29.8112
1981.5    556621    32.487    30.127
1978    556621    32.3472    29.9961
1978    556621    32.4675    30.1091
1993    560696    32.032    29.7008
1993    560696    32.8283    30.4403
1944.5    545182    32.227    29.8883
1944.5    545182    31.6777    29.3722
2074    587397    32.383    30.0166
2074    587397    34.4142    31.9089
2064.5    584150    33.7253    31.2799
2064.5    584150    33.9463    31.4775
2097    595422    34.0535    31.5777
2097    595422    34.6548    32.14
2085    590934    34.4695    31.9577
2085    590934    34.1283    31.6444
2138.5    608710    34.775    32.2504
2138.5    608710    35.5615    32.9718
2138.5    608710    35.1097    32.5533
2126.5    608710    35.0252    32.4763
2126.5    608710    35.3307    32.7587
2182    623974    35.9092    33.3056
2182    623974    36.4585    33.8114
2181    623974    36.1075    33.4802
2181    623974    36.1693    33.5367
2172.5    623974    36.1693    33.5367
2172.5    623974    35.854    33.2491
2177    623974    35.7695    33.1721
2177    623974    36.3805    33.7344
2214.5    633890    36.7998    34.1221
2214.5    633890    36.7998    34.1221
2232.5    642280    36.7998    34.1221
2232.5    642280    37.4627    34.7383
2239.5    642280    37.4627    34.7383
2239.5    642280    37.128    34.4327
2194.5    625156    36.3512    33.6856
2194.5    625156    36.5853    33.9192
2235.5    638428    37.1572    34.4558
2235.5    638428    37.2482    34.5483
2259.5    646133    37.31    34.5996
2259.5    646133    37.7033    34.9693
2242    639764    37.1377    34.4456
2242    639764    37.3132    34.6022
2230    639764    37.3132    34.6022
2230    639764    36.9818    34.2941
2261.5    648327    37.2157    34.5098
2261.5    648327    37.7878    35.0412
2232.5    638834    37.5083    34.7845
2232.5    638834    37.1768    34.4661
2262    648624    36.8225    34.1426
2262    648624    37.791    35.0541
2241    642818    37.791    35.0541
2241    642818    37.3587    34.6458
2228    638469    37.0078    34.3172
2228    638469    37.0078    34.3172
2289    658890    37.1995    34.4969
2289    658890    38.4215    35.6266
2249.5    644990    38.0023    35.2389
2249.5    644990    37.362    34.651
2268    650160    37.4497    34.7331
2268    650160    37.739    34.995
2311.5    665113    37.8918    35.1414
2311.5    665113    38.3727    35.5855
2294    659846    39.0065    36.1786
2294    659846    38.1875    35.4135
2301    659846    38.3597    35.5778
2301    659846    38.6068    35.8038
2268.5    651826    37.9925    35.2338
2268.5    651826    37.8203    35.0746
2282.5    656652    37.5375    34.8127
2282.5    656652    38.0933    35.3237
2244.5    643931    38.0933    35.3237
2244.5    643931    37.4888    34.7665
2256    648108    37.102    34.4071
2256    648108    37.518    34.7948
2289.5    659209    37.6187    34.8846
2289.5    659209    38.116    35.3442
2242.5    644304    38.22    35.4469
2242.5    644304    37.1507    34.4558
2242.5    644304    37.4757    34.7588
2260    649698    37.947    35.185
2260    649698    37.3652    34.6561
2212    633514    36.595    33.9372
2212    633514    36.9525    34.2659
2323.5    669011    38.1485    35.3699
2323.5    669011    39.4647    36.5997
2395.5    694190    40.1732    37.2596
2395.5    694190    40.1732    37.2596
2405    697704    40.248    37.3289
2405    697704    40.482    37.5446
2411.5    697704    40.1147    37.2056
2411.5    697704    40.729    37.7731
2420    703869    40.781    37.7731
2420    703869    40.4982    37.56
2443.5    715423    40.8232    37.8681
2443.5    715423    41.3107    38.3174
2447    715423    41.0865    38.1094
2447    715423    41.249    38.2609
2465    721000    41.1418    38.1582
2465    721000    41.8275    38.7975
2467.5    721000    41.8892    38.854
2467.5    721000    41.5122    38.5048
2444.5    712461    40.651    37.7037
2444.5    712461    41.132    38.1479
2516.5    736288    42.5392    39.4522
2516.5    736288    42.5392    39.4522
2503    729388    42.1882    39.1287
2503    729388    42.1882    39.1287
2488    723724    41.5285    38.5305
2488    723724    42.2858    39.2263
2458.5    713607    41.9575    38.9207
2458.5    713607    41.184    38.1993
2510    730898    41.3855    38.3816
2510    730898    42.6758    39.5754
2469    717888    41.8112    38.7821
2469    717888    41.587    38.5793
2500    728014    41.8307    38.8052
2500    728014    42.0972    39.0491
2527    739522    42.3768    39.3136
2527    739522    42.8577    39.7475
2477    721797    42.5002    39.4137
2477    721797    41.782    38.759
2500.5    729774    41.431    38.4252
2500.5    729774    42.094    39.0388
2541    741296    42.744    39.6499
2541    741296    42.9715    39.8579
2584.5    756270    43.1112    39.9965
2584.5    756270    43.849    40.6769
2549.5    744764    43.3127    40.1711
2549.5    744764    42.913    39.8065
2573.5    751167    43.602    40.4458
2573.5    751167    43.498    40.3406
2570.5    751167    43.5565    40.4022
2570.5    751167    43.5565    40.4022
2586    751167    43.5565    40.4022
2586    751167    44.044    40.8464
2563.5    751167    43.303    40.1737
2563.5    751167    43.1502    40.0248
2621    768830    43.8035    40.6358
2621    768830    44.4145    41.2058
2621    768830    44.551    41.3239
2601.5    762497    44.3983    41.1827
2601.5    762497    43.7612    40.5922
2543.5    744304    43.3127    40.1788
2543.5    744304    42.7082    39.6037
2553    744304    43.069    39.9426
2553    744304    43.277    40.1403
2548.5    744304    43.1307    40.0093
2548.5    744304    43.1307    40.0093
2593    761780    42.7668    39.6602
2593    761780    45.084    41.8169
2687    793486    45.9485    42.6282
2687    793486    45.513    42.2251
2702    798331    46.1792    42.8362
2702    798331    45.786    42.4793
2711.5    798331    45.786    42.4793
2711.5    798331    46.5498    43.1802
2725    806402    46.397    43.0441
2725    806402    46.6115    43.2418
2688    793804    45.7113    42.3971
2688    793804    45.8477    42.5255
2745.5    813232    46.5368    43.1776
2745.5    813232    46.9625    43.5602
2746.5    813232    46.5498    43.1828
2746.5    813232    46.9755    43.573
2790    827294    48.1455    44.6565
2790    827294    47.5052    44.066
2751    813920    46.917    43.5268
2751    813920    47.0015    43.5987
2800.5    830288    47.2647    43.8478
2800.5    830288    48.243    44.7541
2802.5    830288    47.6678    44.2226
2802.5    830288    47.9505    44.4794
2810    830288    47.8822    44.428
2810    830288    48.204    44.7207
2809    830288    48.3275    44.8337
2809    830288    47.9765    44.5076
2813.5    834586    47.7523    44.2971
2813.5    834586    48.1585    44.6771
2765    818824    47.8693    44.4075
2765    818824    47.1315    43.7245
2740.5    811662    46.9917    43.5961
2740.5    811662    46.8195    43.4344
2795.5    829248    46.4685    43.1058
2795.5    829248    47.9408    44.4665
2829    839900    48.4152    44.9158
2829    839900    48.594    45.0802
629.5    118326    44.1968    41.0081
629.5    118326    2.496    2.3698
268    0    0    0
268    0    0    0
268.5    0    0    0
268.5    0    0    0
267.5    0    0    0
267.5    0    0    0
269    0    0    0
269    0    0    0
269.5    0    0    0
269.5    0    0    0
269.5    0    0    0
269.5    0    0    0
269.5    0    0    0
269.5    0    0    0
269.5    0    0    0
270    0    0    0
270    0    0    0
270.5    0    0    0
270.5    0    0    0
271    0    0    0
271    0    0    0
270    0    0    0
270    0    0    0
270    0    0    0
270    0    0    0
270    0    0    0
270    0    0    0
268.5    0    0    0
268.5    0    0    0
270    0    0    0
270    0    0    0
268    0    0    0
268    0    0    0
269    0    0    0
269    0    0    0
269.5    0    0    0
269.5    0    0    0
268.5    0    0    0
268.5    0    0    0
269    0    0    0
269    0    0    0
268.5    0    0    0
268.5    0    0    0
270    0    0    0
270    0    0    0
270.5    0    0    0
270.5    0    0    0
270.5    0    0    0
270.5    0    0    0
269.5    0    0    0
269.5    0    0    0
270.5    0    0    0
270.5    0    0    0
270    0    0    0
270    0    0    0
269.5    0    0    0
269.5    0    0    0
269.5    0    0    0
269.5    0    0    0
269    0    0    0
269    0    0    0
269.5    0    0    0
269.5    0    0    0
270    0    0    0
270    0    0    0
270    0    0    0
270    0    0    0
270.5    0    0    0
270.5    0    0    0
270.5    0    0    0
270.5    0    0    0
270.5    0    0    0
270.5    0    0    0
270.5    0    0    0
270    0    0    0
270    0    0    0
270    0    0    0
270    0    0    0
270    0    0    0
270    0    0    0
269    0    0    0
269    0    0    0
268.5    0    0    0
268.5    0    0    0
268.5    0    0    0
268.5    0    0    0
270    0    0    0
270    0    0    0
269.5    0    0    0
269.5    0    0    0
269.5    0    0    0
269.5    0    0    0
270    0    0    0
270    0    0    0
270    0    0    0
270    0    0    0
269.5    0    0    0
269.5    0    0    0
269.5    0    0    0
269.5    0    0    0
269.5    0    0    0
269.5    0    0    0
268    0    0    0
268    0    0    0
268.5    0    0    0
268.5    0    0    0
268    0    0    0
268    0    0    0
269    0    0    0
269    0    0    0
268    0    0    0
268    0    0    0
268.5    0    0    0
268.5    0    0    0
268.5    0    0    0
268.5    0    0    0
269    0    0    0
269    0    0    0
269    0    0    0
269    0    0    0
268.5    0    0    0
268.5    0    0    0
270    0    0    0
270    0    0    0
269.5    0    0    0
269.5    0    0    0
267.5    0    0    0
267.5    0    0    0
268    0    0    0
268    0    0    0
268.5    0    0    0
268.5    0    0    0
268.5    0    0    0
269    0    0    0
269    0    0    0
268.5    0    0    0
268.5    0    0    0
268.5    0    0    0
268.5    0    0    0
269    0    0    0
269    0    0    0
268    0    0    0
268    0    0    0
268.5    0    0    0
268.5    0    0    0
268.5    0    0    0
268.5    0    0    0
270    0    0    0
270    0    0    0
271    0    0    0
271    0    0    0
268    0    0    0
268    0    0    0
269    0    0    0
269    0    0    0
269.5    0    0    0
269.5    0    0    0
269    0    0    0
269    0    0    0
269    0    0    0
269    0    0    0
270    0    0    0
270    0    0    0
270    0    0    0
270    0    0    0
270.5    0    0    0
270.5    0    0    0
270    0    0    0
270    0    0    0
268    0    0    0
268    0    0    0
268.5    0    0    0
268.5    0    0    0
268.5    0    0    0
268.5    0    0    0
268.5    0    0    0
268.5    0    0    0
268.5    0    0    0
268.5    0    0    0
270    0    0    0
270    0    0    0
844    176560    0    0
844    176560    0    0
2901.5    823179    0.78    1.5405
2901.5    823179    1.95    3.081
3044    888295    3.9    6.162
3044    888295    7.8    15.405
2773    805518    19.5    30.81
2773    805518    39    57.9988
2307.5    655136    65.1495    61.8228
2307.5    655136    59.2378    59.3811
2320    659154    36.4683    33.814
2320    659154    38.0575    35.2672
2320    659154    40.352    37.4393
2435    698411    40.7745    37.8244
2435    698411    41.1027    38.1325
2465    709436    41.5708    38.569
2465    709436    41.4212    38.4252
2469.5    709436    41.184    38.2044
2469.5    709436    42.1947    39.139
2517    728400    42.8545    39.7654
2517    728400    42.042    39.0106
2568    745780    42.5132    39.4419
2568    745780    44.4113    41.1981
2636    769834    44.3527    41.1981
2636    769834    45.11    41.8554
2648.5    774291    44.8727    41.6346
2648.5    774291    45.071    41.8194
2702.5    792450    45.9615    42.6513
2702.5    792450    45.9615    42.6
2719.5    799323    46.514    43.1648
2719.5    799323    46.1727    42.8516
2728.5    799323    45.8705    42.5691
2728.5    799323    46.8617    43.4832
2783.5    820596    47.5995    44.1661
2783.5    820596    47.2323    43.8221
2826    834910    48.698    45.188
2826    834910    47.944    44.4845
2789.5    822745    47.58    44.1507
2789.5    822745    47.71    44.274
2779.5    817514    47.3915    43.9813
2779.5    817514    47.528    44.1096
2774.5    817514    47.528    44.1096
2774.5    817514    47.3232    43.9145
2755.5    811666    46.6927    43.3291
2755.5    811666    47.125    43.7348
2808    828730    47.1932    43.7913
2808    828730    48.1065    44.6437
2801    828730    48.0057    44.5615
2801    828730    47.5182    44.084
2886    854545    48.867    45.3472
2886    854545    49.5885    46.0199
2842    839922    49.2733    45.722
2842    839922    48.594    45.0956
2845    839922    48.308    44.8285
2845    839922    48.7012    45.2034
2863.5    849467    48.867    45.342
2863.5    849467    48.9417    45.4242
2877    858532    49.3512    45.8042
2877    858532    49.3512    45.8042
2937    878840    48.8442    45.3318
2937    878840    50.336    46.7028
3041    907418    51.7562    48.0328
3041    907418    52.416    48.6387
3018.5    898268    52.572    48.7928
3018.5    898268    51.8148    48.0893
3043    908166    52.13    48.382
3043    908166    52.273    48.5103
2997    893728    52.4517    48.6901
2997    893728    51.6295    47.9095
3060    915640    51.6295    47.9609
3060    915640    53.0303    49.219
3045    910669    52.1235    48.3871
3045    910669    52.1235    48.3871
3045    910669    53.1862    49.3679
3077    921037    53.1862    49.3679
3077    921037    53.0822    49.2703
3097.5    928212    53.8947    50.0252
3097.5    928212    52.793    49.0033
3032.5    907276    52.3088    48.5514
3032.5    907276    52.2502    48.4949
3051    914046    52.9393    49.1265
3051    914046    52.3088    48.5463
3042    914046    52.442    48.6798
3042    914046    52.442    48.6798
3097.5    929030    53.3455    49.5065
3097.5    929030    53.6152    49.7633
3120.5    934399    54.106    50.2152
3120.5    934399    53.781    49.9122
3124.5    934399    54.1548    50.2665
3124.5    934399    53.729    49.8763
3071.5    916664    53.4398    49.6092
3071.5    916664    52.7443    48.9622
3113    927274    53.7972    49.9327
3113    927274    53.6932    49.8352
3066    912106    52.52    48.7466
3066    912106    53.1473    49.3268
3069.5    912106    52.9393    49.1368
3069.5    912106    52.9393    49.1368
3096.5    922331    53.326    49.4963
3096.5    922331    53.326    49.4963
3053.5    908736    52.65    48.8698
3053.5    908736    52.52    48.7466
3105    928588    53.6737    49.8146
3105    928588    53.6737    49.8146
3079    919422    52.8937    49.0957
3079    919422    53.3682    49.5373
3124    933508    53.4365    49.599
3124    933508    54.1092    50.2203
3094    924580    53.6217    49.7633
3094    924580    53.4105    49.5682
3103.5    924580    53.0075    49.1984
3103.5    924580    53.4787    49.6298
3123.5    933770    54.4505    50.5335
3123.5    933770    54.0638    50.1792
3086.5    921680    53.157    49.3319
3086.5    921680    53.261    49.4295
3114    931224    53.3747    49.5373
3114    931224    53.7745    49.9122
3134    938020    54.2002    50.2973
3134    938020    54.145    50.2973
2035.5    578499    53.6022    49.753
2035.5    578499    45.981    42.5486
269.5    0    1.378    1.22213
269.5    0    0    0
270    0    0    0
270    0    0    0
270    0    0    0
270    0    0    0
271    0    0    0
271    0    0    0
271    0    0    0
271    0    0    0
270.5    0    0    0
270.5    0    0    0
270.5    0    0    0
