265.5    0    0    0
267    0    0    0
267    0    0    0
266    0    0    0
266    0    0    0
266    0    0    0
6417    118512    0.78    1.49531
6417    118512    1.95    3.081
4971.5    87659.5    2.37939    3.66023
4971.5    87659.5    0.87815    0.818776
839    9839    0.62036    0
839    9839    0.62036    0
880.5    10553.5    0.62036    0.58426
880.5    10553.5    0.70083    0.58426
933    11552.5    0.70083    0.64701
933    11552.5    0.75569    0.64701
994    12610.5    0.75569    0.710325
994    12610.5    0.84591    0.710325
1074    13996    0.84591    0.797928
1074    13996    0.93054    0.797928
1150    15339    0.93054    0.873361
1150    15339    1.02349    0.873361
1253.5    17138.5    1.08875    0.982069
1253.5    17138.5    1.14582    1.03434
1346.5    18768    1.19665    1.03434
1346.5    18768    1.25593    1.13673
1486    21291    1.35187    1.22511
1486    21291    1.42415    1.29222
1597.5    23215    1.50345    2.11418
1597.5    23215    1.50345    1.37454
1653    24183    1.50345    1.37454
1653    24183    1.61538    1.46892
1802    26863    1.72185    1.56751
1802    26863    1.72185    1.56751
1930    29209    1.86264    1.69804
1930    29209    1.92673    1.75648
2114    32423.5    2.04425    1.86534
2114    32423.5    2.17048    1.98201
2308.5    35918.5    2.2945    2.09806
2308.5    35918.5    2.36782    2.1644
2448    38421    2.45518    2.24605
2448    38421    2.5272    2.31157
2560    40462    2.59428    2.37494
2560    40462    2.59428    2.37494
2749.5    44011    2.77238    2.54028
2749.5    44011    2.89523    4.25332
2636.5    41964.5    2.82841    2.58932
2636.5    41964.5    2.65161    2.42783
2563    40619    2.65161    2.42783
2563    40619    2.65161    2.42783
2598    41337.5    2.65161    2.42783
2598    41337.5    2.65161    2.42783
2691    43082    2.75938    2.52693
2691    43082    2.75938    2.52693
2750.5    44144    2.75938    2.52693
2750.5    44144    2.8574    2.61834
2773    44582    2.8574    2.61834
2773    44582    2.8574    2.61834
2783    44811.5    2.8574    2.61834
2783    44811.5    2.8574    2.61834
2766    44427    2.8574    2.61834
2766    44427    2.8574    2.61834
2782.5    44755    2.8574    2.61834
2782.5    44755    2.8574    2.61834
2830    45671.5    2.8574    2.61834
2830    45671.5    2.95308    2.7046
2830    45671.5    2.95308    2.7046
2904.5    46963.5    3.03615    2.7824
2904.5    46963.5    3.03615    2.7824
2947    47751    3.03615    2.7824
2947    47751    3.10258    2.84428
2977.5    48436    3.10258    2.84428
2977.5    48436    5.15905    2.95057
3269.5    53768    3.47132    3.19243
3269.5    53768    3.47132    3.19243
3266    53768    3.47132    3.19243
3266    53768    3.47132    3.19243
3322    54895.5    3.47132    3.19243
3322    54895.5    3.52495    3.19243
3352.5    55433    3.52495    3.2656
3352.5    55433    3.52495    3.2656
3323.5    54998    3.52495    3.2656
3323.5    54998    3.52495    3.2656
3572    59503    3.63122    3.34263
3572    59503    4.12913    3.80247
4011    67686    4.1951    3.86332
4011    67686    4.58445    4.22405
4445.5    75944.5    4.85388    4.47438
4445.5    75944.5    4.74435    4.37322
4365.5    74548    4.74435    4.37322
4365.5    74548    4.6891    4.32136
4411.5    75598.5    4.7866    4.41071
4411.5    75598.5    4.7866    4.41071
4356.5    74508.5    4.7866    4.41071
4356.5    74508.5    4.57372    4.21455
3578.5    60098.5    3.81842    3.51208
3578.5    60098.5    3.81842    3.51208
3605.5    60535.5    3.81842    3.51208
3605.5    60535.5    3.81842    3.51208
3582.5    59914    3.81842    3.51208
3582.5    59914    3.81842    3.51208
3780    63447    3.81842    3.51208
3780    63447    4.22435    3.88899
4035    68311.5    4.33518    3.99349
4035    68311.5    4.33518    3.99349
3994.5    67611.5    4.33518    3.99349
3994.5    67611.5    4.2666    3.93033
4313    73330.5    4.32802    3.98604
4313    73330.5    4.8958    4.51392
4688    80475.5    5.07195    4.67696
4688    80475.5    5.07195    4.67696
902    11621.5    2.56198    2.33976
902    11621.5    0    0
262    0    0    0
262    0    0    0
262.5    0    0    0
262.5    0    0    0
264.5    0    0    0
264.5    0    0    0
264.5    0    0    0
264.5    0    0    0
265    0    0    0
265    0    0    0
264    0    0    0
264    0    0    0
264    0    0    0
264    0    0    0
264    0    0    0
263.5    0    0    0
263.5    0    0    0
263    0    0    0
263    0    0    0
263.5    0    0    0
263.5    0    0    0
263.5    0    0    0
263.5    0    0    0
262.5    0    0    0
262.5    0    0    0
263    0    0    0
263    0    0    0
263    0    0    0
263    0    0    0
263.5    0    0    0
263.5    0    0    0
1048    15423.5    0    0
1048    15423.5    0.78    1.40524
4860.5    85692.5    1.95    3.081
4860.5    85692.5    3.9    6.03178
4826.5    84082.5    7.15247    7.84371
4826.5    84082.5    8.55888    7.49505
4832.5    82061    8.1848    4.88801
4832.5    82061    5.21495    4.80995
4875    82706.5    5.2871    4.87671
4875    82706.5    5.3573    4.94244
4790.5    81692    5.2221    4.8156
4790.5    81692    5.2221    4.8156
4754.5    81692    5.1558    4.75501
4754.5    81692    5.1558    4.75501
4763.5    81692    5.1558    4.75501
4763.5    81692    5.1558    4.75501
4742    81262.5    5.1558    4.75501
4742    81262.5    5.1558    4.75501
4868    83673.5    5.1558    4.75501
4868    83673.5    5.4223    5.002
5252.5    90984    5.668    5.23102
5252.5    90984    5.8266    5.3784
5231    90984    5.73885    5.29573
5231    90984    5.73885    5.29573
5099.5    88176    5.5302    5.10162
5099.5    88176    5.6238    5.18943
5188.5    89788    5.6238    5.18943
5188.5    89788    5.6771    5.18943
5393    93706.5    5.9098    5.45645
5393    93706.5    5.9098    5.45645
5440    94788    5.9098    5.45645
5440    94788    5.9865    5.52526
2472    40515.5    5.85845    5.40921
2472    40515.5    0.8697    0.814924
265.5    0    0    0
265.5    0    0    0
265    0    0    0
265    0    0    0
265    0    0    0
265    0    0    0
264.5    0    0    0
264.5    0    0    0
263.5    0    0    0
263.5    0    0    0
263.5    0    0    0
264    0    0    0
264    0    0    0
263.5    0    0    0
263.5    0    0    0
263.5    0    0    0
263.5    0    0    0
264    0    0    0
264    0    0    0
264    0    0    0
264    0    0    0
264    0    0    0
264    0    0    0
264    0    0    0
264    0    0    0
264.5    0    0    0
264.5    0    0    0
265.5    0    0    0
265.5    0    0    0
265.5    0    0    0
265.5    0    0    0
266.5    0    0    0
266.5    0    0    0
266.5    0    0    0
266.5    0    0    0
267    0    0    0
267    0    0    0
267    0    0    0
267    0    0    0
268    0    0    0
268    0    0    0
266.5    0    0    0
266.5    0    0    0
266    0    0    0
266    0    0    0
265.5    0    0    0
265.5    0    0    0
265.5    0    0    0
265.5    0    0    0
266.5    0    0    0
266.5    0    0    0
266    0    0    0
266    0    0    0
265    0    0    0
265    0    0    0
266.5    0    0    0
266.5    0    0    0
266    0    0    0
266    0    0    0
266    0    0    0
266    0    0    0
265    0    0    0
265    0    0    0
265    0    0    0
265    0    0    0
264.5    0    0    0
264.5    0    0    0
265    0    0    0
265    0    0    0
265    0    0    0
265.5    0    0    0
265.5    0    0    0
265    0    0    0
265    0    0    0
264    0    0    0
264    0    0    0
263.5    0    0    0
263.5    0    0    0
264    0    0    0
264    0    0    0
265.5    0    0    0
265.5    0    0    0
265    0    0    0
265    0    0    0
265.5    0    0    0
265.5    0    0    0
265.5    0    0    0
265.5    0    0    0
265.5    0    0    0
265.5    0    0    0
267    0    0    0
267    0    0    0
266    0    0    0
266    0    0    0
264.5    0    0    0
264.5    0    0    0
265.5    0    0    0
265.5    0    0    0
264    0    0    0
264    0    0    0
265.5    0    0    0
265.5    0    0    0
266    0    0    0
266    0    0    0
266.5    0    0    0
266.5    0    0    0
265    0    0    0
265    0    0    0
264.5    0    0    0
264.5    0    0    0
265.5    0    0    0
265.5    0    0    0
265    0    0    0
265    0    0    0
264.5    0    0    0
264.5    0    0    0
265    0    0    0
265    0    0    0
266.5    0    0    0
266.5    0    0    0
266    0    0    0
266    0    0    0
265.5    0    0    0
265.5    0    0    0
265    0    0    0
265    0    0    0
265    0    0    0
265    0    0    0
266.5    0    0    0
266.5    0    0    0
266.5    0    0    0
265    0    0    0
265    0    0    0
265    0    0    0
265    0    0    0
265    0    0    0
265    0    0    0
265    0    0    0
265    0    0    0
264.5    0    0    0
264.5    0    0    0
265.5    0    0    0
265.5    0    0    0
265.5    0    0    0
265.5    0    0    0
265    0    0    0
265    0    0    0
264.5    0    0    0
264.5    0    0    0
266    0    0    0
266    0    0    0
265.5    0    0    0
265.5    0    0    0
265.5    0    0    0
265.5    0    0    0
265    0    0    0
265    0    0    0
265    0    0    0
265    0    0    0
265    0    0    0
265    0    0    0
265.5    0    0    0
265.5    0    0    0
265.5    0    0    0
265.5    0    0    0
265    0    0    0
265    0    0    0
265.5    0    0    0
265.5    0    0    0
266.5    0    0    0
266.5    0    0    0
266.5    0    0    0
266.5    0    0    0
267.5    0    0    0
267.5    0    0    0
268    0    0    0
268    0    0    0
268    0    0    0
268    0    0    0
267    0    0    0
267    0    0    0
267.5    0    0    0
267.5    0    0    0
266.5    0    0    0
266.5    0    0    0
267    0    0    0
267    0    0    0
267.5    0    0    0
267.5    0    0    0
267    0    0    0
267    0    0    0
267    0    0    0
267.5    0    0    0
267.5    0    0    0
267    0    0    0
267    0    0    0
267.5    0    0    0
267.5    0    0    0
267.5    0    0    0
267.5    0    0    0
267    0    0    0
267    0    0    0
267    0    0    0
267    0    0    0
266.5    0    0    0
266.5    0    0    0
266    0    0    0
266    0    0    0
266    0    0    0
266    0    0    0
266.5    0    0    0
266.5    0    0    0
265.5    0    0    0
265.5    0    0    0
266    0    0    0
266    0    0    0
266.5    0    0    0
266.5    0    0    0
266.5    0    0    0
266.5    0    0    0
265.5    0    0    0
265.5    0    0    0
266    0    0    0
266    0    0    0
265.5    0    0    0
265.5    0    0    0
265    0    0    0
265    0    0    0
267    0    0    0
267    0    0    0
266.5    0    0    0
266.5    0    0    0
265.5    0    0    0
265.5    0    0    0
266    0    0    0
266    0    0    0
265.5    0    0    0
265.5    0    0    0
267    0    0    0
267    0    0    0
266.5    0    0    0
266.5    0    0    0
267.5    0    0    0
267.5    0    0    0
267    0    0    0
267    0    0    0
266    0    0    0
266    0    0    0
266.5    0    0    0
266.5    0    0    0
267    0    0    0
267    0    0    0
267    0    0    0
266    0    0    0
266    0    0    0
266.5    0    0    0
266.5    0    0    0
267    0    0    0
267    0    0    0
267    0    0    0
267    0    0    0
266    0    0    0
266    0    0    0
265.5    0    0    0
265.5    0    0    0
265.5    0    0    0
265.5    0    0    0
267    0    0    0
267    0    0    0
266    0    0    0
266    0    0    0
267    0    0    0
267    0    0    0
267    0    0    0
267    0    0    0
266    0    0    0
266    0    0    0
265.5    0    0    0
265.5    0    0    0
264.5    0    0    0
264.5    0    0    0
265.5    0    0    0
265.5    0    0    0
266    0    0    0
266    0    0    0
266    0    0    0
266    0    0    0
266.5    0    0    0
266.5    0    0    0
267.5    0    0    0
267.5    0    0    0
266.5    0    0    0
266.5    0    0    0
266    0    0    0
266    0    0    0
266    0    0    0
266    0    0    0
265.5    0    0    0
265.5    0    0    0
266.5    0    0    0
266.5    0    0    0
266    0    0    0
266    0    0    0
266    0    0    0
266    0    0    0
266    0    0    0
266    0    0    0
266.5    0    0    0
266.5    0    0    0
267    0    0    0
267    0    0    0
267    0    0    0
267    0    0    0
267    0    0    0
267    0    0    0
267    0    0    0
267.5    0    0    0
267.5    0    0    0
266    0    0    0
266    0    0    0
267    0    0    0
267    0    0    0
267.5    0    0    0
267.5    0    0    0
266    0    0    0
266    0    0    0
266    0    0    0
266    0    0    0
265    0    0    0
265    0    0    0
266    0    0    0
266    0    0    0
266    0    0    0
266    0    0    0
265.5    0    0    0
265.5    0    0    0
265    0    0    0
265    0    0    0
265.5    0    0    0
265.5    0    0    0
265.5    0    0    0
265.5    0    0    0
1180    17706.5    0    0
1180    17706.5    0.748072    1.08877
5975    106496    1.95    3.081
5975    106496    3.9    6.162
6013    104807    7.8    10.0274
6013    104807    10.7318    9.38986
5977    103140    10.1218    6.06803
5977    103140    6.6157    6.06803
5920.5    102590    6.5637    6.06803
5920.5    102590    6.4961    5.99871
5839.5    101288    6.4246    5.93298
5839.5    101288    6.4246    5.93298
5848    101288    6.4246    5.93298
5848    101288    6.4246    5.93298
5715    99444    6.3414    5.85595
5715    99444    6.2504    5.77225
5911    103354    6.54095    6.04133
5911    103354    6.48895    6.04133
5866.5    102788    6.4376    5.94479
5866.5    102788    6.49155    5.99614
5991    105224    6.5858    6.08292
5991    105224    6.5858    6.08292
6013.5    105855    6.5858    6.08292
6013.5    105855    6.6573    6.15019
5991.5    105855    6.6573    6.15019
5991.5    105855    6.6573    6.15019
5926    104271    6.51105    6.0136
5926    104271    6.51105    6.0136
5924.5    104271    6.51105    6.0136
5924.5    104271    6.51105    6.0136
5907    104271    6.51105    6.0136
5907    104271    6.51105    6.0136
5907    104271    6.6066    6.10089
6014    105966    6.6066    6.10089
6014    105966    6.6066    6.10089
5953    104843    6.6066    6.10089
5953    104843    6.6066    6.10089
6079.5    107222    6.7444    6.22824
6079.5    107222    6.8159    6.295
6073    107222    6.68135    6.17176
6073    107222    6.68135    6.17176
5961    105098    6.5637    6.06341
5961    105098    6.5637    6.06341
5836.5    103180    6.61375    6.06341
5836.5    103180    6.03525    5.57148
5604.5    98546    6.1737    5.7019
5604.5    98546    6.1737    5.7019
5699    100486    6.31865    5.83285
5699    100486    6.2517    5.77174
5577    98265.5    6.11585    5.64953
5577    98265.5    6.11585    5.64953
5683    100341    6.28095    5.8005
5683    100341    6.17305    5.69985
5556.5    97973    6.17305    5.69985
5556.5    97973    6.17305    5.69985
5639.5    99540.5    6.24065    5.76147
5639.5    99540.5    6.15875    5.6865
5636    99540.5    6.15875    5.6865
5636    99540.5    6.23285    5.75325
5718.5    101404    6.31995    5.83541
5718.5    101404    6.31995    5.83541
5746.5    101404    6.31995    5.83541
5746.5    101404    6.31995    5.83541
5623    98852.5    6.20685    5.73066
5623    98852.5    6.20685    5.73066
5610.5    98852.5    6.20685    5.73066
5610.5    98852.5    6.15615    5.73066
5581.5    97812.5    6.15615    5.64593
5581.5    97812.5    6.15615    5.64593
5622    98481    6.15615    5.7019
5622    98481    6.15615    5.7019
5477    95753    6.0242    5.56172
5477    95753    6.0242    5.56172
5433.5    94923.5    5.94165    5.48572
5433.5    94923.5    5.94165    5.48572
5445.5    94923.5    6.0671    5.60126
5445.5    94923.5    5.90785    5.45337
5369.5    93752    5.90785    5.45337
5369.5    93752    5.90785    5.45337
5368    93752    5.90785    5.45337
5368    93752    5.90785    5.45337
5449.5    95379.5    5.90785    5.45337
5449.5    95379.5    5.98975    5.52937
5363    93772.5    5.98975    5.52937
5363    93772.5    5.84545    5.39637
5452.5    95469    5.9293    5.47391
5452.5    95469    6.00665    5.54323
5496    96307    6.00665    5.54323
5496    96307    6.00665    5.54323
5505    96307    6.06255    5.59612
5505    96307    6.06255    5.59612
5488.5    96307    6.06255    5.59612
5488.5    96307    6.0099    5.59612
5488.5    96307    6.0099    5.59612
5517.5    96826    6.0099    5.59612
5517.5    96826    6.15355    5.68034
5731    100877    6.34465    5.86058
5731    100877    6.34465    5.86058
5762    101498    6.34465    5.86058
5762    101498    6.4103    5.91963
5943.5    105036    6.6066    6.10295
5943.5    105036    6.6066    6.10295
6094    107711    6.7561    6.24108
6094    107711    6.84385    6.32067
6284.5    111278    6.98425    6.45059
6284.5    111278    6.98425    6.45059
6362    112976    6.98425    6.45059
6362    112976    7.13765    6.59796
2390    39380    2.0553    1.97184
2390    39380    0    0
263.5    0    0    0
263.5    0    0    0
263.5    0    0    0
263.5    0    0    0
263    0    0    0
263    0    0    0
262.5    0    0    0
262.5    0    0    0
262.5    0    0    0
262.5    0    0    0
264    0    0    0
264    0    0    0
263.5    0    0    0
263.5    0    0    0
264.5    0    0    0
264.5    0    0    0
263.5    0    0    0
263.5    0    0    0
265    0    0    0
265    0    0    0
265    0    0    0
265    0    0    0
263.5    0    0    0
263.5    0    0    0
264.5    0    0    0
264.5    0    0    0
264.5    0    0    0
264.5    0    0    0
265    0    0    0
265    0    0    0
1385    21760    0    0
1385    21760    0    0.820265
6737.5    119942    1.95    3.081
6737.5    119942    3.9    6.162
6166.5    106446    7.8    11.0726
6166.5    106446    10.9967    9.58756
6054    104851    9.828    5.9566
6054    104851    6.7691    6.25392
6357    110810    7.02585    6.49321
6357    110810    7.02585    6.49321
6541    114700    7.11295    6.57023
6541    114700    7.30145    6.74688
6571    115511    7.30145    6.74688
6571    115511    7.30145    6.74688
6571    115511    7.36385    6.8049
6737    119032    7.52245    6.95176
6737    119032    7.5998    7.02314
6850.5    121326    7.5998    7.02314
6850.5    121326    7.7246    7.13868
6966    123894    7.7246    7.13868
6966    123894    7.7246    7.13868
7157    127479    8.0015    7.39748
7157    127479    8.1874    7.56488
7379.5    131916    8.2537    7.63112
7379.5    131916    8.1458    7.52945
7248    129578    8.08795    7.47656
7248    129578    8.08795    7.47656
7478    133926    8.3824    7.75077
7478    133926    8.3824    7.75077
7500    133926    8.3824    7.75077
7500    133926    8.3824    7.75077
7698.5    138156    8.5839    7.93512
7698.5    138156    8.67555    8.0219
7756    139447    8.67555    8.0219
7756    139447    8.67555    8.0219
7777.5    139447    8.67555    8.0219
7777.5    139447    8.61965    7.96849
7651.5    137478    8.51045    7.86836
7651.5    137478    8.64825    7.99571
7956    143350    8.91475    8.24219
7956    143350    8.91475    8.24219
7805    139992    8.7347    8.07633
7805    139992    8.7347    8.07633
7806    139992    8.6515    7.9993
7806    139992    8.84065    8.17338
8182.5    146844    9.07335    8.39059
8182.5    146844    9.2729    8.57494
8231.5    147908    9.20465    8.51126
8231.5    147908    9.20465    8.51126
8144.5    146424    9.14615    8.45889
8144.5    146424    9.09155    8.40754
8333.5    149561    9.31125    8.61242
8333.5    149561    9.36455    8.61242
8313    149561    9.2911    8.61242
8313    149561    9.2911    8.61242
8230.5    147820    9.191    8.50048
8230.5    147820    9.25145    8.55799
8399    150663    9.25145    8.55799
8399    150663    9.51275    8.79934
8630.5    155512    9.7513    9.02014
8630.5    155512    9.6213    8.89844
8593    154624    9.6213    8.89844
8593    154624    9.6213    8.89844
8787.5    158098    9.84685    9.1059
8787.5    158098    9.84685    9.1059
8909.5    160410    10.0295    9.27638
8909.5    160410    10.0295    9.27638
8919    160410    9.88585    9.14389
8919    160410    10.1108    9.35289
8757    157506    9.9385    9.19268
8757    157506    9.80395    9.06841
8824    158570    9.80395    9.06841
8824    158570    9.9047    9.16187
8905    160155    9.99895    9.24916
8905    160155    9.99895    9.24916
8905    160155    10.1042    9.34827
9145.5    164795    10.3408    9.56445
9145.5    164795    10.3408    9.56445
9215    166128    10.3408    9.56445
9215    166128    10.4845    9.6995
9307.5    167886    10.4845    9.6995
9307.5    167886    10.6301    9.83455
9504    171342    10.6301    9.83455
9504    171342    10.8836    10.0692
9714.5    175766    10.8836    10.0692
9714.5    175766    10.7724    9.9696
9435    170446    10.5781    9.78936
9435    170446    10.5781    9.78936
9462.5    170446    10.5781    9.78936
9462.5    170446    10.84    10.0297
9636    174106    10.7542    9.95112
9636    174106    10.9252    10.1124
9405.5    169658    10.452    9.66972
9405.5    169658    10.7218    9.92339
9596.5    173089    10.7218    9.92339
9596.5    173089    10.8433    10.0348
9577.5    173089    10.7607    9.95882
9577.5    173089    10.8238    10.0179
9452.5    170356    10.606    9.81761
9452.5    170356    10.606    9.81761
9509.5    171609    10.7419    9.93982
9509.5    171609    10.6691    9.87152
9685.5    175072    10.9018    10.0882
9685.5    175072    10.9018    10.0882
9453.5    170518    10.6236    9.83044
9453.5    170518    10.6236    9.83044
9364    169056    10.4403    9.65688
9364    169056    10.6301    9.83455
9810.5    177087    10.6918    9.89258
9810.5    177087    11.542    10.6803
10436    189286    11.6441    10.7763
10436    189286    11.9451    11.0551
10597.5    192450    12.0113    11.1173
10597.5    192450    11.9288    11.0433
10740    195222    11.9288    11.0433
10740    195222    12.3052    11.391
10997    200306    12.4332    11.5106
10997    200306    12.4332    11.5106
11223.5    204712    12.6256    11.6862
11223.5    204712    12.751    11.8043
11368    207785    12.6061    11.6703
11368    207785    13.0695    12.1032
11474    210362    12.9454    11.9851
11474    210362    13.0526    12.0847
11769    215820    13.1424    12.1694
11769    215820    13.4082    12.418
11990.5    220442    13.726    19.8067
11990.5    220442    13.5668    12.5633
11678    214258    13.0735    12.1073
11678    214258    13.3757    12.3887
11877    218311    13.2483    12.2685
11877    218311    13.572    12.5684
12028.5    221302    13.6467    12.6393
12028.5    221302    13.6467    12.6393
12047.5    221302    13.6467    12.6393
12047.5    221302    13.7033    12.6906
12047.5    221302    13.7033    12.6906
12255    226365    13.8931    12.8683
12255    226365    14.1882    13.1446
12525    231569    14.1882    13.1446
12525    231569    10.2603    9.43916
2061    33924    0    0
2061    33924    0    0
266.5    0    0    0
266.5    0    0    0
264    0    0    0
264    0    0    0
265.5    0    0    0
265.5    0    0    0
265.5    0    0    0
265.5    0    0    0
264    0    0    0
264    0    0    0
265.5    0    0    0
265.5    0    0    0
266    0    0    0
266    0    0    0
265    0    0    0
265    0    0    0
4089    71961.5    0    0
4089    71961.5    1.95    1.5405
12670.5    225690    3.9    3.081
12670.5    225690    7.8    6.162
12412.5    224041    18.8503    15.405
12412.5    224041    20.9268    19.2455
10300    185737    18.3599    17.0533
10300    185737    11.2463    10.4015
10967    199152    12.2668    11.3535
10967    199152    12.7985    11.8454
11284    205846    12.7985    11.8454
11284    205846    12.7985    11.8454
11473.5    210091    12.9766    12.0097
11473.5    210091    12.9766    12.0097
11527.5    211498    12.9766    12.0097
11527.5    211498    13.1352    12.1535
11928.5    219730    13.5096    12.5048
11928.5    219730    13.5603    12.5048
11932    219730    13.5603    12.5048
11932    219730    13.5603    12.5048
12408    229528    13.8008    12.7718
12408    229528    14.3247    13.2586
12585    232888    14.3247    13.2586
12585    232888    14.2519    13.1908
13219.5    245327    14.7368    13.6375
13219.5    245327    15.2269    14.0987
13331    247567    15.1658    14.037
13331    247567    15.1658    14.037
13410    249584    15.106    13.9826
13410    249584    15.2646    14.1346
13654.5    254676    15.5727    14.4211
13654.5    254676    15.5727    14.4211
13957.5    260676    15.6832    14.5197
13957.5    260676    15.9523    14.7703
14462.5    270258    16.3371    15.1298
14462.5    270258    16.4723    15.252
14628.5    274150    16.6751    15.442
14628.5    274150    16.7323    15.4943
14628.5    274150    16.4502    15.2304
14573.5    274150    16.705    15.4666
14573.5    274150    16.5932    15.3629
14405    269856    16.4021    15.1914
14405    269856    16.1681    14.9706
13544    254440    15.2139    14.0904
13544    254440    14.9695    13.8583
13285    248628    15.0956    13.9734
13285    248628    15.2295    14.0997
13450.5    251734    15.3179    14.1808
13450.5    251734    15.3179    14.1808
13550.5    253988    15.4388    14.2928
13550.5    253988    15.5246    14.3708
13506    253988    15.2178    14.0833
13506    253988    15.4284    14.2815
13484    253988    15.2659    14.1356
13484    253988    15.4414    14.2948
13588.5    255454    15.4999    14.3503
13588.5    255454    15.4999    14.3503
13565    253522    15.3647    14.2281
13565    253522    15.548    14.3955
13652.5    255299    15.4011    14.263
13652.5    255299    15.7014    14.5392
14009    263518    15.9263    14.7467
14009    263518    16.0316    14.8443
14010.5    263518    15.925    14.7405
14010.5    263518    15.925    14.7405
13942.5    262147    15.8639    14.6882
13942.5    262147    15.8639    14.6882
13998    263720    15.8639    14.6882
13998    263720    16.0082    14.8227
14141.5    266720    16.146    14.9511
14141.5    266720    16.042    14.8504
13977.5    264174    15.9861    14.8504
13977.5    264174    15.7898    14.6214
13813.5    260431    15.6195    14.4643
13813.5    260431    15.8457    14.6707
13919.5    263238    15.6143    14.454
13919.5    263238    16.1512    14.947
14158.5    268196    16.3358    15.1205
14158.5    268196    15.9133    14.7344
13896.5    262756    15.9133    14.7344
13896.5    262756    15.7417    14.5752
13954.5    264789    16.0342    14.8432
13954.5    264789    15.7391    14.569
14055    266578    15.8678    14.6912
14055    266578    16.1083    14.9141
14122.5    268702    16.1083    14.9141
14122.5    268702    16.1083    14.9141
14038.5    268702    15.9393    14.759
14038.5    268702    16.0056    14.8217
14904.5    285074    16.2487    15.0414
14904.5    285074    17.4772    16.1907
15252    293064    17.5994    16.3026
15252    293064    17.2835    16.0058
15723    302427    17.2835    16.0058
15723    302427    18.2923    16.9445
16440    317068    18.5809    17.2074
16440    317068    18.837    17.4477
17252.5    333669    19.3414    17.917
17252.5    333669    19.8432    18.371
17252.5    333669    19.9641    18.4911
17340.5    333669    19.8575    18.3967
17340.5    333669    19.6937    18.2436
17335.5    335682    19.7717    18.3114
17335.5    335682    20.0577    18.5836
17520.5    339300    20.0577    18.5836
17520.5    339300    20.1747    18.6883
9283.5    177090    9.5459    8.83733
9283.5    177090    0    0
265.5    0    0    0
265.5    0    0    0
267    0    0    0
267    0    0    0
267.5    0    0    0
267.5    0    0    0
266    0    0    0
266    0    0    0
266    0    0    0
266    0    0    0
265.5    0    0    0
265.5    0    0    0
265    0    0    0
265    0    0    0
266    0    0    0
266    0    0    0
266.5    0    0    0
266.5    0    0    0
265.5    0    0    0
265.5    0    0    0
264.5    0    0    0
264.5    0    0    0
264.5    0    0    0
264.5    0    0    0
265    0    0    0
265    0    0    0
265.5    0    0    0
265.5    0    0    0
265    0    0    0
265    0    0    0
266.5    0    0    0
266.5    0    0    0
265.5    0    0    0
265.5    0    0    0
1884    32684    0    0
1884    32684    0.78    1.22639
265.5    0    0    0
265.5    0    0    0
266.5    0    0    0
266.5    0    0    0
266.5    0    0    0
266.5    0    0    0
267    0    0    0
267    0    0    0
267    0    0    0
267    0    0    0
266.5    0    0    0
266.5    0    0    0
266.5    0    0    0
266.5    0    0    0
266    0    0    0
266    0    0    0
266    0    0    0
265.5    0    0    0
265.5    0    0    0
265    0    0    0
265    0    0    0
265.5    0    0    0
265.5    0    0    0
265.5    0    0    0
265.5    0    0    0
1181.5    18016    0    0
1181.5    18016    0.78    1.5405
19942.5    368406    1.95    3.081
19942.5    368406    3.9    6.162
20561    388646    7.8    15.405
20561    388646    19.5    28.2024
17948    341484    31.967    30.3746
17948    341484    29.4567    26.4067
16819    320512    19.0957    17.7029
16819    320512    19.4948    18.0726
17755.5    340628    20.4373    18.9481
17755.5    340628    20.4971    19.0046
18163    348962    20.696    19.1895
18163    348962    21.0977    19.5644
17719.5    342666    20.631    19.1279
17719.5    342666    14.8135    13.7182
562.5    5835.5    0    0
562.5    5835.5    0    0
265    0    0    0
265    0    0    0
265.5    0    0    0
265.5    0    0    0
264.5    0    0    0
264.5    0    0    0
264.5    0    0    0
264.5    0    0    0
265.5    0    0    0
265.5    0    0    0
266.5    0    0    0
266.5    0    0    0
266    0    0    0
266    0    0    0
266.5    0    0    0
266.5    0    0    0
266    0    0    0
266    0    0    0
266    0    0    0
266    0    0    0
266    0    0    0
266    0    0    0
267    0    0    0
267    0    0    0
267.5    0    0    0
267.5    0    0    0
267    0    0    0
267    0    0    0
267    0    0    0
267    0    0    0
266.5    0    0    0
266.5    0    0    0
266    0    0    0
266    0    0    0
266    0    0    0
267    0    0    0
267    0    0    0
265.5    0    0    0
265.5    0    0    0.832846
12798.5    233500    1.95    3.081
12798.5    233500    3.9    6.162
18594    346610    7.8    15.405
18594    346610    19.5    26.4345
15542    291432    27.1537    25.2026
15542    291432    25.5437    22.8893
14427    271056    16.2396    15.0481
14427    271056    17.8503    16.545
16446.5    311736    18.7564    17.3845
16446.5    311736    18.9384    17.5566
16461    314182    18.8786    17.4975
16461    314182    18.6589    17.2921
16260    310934    18.5913    17.2331
16260    310934    18.4717    17.1201
16477.5    315923    18.7356    17.3666
16477.5    315923    19.0138    17.6259
16798    323294    19.1308    17.7312
16798    323294    19.5351    18.1137
17039    329078    19.5351    18.1137
17039    329078    19.3817    17.9674
17129.5    331038    19.6911    18.2549
17129.5    331038    19.5182    18.0957
17348    336168    19.7418    18.3011
17348    336168    19.9953    18.5373
17418.5    336168    19.9953    18.5373
17418.5    336168    19.7626    18.3191
17408    336168    19.7626    18.3191
17408    336168    20.085    18.6221
17409.5    336168    20.085    18.6221
17409.5    336168    19.6612    18.2267
17385    336168    19.6612    18.2267
17385    336168    20.15    18.6811
18082.5    349944    20.7584    19.2434
18082.5    349944    20.6336    19.1304
18000    349944    20.6336    19.1304
18000    349944    20.5127    19.0149
17914.5    347294    20.5842    19.0817
17914.5    347294    20.3814    18.8942
17680    341726    20.2969    18.8198
17680    341726    20.1318    18.6632
18228.5    353546    20.6609    19.151
18228.5    353546    21.0171    19.4848
18223.5    353546    20.5842    19.0817
18223.5    353546    21.0678    19.531
18111.5    349895    20.8572    19.3333
18111.5    349895    20.6245    19.1202
18056.5    349895    20.8598    19.341
18056.5    349895    20.5166    19.0175
18294.5    353194    20.6427    19.1381
18294.5    353194    21.1198    19.5823
18757.5    362978    21.3746    19.816
18757.5    362978    21.4786    19.9135
18619    360142    21.619    20.0419
18619    360142    21.1575    19.6131
18413.5    356653    20.9807    19.4539
18413.5    356653    21.1926    19.6516
18413.5    356653    21.0613    19.5233
18438    356653    21.0613    19.5233
18438    356653    21.5085    19.9443
18638.5    360346    21.2576    19.7107
18638.5    360346    21.0639    19.5258
18581.5    360346    21.3447    19.7903
18581.5    360346    21.2836    19.7312
18491    357608    21.164    19.6208
18491    357608    21.164    19.6208
18954.5    366115    21.7022    20.1164
18954.5    366115    22.2612    20.6427
19198.5    370962    21.9635    20.3654
19198.5    370962    21.7256    20.1446
18892.5    364032    21.5969    20.0214
18892.5    364032    21.463    19.893
18798    364032    21.463    19.893
18798    364032    21.5995    20.0239
18351.5    354062    20.9391    19.4077
18351.5    354062    21.0509    19.5156
18629.5    359560    21.3135    19.7595
18629.5    359560    21.593    20.0162
18988.5    366732    21.6684    20.0856
18988.5    366732    21.7581    20.1703
18807.5    363222    21.424    19.8596
18807.5    363222    21.6736    20.0933
18862    363222    21.4565    19.8956
18862    363222    21.7022    20.1215
19061.5    368226    21.7022    20.1215
19061.5    368226    22.1338    20.5246
19369    374214    22.2599    20.6427
19369    374214    22.0012    20.3937
19048    367362    21.9076    20.3141
19048    367362    21.6502    20.0727
18834.5    363064    21.5657    19.9957
18834.5    363064    21.5657    19.9957
19001    366182    21.8374    20.2499
19001    366182    21.7308    20.1472
19068    368092    22.0168    20.4168
19068    368092    21.6086    20.0368
18982.5    365511    21.7425    20.1626
18982.5    365511    21.7425    20.1626
18884    365511    21.6502    20.0727
18884    365511    21.5917    20.0137
18751    360890    21.4955    19.9238
18751    360890    21.4955    19.9238
18932.5    364166    21.3915    19.8339
18932.5    364166    21.9427    20.3397
18733    359765    21.6255    20.047
18733    359765    21.3135    19.7595
18792.5    359765    21.4968    19.9315
18792.5    359765    21.4968    19.9315
18608    357686    21.3213    19.7646
18608    357686    21.3213    19.7646
18874    363342    21.3213    19.7646
18874    363342    21.7594    20.178
18856    363342    21.6957    20.1164
18856    363342    21.6008    20.0239
18794.5    361423    21.6008    20.0239
18794.5    361423    21.4292    19.8647
18784    361423    21.5072    19.9392
18784    361423    21.5956    20.0162
18784    361423    21.4214    19.8596
18895    361423    21.7139    20.1292
18895    361423    21.5605    19.9854
19320.5    371602    22.3223    20.6786
19320.5    371602    22.9333    21.2615
20098    387232    23.0646    21.3873
20098    387232    23.231    21.5439
20478.5    394878    23.4468    21.7365
20478.5    394878    23.6704    21.947
20369    392784    23.1543    21.4669
20369    392784    23.6977    21.9701
21113.5    407302    24.3048    22.5401
21113.5    407302    23.9993    22.2577
20693.5    400040    23.6821    21.9624
20693.5    400040    24.1189    22.3604
21238.5    410488    24.4153    22.6402
21238.5    410488    24.4153    22.6402
21727.5    420783    25.0276    23.2076
21727.5    420783    24.8859    23.0818
21794.5    420783    24.8859    23.0818
21794.5    420783    25.3578    23.5132
21966    425968    25.3578    23.5132
21966    425968    24.8573    23.0459
22027.5    425968    25.3409    23.4952
22027.5    425968    25.2616    23.4233
22150.5    429436    25.5411    23.6775
22150.5    429436    25.5411    23.6775
22164    429436    25.597    23.7391
22164    429436    25.1836    23.3565
22172    429436    25.4722    23.6159
22172    429436    25.4722    23.6159
22446.5    434216    25.5398    23.6801
22446.5    434216    26.2717    24.3707
23005    446722    26.4069    24.4939
23005    446722    26.4069    24.4939
22896.5    444110    26.4069    24.4939
22896.5    444110    26.1001    24.2141
22325.5    432512    25.6633    23.8007
22325.5    432512    25.5398    23.6852
22807.5    442669    25.9324    24.0549
22807.5    442669    26.5473    24.6146
23109.5    449050    26.7332    24.7943
23109.5    449050    26.3289    24.4169
22769    442254    26.273    24.3656
22769    442254    25.9935    24.1088
22499.5    436734    25.7491    23.8803
22499.5    436734    25.8999    24.019
22525.5    436734    25.961    24.078
22525.5    436734    25.8115    23.9394
23065.5    447920    25.9506    24.0703
23065.5    447920    26.8476    24.9073
22855.5    443442    26.364    24.4606
22855.5    443442    26.247    24.345
23110.5    449928    26.3419    24.4323
23110.5    449928    26.6994    24.7661
22821.5    443940    26.2834    24.3784
22821.5    443940    26.1417    24.2449
22715.5    443940    25.9623    24.0806
22715.5    443940    26.1248    24.2321
23632    460315    26.9776    25.0229
23632    460315    27.2207    25.2437
23632    460315    27.3    25.3258
23666.5    460315    27.0959    25.1333
23666.5    460315    27.209    25.2462
23493    457475    26.8164    24.8739
23493    457475    27.1622    25.1974
23483    457475    26.8931    24.9407
23483    457475    26.52    24.5915
22938.5    447530    26.3458    24.4349
22938.5    447530    26.442    24.5273
23255    453844    26.6864    24.7507
23255    453844    26.9893    25.0331
23331.5    453844    26.8892    24.9407
23331.5    453844    26.2704    24.3681
23200.5    453844    26.8515    24.9099
23200.5    453844    26.4914    24.5761
23194.5    453844    26.7618    24.8226
23194.5    453844    26.6851    24.7481
23101    450271    26.5525    24.6275
23101    450271    26.3289    24.4221
22823    444538    26.1235    24.2269
22823    444538    26.5317    24.5992
12706.5    245367    19.1048    17.6156
12706.5    245367    0    0
264    0    0    0
264    0    0    0
262.5    0    0    0
262.5    0    0    0
262    0    0    0
262    0    0    0
262.5    0    0    0
262.5    0    0    0
263    0    0    0
263    0    0    0
263.5    0    0    0
263.5    0    0    0
264    0    0    0
264    0    0    0
264.5    0    0    0
264.5    0    0    0
264    0    0    0
264    0    0    0
264    0    0    0
264    0    0    0
262.5    0    0    0
262.5    0    0    0
262.5    0    0    0
262.5    0    0    0
263.5    0    0    0
263.5    0    0    0
264    0    0    0
264    0    0    0
263.5    0    0    0
263.5    0    0    0
264.5    0    0    0
264.5    0    0    0
265    0    0    0
265    0    0    0
265    0    0    0
265    0    0    0
265    0    0    0
264.5    0    0    0
264.5    0    0    0
264    0    0    0
264    0    0    0
264.5    0    0    0
264.5    0    0    0
264.5    0    0    0
264.5    0    0    0
265    0    0    0
265    0    0    0
265.5    0    0    0
265.5    0    0    0
264    0    0    0
264    0    0    0
263    0    0    0
263    0    0    0
263.5    0    0    0
263.5    0    0    0
264    0    0    0
264    0    0    0
264.5    0    0    0
264.5    0    0    0
264.5    0    0    0
264.5    0    0    0
264.5    0    0    0
264.5    0    0    0
264.5    0    0    0
264.5    0    0    0
264    0    0    0
264    0    0    0
265    0    0    0
265    0    0    0
264    0    0    0
264    0    0    0
264    0    0    0
264    0    0    0
265    0    0    0
265    0    0    0
266    0    0    0
266    0    0    0
266.5    0    0    0
266.5    0    0    0
267    0    0    0
267    0    0    0
266    0    0    0
266    0    0    0
264.5    0    0    0
264.5    0    0    0
264    0    0    0
264    0    0    0
265    0    0    0
265    0    0    0
263    0    0    0
263    0    0    0
264    0    0    0
264    0    0    0
263.5    0    0    0
263.5    0    0    0
265    0    0    0
265    0    0    0
265    0    0    0
264.5    0    0    0
264.5    0    0    0
263.5    0    0    0
263.5    0    0    0
264    0    0    0
264    0    0    0
264.5    0    0    0
264.5    0    0    0
265    0    0    0
265    0    0    0
265    0    0    0
265    0    0    0
264.5    0    0    0
264.5    0    0    0
265    0    0    0
265    0    0    0
264.5    0    0    0
264.5    0    0    0
264    0    0    0
264    0    0    0
265    0    0    0
265    0    0    0
265    0    0    0
265    0    0    0
263.5    0    0    0
263.5    0    0    0
263.5    0    0    0
263.5    0    0    0
265    0    0    0
265    0    0    0
263.5    0    0    0
263.5    0    0    0
263    0    0    0
263    0    0    0
262.5    0    0    0
262.5    0    0    0
264    0    0    0
264    0    0    0
264    0    0    0
264    0    0    0
263.5    0    0    0
263.5    0    0    0
263    0    0    0
263    0    0    0
261.5    0    0    0
261.5    0    0    0
261.5    0    0    0
261.5    0    0    0
262    0    0    0
262    0    0    0
263    0    0    0
263    0    0    0
262.5    0    0    0
262.5    0    0    0
262    0    0    0
262    0    0    0
263.5    0    0    0
263.5    0    0    0
262.5    0    0    0
262.5    0    0    0
262.5    0    0    0
263.5    0    0    0
263.5    0    0    0
264    0    0    0
264    0    0    0
263.5    0    0    0
263.5    0    0    0
263    0    0    0
263    0    0    0
263    0    0    0
263    0    0    0
264    0    0    0
264    0    0    0
263.5    0    0    0
263.5    0    0    0
264.5    0    0    0
264.5    0    0    0
264.5    0    0    0
264.5    0    0    0
265    0    0    0
265    0    0    0
264.5    0    0    0
264.5    0    0    0
264    0    0    0
264    0    0    0
265.5    0    0    0
265.5    0    0    0
264.5    0    0    0
264.5    0    0    0
264.5    0    0    0
264.5    0    0    0
264.5    0    0    0
264.5    0    0    0
265    0    0    0
265    0    0    0
264.5    0    0    0
264.5    0    0    0
263    0    0    0
263    0    0    0
263.5    0    0    0
263.5    0    0    0
263    0    0    0
263    0    0    0
265.5    0    0    0
265.5    0    0    0
264.5    0    0    0
264.5    0    0    0
270.5    108    0    0
270.5    108    0    0
266    0    0    0
266    0    0    0
265.5    0    0    0
265.5    0    0    0
266.5    0    0    0
266.5    0    0    0
266    0    0    0
266    0    0    0
266    0    0    0
266    0    0    0
266    0    0    0
266    0    0    0
266    0    0    0
266    0    0    0
266    0    0    0
265.5    0    0    0
265.5    0    0    0
264.5    0    0    0
264.5    0    0    0
263.5    0    0    0
263.5    0    0    0
264.5    0    0    0
264.5    0    0    0
265    0    0    0
265    0    0    0
264.5    0    0    0
264.5    0    0    0
291    519    0    0
291    519    0    0
264    0    0    0
264    0    0    0
265    0    0    0
265    0    0    0
265    0    0    0
265    0    0    0
264    0    0    0
264    0    0    0
263.5    0    0    0
263.5    0    0    0
263    0    0    0
263    0    0    0
263.5    0    0    0
263.5    0    0    0
263    0    0    0
263    0    0    0
263.5    0    0    0
263.5    0    0    0
2516    44330.5    0    0
2516    44330.5    0.78    1.44263
24065    445752    1.95    3.081
24065    445752    3.9    6.162
24931    474324    7.8    15.405
24931    474324    19.5    30.81
22957.5    441416    36.2895    39.6915
22957.5    441416    38.7179    34.8127
22030    424103    36.1823    22.499
22030    424103    26.455    24.5196
8218.5    156018    17.9953    16.6117
8218.5    156018    0    0
263.5    0    0    0
263.5    0    0    0
263.5    0    0    0
263.5    0    0    0
263.5    0    0    0
263.5    0    0    0
262.5    0    0    0
262.5    0    0    0
263    0    0    0
263    0    0    0
263.5    0    0    0
263.5    0    0    0
264    0    0    0
264    0    0    0
264    0    0    0
265.5    0    0    0
265.5    0    0    0
265.5    0    0    0
265.5    0    0    0
264.5    0    0    0
264.5    0    0    0
8706.5    160880    0.78    1.34491
8706.5    160880    1.95    3.081
24389    461330    3.9    6.162
24389    461330    7.8    15.405
25352    488932    19.5    30.81
25352    488932    36.0548    39.3012
22066.5    426670    38.8726    34.7485
22066.5    426670    35.8768    22.2808
21059    407720    23.933    22.1883
21059    407720    25.7335    23.8546
22963    446869    26.338    24.4169
22963    446869    26.2795    24.4169
22748    442520    25.9837    24.0857
22748    442520    26.4875    24.5556
22881.5    445651    26.2698    24.3553
22881.5    445651    26.1722    24.2603
22814    445651    26.26    24.3425
22814    445651    26.26    24.3425
22946    448456    26.26    24.3425
22946    448456    26.39    24.4683
22720.5    444090    26.104    24.1987
22720.5    444090    25.9578    24.0652
22675    444090    26.0845    24.1833
22675    444090    26.0845    24.1833
22659.5    444090    26.0065    24.1088
22659.5    444090    26.2113    24.3014
23268    456654    26.8417    24.8816
23268    456654    26.6922    24.743
23013.5    452153    26.4875    24.5607
23013.5    452153    26.2925    24.3758
23272    457720    26.6337    24.6891
23272    457720    26.9555    24.9946
22933.5    452552    26.429    24.5017
22933.5    452552    26.1982    24.2911
23434    461762    27.0432    25.0716
23434    461762    26.7832    24.8354
23174    457944    26.6077    24.6737
23174    457944    26.6597    24.6737
23068.5    455251    26.3965    24.4785
23068.5    455251    26.5557    24.6275
23181.5    455251    26.5557    24.6275
23181.5    455251    26.728    24.7789
23225    459684    26.8223    24.8688
23225    459684    26.5623    24.63
23161.5    459684    26.3022    24.3861
23161.5    459684    26.8612    24.9047
23192    459684    26.7312    24.7892
23192    459684    26.6467    24.7071
23266.5    459684    26.741    24.7892
23266.5    459684    26.6597    24.7173
22945.5    454850    26.4713    24.5376
22945.5    454850    26.2795    24.3656
23643.5    469164    27.1407    25.1589
23643.5    469164    27.0627    25.0947
23643.5    469164    27.0627    25.0947
23464.5    465922    26.9165    24.9561
23464.5    465922    26.9165    24.9561
23311    462792    26.793    24.838
23311    462792    26.4745    24.5479
22973.5    456121    26.3802    24.4554
22973.5    456121    26.481    24.553
23226.5    460816    26.7312    24.7815
23226.5    460816    26.858    24.8996
22972.5    456268    26.2113    24.304
22972.5    456268    26.351    24.4323
23302    463090    26.91    24.9484
23302    463090    26.7995    24.8534
23155    459934    26.507    24.5761
23155    459934    26.611    24.6737
23133.5    459934    26.611    24.6737
23133.5    459934    26.3705    24.4477
22893.5    454652    26.234    24.3219
22893.5    454652    26.6305    24.6891
23284.5    462867    26.7345    24.7866
23284.5    462867    26.8417    24.8816
23363    462867    26.7768    24.8226
23363    462867    26.8547    24.8996
23410    466188    26.8547    24.8996
23410    466188    26.9653    24.9972
23626.5    470806    27.0887    25.1204
23626.5    470806    27.3942    25.4003
23482.5    468278    26.975    25.01
23482.5    468278    26.6955    24.7533
23288    464687    26.6143    24.6762
23288    464687    26.9653    25.0023
22983    458972    26.5037    24.5761
22983    458972    26.1917    24.2783
23259    463726    26.7377    24.7866
23259    463726    26.8775    24.9227
14775.5    293132    25.675    23.8315
14775.5    293132    2.37575    2.24913
265.5    0    0    0
265.5    0    0    0
266    0    0    0
266    0    0    0
266    0    0    0
266    0    0    0
266    0    0    0
266    0    0    0
267    0    0    0
267    0    0    0
266.5    0    0    0
266.5    0    0    0
266.5    0    0    0
266.5    0    0    0
264.5    0    0    0
264.5    0    0    0
265    0    0    0
265    0    0    0
266    0    0    0
266    0    0    0
267    0    0    0
267    0    0    0
267    0    0    0
267    0    0    0
267    0    0    0
267    0    0    0
267    0    0    0
267    0    0    0
267    0    0    0
485.5    4584.5    0    0
485.5    4584.5    0    0
265    0    0    0
265    0    0    0
265.5    0    0    0
265.5    0    0    0
266.5    0    0    0
266.5    0    0    0
266    0    0    0
266    0    0    0
266.5    0    0    0
266.5    0    0    0
267    0    0    0
267    0    0    0
266    0    0    0
266    0    0    0
12310.5    229836    0.78    1.5405
12310.5    229836    1.95    3.081
24143.5    461608    3.9    6.162
24143.5    461608    7.8    15.405
23959    464895    19.5    30.81
23959    464895    34.6268    37.0398
19118.5    370686    35.1299    31.3132
19118.5    370686    31.6127    19.7929
20802    404521    23.5982    21.87
20802    404521    24.5798    22.784
21325.5    416881    24.5115    22.7224
21325.5    416881    24.3165    22.5426
21315    416881    24.3685    22.5426
21315    416881    24.635    22.8379
21399    421244    24.5082    22.7198
21399    421244    24.7195    22.9124
22126    436458    25.4637    23.603
22126    436458    25.3272    23.4824
21911.5    432524    25.0672    23.2384
21911.5    432524    25.2622    23.4207
22135    437369    25.519    23.6569
22135    437369    25.2655    23.4233
21725    429242    24.83    23.0176
21725    429242    25.025    23.1974
22059.5    436154    24.9535    23.1306
22059.5    436154    25.753    23.8675
22028    436154    25.454    23.5953
22028    436154    25.1257    23.2898
21932    432842    25.3077    23.4592
21932    432842    25.0413    23.2153
22939.5    453597    25.8083    23.9291
22939.5    453597    26.7995    24.8457
23298    460454    26.6045    24.6634
23298    460454    26.8775    24.915
23565.5    467076    26.9718    25.0074
23565.5    467076    27.1115    25.1384
23953    475034    27.8005    25.7751
23953    475034    27.339    25.3489
23710    469810    27.092    25.1153
23710    469810    27.3682    25.3772
23710    469810    27.5925    25.5774
24169    479844    27.859    25.829
24169    479844    27.7972    25.7726
23972    475116    27.417    25.4234
23972    475116    27.1407    25.1666
23631.5    468450    27.1407    25.1666
23631.5    468450    27.2902    25.3027
23769    471196    27.2902    25.3027
23769    471196    27.4007    25.4105
23864.5    471196    27.4007    25.4105
23864.5    471196    27.4007    25.4105
23889.5    471196    27.469    25.4619
23889.5    471196    27.5437    25.5364
23739.5    471196    27.196    25.2128
23739.5    471196    27.4885    25.4876
24108.5    476986    27.7908    25.7649
24108.5    476986    27.6055    25.598
23667    468384    27.105    25.1281
23667    468384    27.105    25.1281
23652    468384    27.105    25.1281
23652    468384    27.105    25.1281
23378.5    462198    26.7475    24.7969
23378.5    462198    27.0693    25.0973
23857.5    471790    27.4072    25.4157
23857.5    471790    27.6803    25.6545
24487    484870    27.6803    25.6545
24487    484870    29.2533    27.1154
25540    506508    29.5782    27.4209
25540    506508    29.042    26.9279
26379    523712    29.8902    27.7162
26379    523712    31.5347    29.2413
27039    537641    31.2455    28.9717
27039    537641    30.8522    28.6097
26672.5    529990    30.5435    28.3195
26672.5    529990    30.7417    28.5044
26916.5    534848    30.9562    28.6969
26916.5    534848    31.1285    28.8638
27730.5    552770    31.499    29.2104
27730.5    552770    32.6203    30.2554
28071    559525    32.3993    30.05
28071    559525    32.2985    29.9473
28401.5    565148    32.6625    30.2837
28401.5    565148    32.6625    30.2837
28474    565148    32.6625    30.2837
28474    565148    32.9388    30.543
28380    565148    32.63    30.2606
28380    565148    32.76    30.3838
7198.5    139040    15.21    13.9852
7198.5    139040    0    0
268    0    0    0
268    0    0    0
267    0    0    0
267    0    0    0
267    0    0    0
267    0    0    0
266.5    0    0    0
266.5    0    0    0
267.5    0    0    0
267.5    0    0    0
268.5    0    0    0
268.5    0    0    0
268.5    0    0    0
269    0    0    0
269    0    0    0
267    0    0    0
267    0    0    0
266.5    0    0    0
266.5    0    0    0
266    0    0    0
266    0    0    0
266    0    0    0
266    0    0    0
266.5    0    0    0
266.5    0    0    0
266    0    0    0
266    0    0    0
266    0    0    0
266    0    0    0
266    0    0    0
266    0    0    0
266.5    0    0    0
266.5    0    0    0
266.5    0    0    0
266.5    0    0    0
265    0    0    0
265    0    0    0
265.5    0    0    0
265.5    0    0    0
267    0    0    0
267    0    0    0
268    0    0    0
268    0    0    0
267    0    0    0
267    0    0    0
266.5    0    0    0
266.5    0    0    0
266    0    0    0
266    0    0    0
266.5    0    0    0
266.5    0    0    0
267    0    0    0
267    0    0    0
267.5    0    0    0
267.5    0    0    0
267    0    0    0
267    0    0    0
268    0    0    0
268    0    0    0
268    0    0    0
268    0    0    0
266.5    0    0    0
266.5    0    0    0
267.5    0    0    0
267.5    0    0    0
267    0    0    0
267    0    0    0
267.5    0    0    0
267.5    0    0    0
268    0    0    0
268    0    0    0
268    0    0    0
269    0    0    0
269    0    0    0
267.5    0    0    0
267.5    0    0    0
269    0    0    0
269    0    0    0
268.5    0    0    0
268.5    0    0    0
270    0    0    0
270    0    0    0
270.5    0    0    0
270.5    0    0    0
270    0    0    0
270    0    0    0
269.5    0    0    0
269.5    0    0    0
269.5    0    0    0
269.5    0    0    0
269.5    0    0    0
269.5    0    0    0
268.5    0    0    0
268.5    0    0    0
269    0    0    0
269    0    0    0
270    0    0    0
270    0    0    0
269    0    0    0
269    0    0    0
269    0    0    0
269    0    0    0
268.5    0    0    0
268.5    0    0    0
268.5    0    0    0
268.5    0    0    0
270    0    0    0
270    0    0    0
270    0    0    0
270    0    0    0
268    0    0    0
268    0    0    0
270    0    0    0
270    0    0    0
268.5    0    0    0
268.5    0    0    0
269    0    0    0
269    0    0    0
270    0    0    0
270    0    0    0
269.5    0    0    0
269.5    0    0    0
269    0    0    0
269    0    0    0
268.5    0    0    0
268.5    0    0    0
268    0    0    0
268    0    0    0
269.5    0    0    0
269.5    0    0    0
268.5    0    0    0
268.5    0    0    0
268.5    0    0    0
267    0    0    0
267    0    0    0
267    0    0    0
267    0    0    0
267    0    0    0
267    0    0    0
267    0    0    0
267    0    0    0
267    0    0    0
267    0    0    0
268    0    0    0
268    0    0    0
268    0    0    0
268    0    0    0
269    0    0    0
269    0    0    0
269.5    0    0    0
269.5    0    0    0
268.5    0    0    0
268.5    0    0    0
269    0    0    0
269    0    0    0
267    0    0    0
267    0    0    0
268    0    0    0
268    0    0    0
268.5    0    0    0
268.5    0    0    0
269    0    0    0
269    0    0    0
269.5    0    0    0
269.5    0    0    0
268.5    0    0    0
268.5    0    0    0
269    0    0    0
269    0    0    0
269    0    0    0
269    0    0    0
266.5    0    0    0
266.5    0    0    0
268    0    0    0
268    0    0    0
267    0    0    0
267    0    0    0
9620    176519    0    0
9620    176519    0.78    1.5405
5507.5    98489.5    1.58675    2.07295
5507.5    98489.5    0    0
268    0    0    0
268    0    0    0
268    0    0    0
268    0    0    0
268.5    0    0    0
268.5    0    0    0
269    0    0    0
269    0    0    0
268.5    0    0    0
268.5    0    0    0
268.5    0    0    0
268.5    0    0    0
268.5    0    0    0
268.5    0    0    0
268.5    0    0    0
269    0    0    0
269    0    0    0
1846.5    31585    0    0.563823
1846.5    31585    1.95    1.5405
31859.5    603965    3.9    3.081
31859.5    603965    7.8    6.162
35048.5    683752    19.5    15.405
35048.5    683752    39    30.81
34010.5    670828    61.1884    52.8977
34010.5    670828    52.3055    48.5643
27852    548492    30.7937    28.5634
27852    548492    32.4155    30.0757
30662.5    606414    36.4162    33.7498
30662.5    606414    36.1595    33.5341
30019    595204    34.2127    31.7446
30019    595204    33.267    30.8459
29174    578316    33.5985    31.154
29174    578316    34.2648    31.7779
29762    591099    34.2648    31.7779
29762    591099    34.1867    31.7086
29780    591099    34.3298    31.8396
29780    591099    34.476    31.9679
29366.5    583778    33.761    31.303
29366.5    583778    33.5075    31.0719
29487    586992    33.9657    31.5007
29487    586992    33.9657    31.5007
29296.5    582782    33.6797    31.2362
29296.5    582782    33.6797    31.2362
28583    569094    32.8218    30.4377
28583    569094    32.9128    30.525
28772    572706    32.9128    30.525
28772    572706    33.5595    31.1258
28804.5    572706    33.1305    30.7278
28804.5    572706    32.9745    30.5866
28385.5    565020    32.7275    30.3504
28385.5    565020    32.6268    30.2529
28503    565020    32.9193    30.5301
28503    565020    32.7795    30.4043
28601.5    569888    32.9647    30.5661
28601.5    569888    33.0882    30.6893
28728    569888    33.306    30.8896
28728    569888    32.6787    30.3068
28356.5    564338    32.6787    30.3068
28356.5    564338    32.6787    30.3068
28842.5    574808    33.202    30.7895
28842.5    574808    33.254    30.8408
29155.5    581111    33.9885    31.5186
29155.5    581111    33.098    30.6996
28722    572474    32.7827    30.4018
28722    572474    33.3418    30.923
28264.5    563066    32.4383    30.0731
28264.5    563066    32.6722    30.2939
28216    563066    32.318    29.9653
28216    563066    32.6722    30.3016
28429    566044    32.7275    30.3016
28429    566044    32.7275    30.3016
28511.5    566044    32.6398    30.3016
28511.5    566044    32.8218    30.4223
28511.5    566044    34.5052    31.9936
29955    597444    34.5052    31.9936
29955    597444    34.918    32.3787
30662    612208    35.4997    32.9256
30662    612208    36.8095    34.1246
32257.5    643811    37.3327    34.633
32257.5    643811    37.1963    34.4918
32221    643811    37.089    34.3917
32221    643811    37.6025    34.8692
33013.5    659298    38.0998    35.3468
33013.5    659298    38.519    35.7319
32777    654912    37.6025    34.8769
32777    654912    37.076    34.384
32290.5    644174    37.232    34.538
32290.5    644174    37.427    34.7126
32736    653080    37.947    35.1876
32736    653080    37.3978    34.6741
31958    636616    36.8387    34.1683
31958    636616    36.933    34.2582
32686.5    653083    37.7033    34.9668
32686.5    653083    38.0477    35.2852
32590    653083    37.518    34.805
32590    653083    37.349    34.6458
32989    660250    38.0965    35.3391
32989    660250    38.2233    35.4572
33018    660250    37.96    35.2133
33018    660250    38.5775    35.7755
33522    669552    38.9837    36.1658
33522    669552    37.9405    35.1979
32444.5    646800    37.3327    34.6202
32444.5    646800    37.4335    34.7229
32537    646800    37.7455    35.013
32537    646800    37.128    34.443
32053.5    638841    36.8843    34.2094
32053.5    638841    37.2743    34.5662
32825    654224    37.947    35.1979
32825    654224    37.7163    34.9873
32429    645706    37.2775    34.5791
32429    645706    37.5277    34.8076
32881.5    655237    38.051    35.2929
32881.5    655237    37.9762    35.2287
32893.5    655237    37.9145    35.1747
32893.5    655237    37.843    35.1054
33270    663224    38.3955    35.6061
33270    663224    38.3078    35.5316
33080    663224    38.1712    35.3981
33080    663224    38.1193    35.3981
32551    649296    37.427    34.7152
32551    649296    37.6512    34.918
32914.5    656788    37.9632    35.2081
32914.5    656788    37.9632    35.2081
32883.5    656788    37.9632    35.2081
32883.5    656788    37.8527    35.1131
32581    648814    37.4595    34.7331
32581    648814    37.713    34.9848
32901.5    655203    38.207    35.4418
32901.5    655203    37.7065    34.9719
35588.5    709738    39.8872    37.0208
35588.5    709738    41.8015    38.7718
35159.5    701324    40.989    38.0247
35159.5    701324    40.404    37.4778
35159.5    701324    40.729    37.7859
35453    707929    40.9305    37.9708
35453    707929    41.1483    38.1633
35737.5    713760    41.249    38.2635
35737.5    713760    42.6693    39.5626
37057.5    741014    42.6693    39.5626
37057.5    741014    42.6693    39.5626
36720    735229    42.3475    39.2879
36720    735229    41.9282    38.8976
36317    726000    41.9282    38.8976
36317    726000    41.7528    38.7333
36317    726000    41.7528    38.7333
36317    726000    42.9975    39.8912
37344    748044    43.1145    39.9939
37344    748044    42.484    39.4111
36587    731348    42.2142    39.1621
36587    731348    42.6725    39.5934
36807.5    731348    42.3735    39.311
36807.5    731348    42.055    39.0029
36266.5    724624    41.6    38.5947
36266.5    724624    42.744    39.6627
37053    741229    42.744    39.6627
37053    741229    42.4027    39.3341
37573    751344    43.5175    40.3714
37573    751344    43.7482    40.5793
37231    744867    42.874    39.768
37231    744867    42.5197    39.4419
36631.5    732080    42.1785    39.1287
36631.5    732080    42.757    39.6602
37505    749044    43.4753    40.3329
37505    749044    43.0235    39.9118
34411    687562    43.0235    39.9118
34411    687562    21.281    19.8853
269    0    0    0
269    0    0    0
269    0    0    0
269    0    0    0
270    0    0    0
270    0    0    0
267.5    0    0    0
267.5    0    0    0
267.5    0    0    0
267.5    0    0    0
268    0    0    0
268    0    0    0
268    0    0    0
268    0    0    0
268.5    0    0    0
268.5    0    0    0
267.5    0    0    0
267.5    0    0    0
269    0    0    0
269    0    0    0
268.5    0    0    0
268.5    0    0    0
266.5    0    0    0
266.5    0    0    0
3414.5    62503.5    0    0
3414.5    62503.5    0    0.827017
36393    697066    1.95    3.081
36393    697066    3.9    6.162
36393    697066    7.8    15.405
36663.5    718208    19.5    30.81
36663.5    718208    39    54.8747
36595.5    718208    65.0013    58.747
36595.5    718208    62.7185    38.9849
36199    718208    41.613    38.6024
36199    718208    41.613    38.6024
35925    713500    41.3335    38.343
35925    713500    41.6683    38.6588
36517    727674    42.458    39.3906
36517    727674    41.3725    38.3739
35868.5    716212    41.5252    38.5151
35868.5    716212    41.5252    38.5151
36190    722060    41.5252    38.569
36190    722060    42.4613    39.3906
36990.5    737282    42.8415    39.7372
36990.5    737282    42.4222    39.3546
36633    730490    42.4222    39.3546
36633    730490    42.0355    38.9926
36661    730490    42.458    39.3803
36661    730490    42.458    39.3803
36524.5    730490    42.0355    38.9926
36524.5    730490    42.5425    39.4548
36727    730490    42.3573    39.2879
36727    730490    42.237    39.1852
36582    730490    41.9997    38.9669
36582    730490    42.4743    39.4034
36631.5    730490    42.1915    39.139
36631.5    730490    42.5002    39.424
37108    740649    42.9715    39.863
37108    740649    42.4678    39.4034
36161    721246    41.7788    38.7564
36161    721246    41.4408    38.4432
35800.5    713094    41.2523    38.266
35800.5    713094    41.4342    38.4303
36246    722928    41.8698    38.8437
36246    722928    41.8145    38.7821
36418.5    722928    42.055    39.0106
36418.5    722928    41.8827    38.854
36120.5    722928    41.496    38.4945
36120.5    722928    42.029    38.9901
36267    722928    42.029    38.9901
36267    722928    41.6488    38.6383
35657    711986    41.3498    38.361
35657    711986    40.7972    37.8501
35719.5    711986    41.275    38.2943
35719.5    711986    41.1613    38.1839
35310.5    705381    41.0605    38.094
35310.5    705381    40.4072    37.4804
35670    712570    41.158    38.189
35670    712570    41.158    38.189
36111.5    721644    41.6227    38.6229
36111.5    721644    41.7397    38.723
36213    721644    41.9087    38.8771
36213    721644    41.7072    38.6897
35930.5    721644    41.457    38.456
35930.5    721644    41.457    38.456
36683.5    733248    42.1655    39.1159
36683.5    733248    42.4775    39.4034
36872.5    737578    42.7375    39.6422
36872.5    737578    42.315    39.2442
36872.5    737578    42.9552    39.8527
37320.5    747042    43.199    40.0735
37320.5    747042    42.8968    39.7937
37240    747042    43.0853    39.9708
37240    747042    43.03    39.9144
37467    747042    43.3843    40.2533
37467    747042    43.1567    40.0376
36948    740284    42.3182    39.2519
36948    740284    42.6888    39.5986
36819.5    740284    42.3638    39.3007
36819.5    740284    43.069    39.958
37342    748412    43.069    39.958
37342    748412    42.8838    39.786
37034    742136    42.6595    39.5754
37034    742136    43.2673    40.1454
37849    759340    43.784    40.6204
37849    759340    43.3127    40.1788
37497    751283    43.3127    40.1788
37497    751283    43.5565    40.4073
37444    751283    43.264    40.1352
37444    751283    43.0755    39.9631
37298    747167    42.9455    39.8399
37298    747167    43.0625    39.9477
37314    747167    42.9227    39.8245
37314    747167    43.3713    40.2404
37193.5    747167    43.017    39.9092
37193.5    747167    42.4352    39.37
37007.5    741102    42.8512    39.7552
37007.5    741102    42.9552    39.8476
37267    746019    43.0105    39.9015
37267    746019    43.0105    39.9015
37694.5    754704    43.4655    40.32
37694.5    754704    43.6702    40.51
37402    748563    43.2965    40.1608
37402    748563    42.549    39.465
37009    740786    42.432    39.3598
37009    740786    43.5175    40.3739
37664.5    754412    43.2412    40.1146
37664.5    754412    43.5955    40.4433
37971    760636    43.8165    40.6435
37971    760636    44.0472    40.8643
37680    754995    43.5955    40.4433
37680    754995    43.2315    40.0966
37148.5    744417    43.0267    39.9169
37148.5    744417    42.5588    39.4727
37067    744417    42.8122    39.7141
37067    744417    42.8643    39.7654
37019    744417    42.7472    39.6576
37019    744417    42.6758    39.5908
39671    795781    44.7038    41.4677
39671    795781    47.216    43.799
40217    807506    46.5887    43.2213
40217    807506    46.3483    42.9954
39886    801171    46.4393    43.0852
39886    801171    45.604    42.315
39721.5    801171    45.3797    42.0993
39721.5    801171    46.345    42.9979
40500.5    813952    46.5562    43.1982
40500.5    813952    46.9365    43.5499
40570.5    813952    46.9365    43.5499
40570.5    813952    46.7675    43.3959
40570.5    813952    47.2583    43.8452
40830.5    820597    47.0697    43.6706
40830.5    820597    47.697    44.2534
41414.5    832842    47.9505    44.4896
41414.5    832842    47.398    43.9761
41093.5    826864    47.541    44.1122
41093.5    826864    47.541    44.1122
40889.5    822152    46.9657    43.5679
40889.5    822152    47.7717    44.3202
41531.5    834856    48.0317    44.5718
41531.5    834856    47.6092    44.1687
41014    824252    47.2453    43.8324
41014    824252    47.827    44.3792
41525.5    834449    48.0025    44.5359
41525.5    834449    47.6645    44.2201
41302    829331    47.6645    44.2201
41302    829331    48.321    44.8363
42046    844290    48.7175    45.2008
42046    844290    48.321    44.8285
41181    826186    47.2972    43.8863
41181    826186    47.5767    44.143
41711    837092    48.594    45.0853
41711    837092    48.1975    44.7233
41645    837092    48.0187    44.5538
41645    837092    48.2658    44.7798
42221    847501    49.088    45.5423
42221    847501    48.178    44.7002
41733.5    836682    48.5452    45.0417
41733.5    836682    47.5865    44.1507
41717.5    836682    48.0187    44.5564
41717.5    836682    49.1075    45.5654
42354    849029    48.971    45.4319
42354    849029    49.1595    45.6039
41957    841683    48.6688    45.1572
41957    841683    47.6222    44.1815
41018.5    821641    47.0892    43.6911
41018.5    821641    47.8042    44.3561
42571    853646    48.9808    45.4447
42571    853646    49.4683    45.9095
41606.5    833528    48.1097    44.636
41606.5    833528    47.879    44.4177
41436.5    833528    48.0057    44.5384
41436.5    833528    47.671    44.2278
41514    833528    47.801    44.3459
41514    833528    48.282    44.7926
42069.5    842928    48.4575    44.9595
42069.5    842928    48.7663    45.2445
41554    832492    48.035    44.5641
41554    832492    47.9797    44.5641
42073.5    843257    49.0783    45.5423
42073.5    843257    48.1065    44.6411
41941    843257    48.5355    45.0442
41941    843257    48.4543    44.9544
42302.5    848316    48.8085    45.2907
42302.5    848316    48.8703    45.3472
42521.5    852951    48.9255    45.3472
42521.5    852951    49.309    45.7477
42173    846092    49.309    45.7477
42173    846092    48.1683    44.6848
41572.5    833572    48.0187    44.5564
41572.5    833572    48.0902    44.6206
41572.5    833572    48.2007    44.713
42837    860082    50.5018    46.8825
42837    860082    50.5018    46.8825
44040    884534    51.1485    47.4705
44040    884534    50.648    47.0058
43412.5    873346    50.0142    46.4127
43412.5    873346    50.0142    46.4127
43901.5    882263    51.1452    47.4602
43901.5    882263    51.1452    47.4602
44754.5    900354    51.9415    48.1971
44754.5    900354    53.1115    49.2883
46217    930401    53.2707    49.4423
46217    930401    53.7323    49.8685
45939    924332    52.9002    49.0957
45939    924332    52.637    48.8493
45207.5    908772    52.1755    48.4179
45207.5    908772    51.948    48.2022
44482    894244    51.0412    47.3729
44482    894244    52.2275    48.477
45328    910814    52.1527    48.3974
45328    910814    52.8418    49.0315
46119.5    927468    52.9035    49.0829
46119.5    927468    54.7365    50.7877
46947.5    944596    54.4277    50.513
46947.5    944596    53.4592    49.6092
46759    944596    54.0995    50.2075
46759    944596    54.4408    50.5181
46906    944596    54.288    50.3743
46906    944596    53.9922    50.1022
46696    944596    54.2815    50.3718
46696    944596    53.2577    49.4218
46464.5    934654    53.7192    49.848
46464.5    934654    54.2327    50.3256
47271.5    952490    55.0192    51.0547
47271.5    952490    53.8655    49.9815
45731.5    921446    53.0985    49.2703
45731.5    921446    52.2308    48.4616
45382    914872    52.1333    48.3768
45382    914872    53.469    49.6298
46866.5    943191    54.3237    50.418
46866.5    943191    53.6965    49.8223
46235    930871    53.482    49.6272
46235    930871    53.482    49.6272
45963.5    925127    53.2967    49.4655
45963.5    925127    52.8905    49.0778
46588    938982    52.8905    50.1664
46588    938982    53.742    49.8788
46022    926792    53.742    49.314
46022    926792    53.1537    49.314
46165.5    926792    53.1537    49.314
46165.5    926792    53.6478    49.7736
46313    933176    53.6478    49.6863
46313    933176    53.5535    49.6863
45478.5    915668    53.5535    49.1394
45478.5    915668    52.2243    48.4641
46021.5    925542    53.1765    49.3525
46021.5    925542    53.1765    49.3525
46513.5    935784    54.171    50.2639
46513.5    935784    54.171    49.5194
46072.5    927136    53.1667    49.3371
46072.5    927136    53.1667    49.5373
46072.5    927136    52.8418    49.0392
45819    921394    52.8418    49.2395
45819    921394    53.053    49.1882
45939    921394    53.053    49.2729
45939    921394    53.508    49.2729
46401    932388    53.6932    49.8326
46401    932388    53.8395    49.9584
41647.5    836555    50.6317    46.8415
41647.5    836555    50.6317    3.11438
274.5    0    0    0
274.5    0    0    0
274.5    0    0    0
274.5    0    0    0
274.5    0    0    0
274.5    0    0    0
273.5    0    0    0
273.5    0    0    0
274.5    0    0    0
274.5    0    0    0
272.5    0    0    0
272.5    0    0    0
273    0    0    0
