scalerS16b	IPM2C21A	IPM2C24A	
137	1.38117e+07	0	0
137	1.38117e+07	0	0
135	1.38117e+07	0	0
136	1.31643e+07	0	0
136	1.38155e+07	0	0
138	1.38155e+07	0	0
134	1.38155e+07	0	0
138	1.38155e+07	0	0
138	1.38155e+07	0	0
135	1.38155e+07	0	0
136	1.38155e+07	0	0
135	1.38155e+07	0	0
136	1.38155e+07	0	0
133	1.38155e+07	0	0
137	1.38155e+07	0	0
135	1.38155e+07	0	0
136	1.38155e+07	0	0
135	1.38155e+07	0	0
134	1.38155e+07	0	0
133	1.38155e+07	0	0
134	1.38155e+07	0	0
137	1.38155e+07	0	0
136	1.38155e+07	0	0
138	1.38155e+07	0	0
147	1.38155e+07	0	0
145	1.38155e+07	0	0
143	1.38155e+07	0	0
149	1.38155e+07	0	0
147	1.38155e+07	0	0
152	1.36384e+07	0	0
161	1.38133e+07	0	0
161	1.38133e+07	0	0
2587	1.38133e+07	0	0
3710	1.38133e+07	0	0
3670	1.24519e+07	0.78	0.6162
3632	1.38107e+07	1.95	1.5405
3644	1.38107e+07	3.9	3.081
3621	1.38107e+07	6.16876	5.42328
3617	1.38107e+07	6.43208	6.11219
3617	1.38107e+07	3.9663	3.77217
3639	1.38107e+07	3.9663	3.77217
7381	1.38107e+07	5.18115	4.89674
15828	1.38107e+07	17.2101	15.405
15667	1.38107e+07	27.6133	25.8434
15695	1.39325e+07	27.7199	26.2943
15649	1.38092e+07	17.8373	25.2924
15623	1.38092e+07	17.8373	16.907
15614	1.38092e+07	17.9387	16.9943
15802	1.38092e+07	17.7632	16.83
15643	1.38092e+07	17.9868	17.0431
27736	1.38092e+07	18.2	17.2279
50816	1.38092e+07	49.0269	46.3793
50698	1.38092e+07	87.6492	55.725
60608	1.38092e+07	94.3215	55.2654
75520	1.38092e+07	79.963	75.3048
75245	1.38092e+07	86.9895	132.401
75818	1.38092e+07	86.931	124.986
74976	1.38092e+07	88.0165	84.4297
74003	1.38092e+07	87.0675	83.5156
71440	1.38092e+07	84.227	80.7941
71702	1.38092e+07	83.0375	79.6336
70849	1.38092e+07	83.0375	79.6849
71086	1.38092e+07	81.64	78.2779
71116	1.38092e+07	82.368	78.9968
70665	1.38092e+07	82.199	78.8428
71703	1.38092e+07	81.9455	78.5963
70223	1.38092e+07	82.771	79.3768
71625	1.38092e+07	81.4905	78.1547
70239	1.38092e+07	82.2575	78.8941
71437	1.38092e+07	81.965	78.6066
71437	1.38092e+07	82.4135	79.0482
70859	1.38092e+07	82.0755	78.7195
71794	1.38092e+07	82.7255	79.3357
71287	1.38092e+07	82.5435	79.1612
70641	1.38092e+07	82.03	78.6785
71646	1.38092e+07	82.485	79.1098
71498	1.38092e+07	82.6735	79.2741
71342	1.38092e+07	82.5955	79.2741
71049	1.38092e+07	82.667	79.2741
71074	1.38092e+07	82.446	79.0687
71486	1.38092e+07	82.2055	78.8325
71594	1.38092e+07	83.005	79.5925
71235	1.38092e+07	82.251	78.8839
72127	1.38092e+07	82.251	78.8839
71154	1.38092e+07	83.2585	79.8493
71911	1.38092e+07	82.7385	79.346
71493	1.38092e+07	82.8035	79.4179
72946	1.38092e+07	83.7655	80.3319
70880	1.38092e+07	83.4795	80.0546
71084	1.38092e+07	82.537	79.1509
70818	1.38092e+07	82.0235	78.6682
72640	1.38092e+07	81.835	78.4628
70877	1.38092e+07	83.499	80.0957
72248	1.38092e+07	82.277	78.9249
70159	1.38092e+07	83.031	79.6336
70934	1.38092e+07	81.432	78.0931
70638	1.38092e+07	82.056	78.6887
71482	1.38092e+07	81.6985	78.3498
70939	1.38092e+07	82.667	79.2947
70611	1.38092e+07	82.3745	79.0071
71015	1.38092e+07	82.0105	78.6682
71015	1.38092e+07	81.6725	78.3293
71332	1.38092e+07	82.264	78.8941
70928	1.38092e+07	81.9325	78.586
71429	1.38092e+07	82.602	79.2228
70704	1.38092e+07	82.069	78.699
71388	1.38092e+07	82.381	79.0071
71164	1.38092e+07	82.576	79.2022
70792	1.38092e+07	81.562	78.2163
70844	1.38092e+07	82.5825	79.2022
69887	1.38092e+07	81.4515	78.1136
71125	1.38092e+07	81.055	77.7336
71204	1.38092e+07	82.1275	78.7709
70824	1.38092e+07	81.9	78.545
71086	1.38092e+07	81.965	78.6271
71184	1.38092e+07	82.1665	78.8017
71079	1.38092e+07	82.446	79.0687
70126	1.38092e+07	82.1665	78.8017
62018	1.38092e+07	79.9565	76.6758
61796	1.38092e+07	70.759	67.8642
61221	1.38092e+07	71.5845	68.6549
61105	1.38092e+07	70.499	67.6177
61674	1.38092e+07	70.7655	67.8539
61212	1.38092e+07	71.461	68.542
60899	1.38092e+07	70.85	67.9463
61306	1.38092e+07	70.5705	67.6793
61381	1.38092e+07	71.019	68.1106
60933	1.38092e+07	70.5185	67.6279
61245	1.38092e+07	70.4275	67.5458
61891	1.38092e+07	70.7655	67.8642
61659	1.38092e+07	71.63	68.6858
61943	1.38092e+07	71.0775	68.1723
61943	1.38092e+07	71.643	68.7063
62294	1.38092e+07	71.9875	69.0349
61877	1.29688e+07	71.89	68.9322
62028	1.38102e+07	71.292	68.3674
61919	1.38102e+07	71.8705	68.9425
61658	1.38102e+07	70.967	68.0696
62151	1.38102e+07	72.02	69.076
61652	1.38102e+07	71.89	68.9528
61942	1.38102e+07	71.9485	69.0041
62623	1.38102e+07	71.7405	68.7987
61201	1.38102e+07	71.864	68.922
61895	1.38102e+07	70.3495	67.4636
61807	1.38102e+07	71.7535	68.809
62350	1.38102e+07	71.643	68.7166
61513	1.38102e+07	71.578	68.6344
62507	1.38102e+07	71.9225	68.9836
62219	1.38102e+07	72.384	69.4149
62761	1.38102e+07	71.864	68.9117
62445	1.38102e+07	72.228	69.2609
62462	1.38102e+07	72.878	69.8976
62402	1.30324e+07	72.267	69.3122
62779	1.3573e+07	72.0915	69.1376
62882	1.38133e+07	72.436	69.4663
62384	1.38133e+07	72.605	69.6306
62374	1.38133e+07	72.5465	69.6306
62945	1.38133e+07	71.9095	68.9631
62834	1.38133e+07	72.527	69.5587
63290	1.38133e+07	72.891	69.8976
63826	1.38133e+07	73.086	70.1133
63377	1.38133e+07	73.697	70.6679
63077	1.38133e+07	73.476	70.4625
63077	1.38133e+07	72.7675	69.7846
62976	1.38133e+07	72.9755	69.99
63234	1.38133e+07	72.514	69.5484
63098	1.38133e+07	73.008	70.0106
63191	1.38133e+07	73.3915	70.3906
63103	1.38133e+07	72.995	70.0106
63565	1.38133e+07	73.1965	70.1954
62555	1.38133e+07	72.618	69.6409
62721	1.34551e+07	72.1435	69.1993
59239	1.38115e+07	72.8455	69.8771
51423	1.38115e+07	61.6265	59.186
51991	1.38115e+07	59.878	57.4298
51801	1.38115e+07	59.6635	57.2039
51489	1.38115e+07	60.0665	57.5942
51424	1.38115e+07	59.787	57.3374
51729	1.38115e+07	59.1305	56.7007
51147	1.38115e+07	59.6115	57.1628
51772	1.38115e+07	59.735	57.2655
51449	1.38115e+07	59.735	57.2655
50971	1.38115e+07	59.15	56.7212
51567	1.38115e+07	58.9225	56.5055
52399	1.38115e+07	59.748	57.2963
51773	1.28278e+07	60.4695	57.9844
52413	1.3805e+07	60.0665	57.6147
51711	1.3805e+07	60.489	58.005
52296	1.3805e+07	59.761	57.3066
52061	1.3805e+07	60.3005	57.8304
51670	1.3805e+07	60.2095	57.7379
11302	1.3805e+07	59.6765	57.2347
143	1.3805e+07	20.865	19.9854
140	1.17637e+07	0	0
140	1.17637e+07	0	0
143	1.23045e+07	0	0
141	1.02567e+07	0	0
137	1.23906e+07	0	0
141	1.31226e+07	0	0
139	1.37848e+07	0	0
145	1.37848e+07	0	0
143	7.65676e+06	0	0
142	1.25698e+07	0	0
145	9.02541e+06	0	0
142	1.19572e+07	0	0
144	1.31358e+07	0	0
145	1.2228e+07	0	0
145	1.38031e+07	0	0
146	1.38031e+07	0	0
142	1.38031e+07	0	0
146	1.38031e+07	0	0
147	1.38031e+07	0	0
143	1.38031e+07	0	0
147	9.35342e+06	0	0
142	9.11948e+06	0	0
144	1.17562e+07	0	0
137	1.17562e+07	0	0
142	9.55541e+06	0	0
141	1.15138e+07	0	0
143	1.37664e+07	0	0
137	1.27945e+07	0	0
140	1.36835e+07	0	0
141	1.3193e+07	0	0
145	1.17686e+07	0	0
143	1.26992e+07	0	0
143	1.26992e+07	0	0
146	1.381e+07	0	0
143	1.381e+07	0	0
146	1.381e+07	0	0
148	1.381e+07	0	0
145	1.28374e+07	0	0
143	1.38164e+07	0	0
139	1.29451e+07	0	0
147	1.38127e+07	0	0
143	1.38127e+07	0	0
140	1.38127e+07	0	0
145	1.38127e+07	0	0
145	1.38127e+07	0	0
142	1.38127e+07	0	0
145	1.38127e+07	0	0
147	1.38127e+07	0	0
150	1.38127e+07	0	0
143	1.38127e+07	0	0
146	1.38127e+07	0	0
143	1.38127e+07	0	0
144	1.38127e+07	0	0
144	1.38127e+07	0	0
146	1.38127e+07	0	0
148	1.38127e+07	0	0
147	1.38127e+07	0	0
146	1.38127e+07	0	0
146	1.38127e+07	0	0
148	1.38127e+07	0	0
149	1.38127e+07	0	0
147	1.38127e+07	0	0
147	1.38127e+07	0	0
142	1.38127e+07	0	0
151	1.38127e+07	0	0
146	1.38127e+07	0	0
147	1.38127e+07	0	0
147	1.38127e+07	0	0
154	1.38127e+07	0	0
153	1.38127e+07	0	0
150	1.38127e+07	0	0
149	1.38127e+07	0	0
147	1.38127e+07	0	0
145	1.38127e+07	0	0
140	1.38127e+07	0	0
144	1.38127e+07	0	0
141	1.38127e+07	0	0
145	1.38127e+07	0	0
144	1.38127e+07	0	0
145	1.38127e+07	0	0
144	1.38127e+07	0	0
144	1.38127e+07	0	0
142	1.38127e+07	0	0
142	1.38127e+07	0	0
143	1.38127e+07	0	0
140	1.38127e+07	0	0
144	1.38127e+07	0	0
147	1.38127e+07	0	0
149	1.38127e+07	0	0
148	1.38127e+07	0	0
147	1.38127e+07	0	0
146	1.38127e+07	0	0
149	1.38127e+07	0	0
149	1.38127e+07	0	0
147	1.38127e+07	0	0
147	1.38127e+07	0	0
141	1.38127e+07	0	0
143	1.38127e+07	0	0
142	1.38127e+07	0	0
142	1.38127e+07	0	0
143	1.38127e+07	0	0
142	1.38127e+07	0	0
146	1.38127e+07	0	0
143	1.38127e+07	0	0
144	1.38127e+07	0	0
143	1.38127e+07	0	0
140	1.38127e+07	0	0
134	1.38127e+07	0	0
137	1.38127e+07	0	0
138	1.38127e+07	0	0
137	1.38127e+07	0	0
137	1.38127e+07	0	0
139	1.38127e+07	0	0
142	1.38127e+07	0	0
138	1.299e+07	0	0
141	1.38142e+07	0	0
141	1.38142e+07	0	0
143	1.38142e+07	0	0
140	1.38142e+07	0	0
140	1.38142e+07	0	0
143	1.38142e+07	0	0
141	1.38142e+07	0	0
144	1.38142e+07	0	0
144	1.38142e+07	0	0
144	1.38142e+07	0	0
147	1.38142e+07	0	0
142	1.38142e+07	0	0
144	1.38142e+07	0	0
147	1.30379e+07	0	0
150	1.2778e+07	0	0
146	1.38157e+07	0	0
148	1.38157e+07	0	0
148	1.38157e+07	0	0
146	1.38157e+07	0	0
141	1.38157e+07	0	0
144	1.38157e+07	0	0
148	1.38157e+07	0	0
146	1.38157e+07	0	0
152	1.36375e+07	0	0
147	1.38125e+07	0	0
150	1.38125e+07	0	0
143	1.38125e+07	0	0
142	1.38125e+07	0	0
141	1.38125e+07	0	0
144	1.38125e+07	0	0
143	1.38125e+07	0	0
146	1.38125e+07	0	0
149	1.38125e+07	0	0
146	1.38125e+07	0	0
145	1.38125e+07	0	0
141	1.38125e+07	0	0
141	1.38125e+07	0	0
140	1.38125e+07	0	0
145	1.38125e+07	0	0
138	1.38125e+07	0	0
138	1.38125e+07	0	0
144	1.38125e+07	0	0
143	1.38125e+07	0	0
141	1.38125e+07	0	0
138	1.38125e+07	0	0
135	1.38125e+07	0	0
141	1.38125e+07	0	0
141	1.38125e+07	0	0
140	1.38125e+07	0	0
137	1.38125e+07	0	0
2380	1.38125e+07	0	0
3728	1.38125e+07	1.95	1.5405
3745	1.38125e+07	3.9	3.081
3760	1.38125e+07	6.36597	5.48973
3724	1.38125e+07	6.6482	6.36868
3755	1.38125e+07	4.07972	5.97714
3681	1.38125e+07	4.07972	3.89798
7317	1.38125e+07	4.07972	3.89798
16646	1.38125e+07	12.3386	11.6991
16453	1.38125e+07	29.2942	18.1014
16786	1.38125e+07	29.2383	27.8348
16720	1.38125e+07	19.1412	27.2335
16677	1.38125e+07	19.1412	18.1779
20409	1.38125e+07	19.032	18.0855
27403	1.35631e+07	24.2385	23.0407
27630	1.38119e+07	31.5692	30.0012
37512	1.38119e+07	47.0665	29.9396
60759	1.38119e+07	42.1655	39.881
60751	1.38119e+07	69.8587	66.3827
60592	1.37414e+07	69.966	107.003
60181	1.37414e+07	69.888	67.3404
60181	1.37414e+07	69.0137	66.488
57651	1.37414e+07	68.1492	65.6407
52548	1.37414e+07	60.4403	58.2258
53339	1.37414e+07	61.3503	59.109
53375	1.37414e+07	61.75	59.489
53802	1.3658e+07	61.6427	59.3811
52710	1.38116e+07	61.126	58.8728
52529	1.38116e+07	60.9245	58.7033
53327	1.38116e+07	60.6418	58.4158
53274	1.38116e+07	61.347	59.1141
53256	1.38116e+07	61.568	59.3144
52966	1.38116e+07	61.1488	58.9139
51632	1.3721e+07	59.9885	57.7842
52344	1.3721e+07	60.1217	57.9125
52246	1.38152e+07	60.5897	58.3644
52262	1.38152e+07	60.2095	57.9844
52167	1.28763e+07	59.891	57.702
52293	1.38142e+07	60.0827	57.8714
52292	1.38142e+07	60.0243	57.8714
1982	1.38142e+07	48.854	47.0161
139	1.38142e+07	0.78	0.8216
145	1.38142e+07	0	0
138	1.38142e+07	0	0
136	1.38142e+07	0	0
135	1.38142e+07	0	0
139	1.38142e+07	0	0
134	1.38142e+07	0	0
134	1.38142e+07	0	0
138	1.38142e+07	0	0
137	1.38142e+07	0	0
140	1.38142e+07	0	0
140	1.38142e+07	0	0
143	1.38142e+07	0	0
144	1.38142e+07	0	0
140	1.38142e+07	0	0
141	1.38142e+07	0	0
141	1.38142e+07	0	0
143	1.38142e+07	0	0
139	1.38142e+07	0	0
142	1.38142e+07	0	0
142	1.38142e+07	0	0
143	1.38142e+07	0	0
139	1.33375e+07	0	0
142	1.38171e+07	0	0
140	1.38171e+07	0	0
138	1.38171e+07	0	0
139	1.32792e+07	0	0
139	1.38146e+07	0	0
139	1.38146e+07	0	0
135	1.38146e+07	0	0
133	1.38146e+07	0	0
132	1.32467e+07	0	0
134	1.38121e+07	0	0
133	1.38121e+07	0	0
134	1.38121e+07	0	0
136	1.38121e+07	0	0
137	1.38121e+07	0	0
135	1.38121e+07	0	0
132	1.38121e+07	0	0
134	1.38121e+07	0	0
135	1.38121e+07	0	0
137	1.38121e+07	0	0
137	1.38121e+07	0	0
136	1.38121e+07	0	0
134	1.38121e+07	0	0
135	1.38121e+07	0	0
136	1.38121e+07	0	0
138	1.38121e+07	0	0
142	1.38121e+07	0	0
140	1.38121e+07	0	0
139	1.38121e+07	0	0
137	1.38121e+07	0	0
139	1.38121e+07	0	0
135	1.38121e+07	0	0
137	1.38121e+07	0	0
137	1.38121e+07	0	0
136	1.38121e+07	0	0
135	1.38121e+07	0	0
138	1.38121e+07	0	0
133	1.38121e+07	0	0
135	1.38121e+07	0	0
131	1.38121e+07	0	0
133	1.38121e+07	0	0
135	1.38121e+07	0	0
135	1.38121e+07	0	0
137	1.38121e+07	0	0
132	1.38121e+07	0	0
134	1.38121e+07	0	0
133	1.38121e+07	0	0
137	1.38121e+07	0	0
137	1.38121e+07	0	0
141	1.38121e+07	0	0
136	1.38121e+07	0	0
136	1.38121e+07	0	0
141	1.38121e+07	0	0
138	1.38121e+07	0	0
143	1.38121e+07	0	0
140	1.38121e+07	0	0
140	1.38121e+07	0	0
139	1.38121e+07	0	0
142	1.38121e+07	0	0
141	1.38121e+07	0	0
144	1.38121e+07	0	0
142	1.38121e+07	0	0
139	1.38121e+07	0	0
141	1.38121e+07	0	0
139	1.38121e+07	0	0
138	1.29211e+07	0	0
137	1.37637e+07	0	0
136	1.37637e+07	0	0
136	1.37637e+07	0	0
136	1.37637e+07	0	0
139	1.37637e+07	0	0
137	1.37637e+07	0	0
141	1.37637e+07	0	0
139	1.37637e+07	0	0
139	1.37637e+07	0	0
138	1.37637e+07	0	0
143	1.37637e+07	0	0
140	1.37637e+07	0	0
143	1.37637e+07	0	0
144	1.37637e+07	0	0
142	1.37637e+07	0	0
141	1.37637e+07	0	0
141	1.37637e+07	0	0
143	1.37637e+07	0	0
142	1.37637e+07	0	0
141	1.37637e+07	0	0
142	1.37637e+07	0	0
141	1.37637e+07	0	0
146	1.37637e+07	0	0
146	1.37637e+07	0	0
145	1.37637e+07	0	0
142	1.37637e+07	0	0
144	1.37637e+07	0	0
140	1.37637e+07	0	0
139	1.37637e+07	0	0
137	1.37637e+07	0	0
139	1.37637e+07	0	0
141	1.37637e+07	0	0
137	1.37637e+07	0	0
136	1.37637e+07	0	0
138	1.37637e+07	0	0
137	1.37637e+07	0	0
137	1.37637e+07	0	0
140	1.37637e+07	0	0
139	1.37637e+07	0	0
140	1.37637e+07	0	0
139	1.37637e+07	0	0
139	1.37637e+07	0	0
137	1.37637e+07	0	0
140	1.37637e+07	0	0
142	1.37637e+07	0	0
140	1.37637e+07	0	0
134	1.37637e+07	0	0
134	1.37637e+07	0	0
139	1.37637e+07	0	0
135	1.37637e+07	0	0
138	1.37637e+07	0	0
134	1.37637e+07	0	0
138	1.37637e+07	0	0
133	1.37637e+07	0	0
136	1.37637e+07	0	0
135	1.37637e+07	0	0
138	1.37637e+07	0	0
133	1.37637e+07	0	0
135	1.37637e+07	0	0
134	1.37637e+07	0	0
135	1.37637e+07	0	0
135	1.37637e+07	0	0
136	1.37637e+07	0	0
132	1.37637e+07	0	0
136	1.37637e+07	0	0
137	1.37637e+07	0	0
137	1.37637e+07	0	0
137	1.37637e+07	0	0
137	1.37637e+07	0	0
143	1.3303e+07	0	0
139	1.38187e+07	0	0
139	1.38187e+07	0	0
138	1.38187e+07	0	0
143	1.38187e+07	0	0
144	1.38187e+07	0	0
147	1.38187e+07	0	0
140	1.38187e+07	0	0
141	1.38187e+07	0	0
141	1.38187e+07	0	0
144	1.38187e+07	0	0
144	1.38187e+07	0	0
140	1.38187e+07	0	0
141	1.38187e+07	0	0
139	1.38187e+07	0	0
139	1.38187e+07	0	0
134	1.38187e+07	0	0
136	1.38187e+07	0	0
134	1.38187e+07	0	0
132	1.38187e+07	0	0
136	1.38187e+07	0	0
137	1.38187e+07	0	0
140	1.38187e+07	0	0
135	1.38187e+07	0	0
136	1.38187e+07	0	0
138	1.38187e+07	0	0
140	1.38187e+07	0	0
141	1.38187e+07	0	0
140	1.38187e+07	0	0
136	1.38187e+07	0	0
138	1.28196e+07	0	0
134	1.38109e+07	0	0
137	1.38109e+07	0	0
137	1.38109e+07	0	0
135	1.38109e+07	0	0
139	1.38109e+07	0	0
140	1.38109e+07	0	0
143	1.38109e+07	0	0
140	1.38109e+07	0	0
143	1.38109e+07	0	0
143	1.38109e+07	0	0
140	1.38109e+07	0	0
142	1.38109e+07	0	0
143	1.38109e+07	0	0
143	1.38109e+07	0	0
142	1.38109e+07	0	0
139	1.38109e+07	0	0
141	1.38109e+07	0	0
144	1.38109e+07	0	0
143	1.38109e+07	0	0
136	1.38109e+07	0	0
144	1.38109e+07	0	0
139	1.38109e+07	0	0
139	1.38109e+07	0	0
136	1.38109e+07	0	0
142	1.38109e+07	0	0
141	1.38109e+07	0	0
141	1.38109e+07	0	0
140	1.38109e+07	0	0
138	1.38109e+07	0	0
137	1.38109e+07	0	0
1524	1.38109e+07	0	0
3752	1.38109e+07	0	0
3779	1.38109e+07	0.78	0.6162
3778	1.38109e+07	1.95	1.5405
3762	1.38109e+07	3.9	3.081
3803	1.38109e+07	6.39691	5.50821
3760	1.38109e+07	6.6196	6.28062
3749	1.38109e+07	4.15188	6.0973
3774	1.38109e+07	4.15188	3.918
15150	1.38109e+07	4.0872	3.918
15150	1.38109e+07	4.2341	4.03406
16311	1.38109e+07	15.339	14.6224
16405	1.38109e+07	28.6442	27.3336
16331	1.38109e+07	29.3007	26.7559
16423	1.38109e+07	18.616	17.6747
27065	1.38109e+07	18.6771	17.7337
27064	1.38109e+07	27.4248	25.9497
26964	1.38109e+07	31.2195	29.6315
58370	1.38109e+07	46.3385	29.4338
59567	1.38109e+07	51.5645	48.9032
60275	1.38109e+07	69.446	65.8846
61198	1.38109e+07	69.1535	105.535
59857	1.38109e+07	69.8783	67.3147
51799	1.38109e+07	69.8783	67.2634
52352	1.38109e+07	64.7822	62.3697
51567	1.38109e+07	60.2518	58.0204
52450	1.38109e+07	59.8617	57.6558
51467	1.38109e+07	59.9625	57.7533
21370	1.38109e+07	59.488	57.2912
136	1.38109e+07	58.396	56.2591
135	1.38109e+07	8.57675	8.13898
134	1.38109e+07	0	0
138	1.38109e+07	0	0
137	1.38109e+07	0	0
138	1.38109e+07	0	0
141	1.38109e+07	0	0
140	1.38109e+07	0	0
139	1.38109e+07	0	0
140	1.38109e+07	0	0
140	1.38109e+07	0	0
142	1.38109e+07	0	0
142	1.38109e+07	0	0
137	1.38109e+07	0	0
135	1.38109e+07	0	0
143	1.38109e+07	0	0
139	1.38109e+07	0	0
141	1.38109e+07	0	0
139	1.38109e+07	0	0
141	1.38109e+07	0	0
2164	1.38109e+07	0	0
3773	1.38109e+07	0	0
3804	1.38109e+07	1.95	1.5405
3805	1.38109e+07	3.9	3.081
3803	1.38109e+07	6.47023	5.55196
3787	1.38109e+07	6.71613	6.41721
3766	1.38109e+07	4.12555	6.09935
6180	1.38109e+07	4.12555	3.96679
16592	1.38109e+07	4.12555	3.96679
16568	1.38109e+07	12.5443	11.8439
16223	1.38109e+07	29.2351	18.0187
16375	1.38109e+07	29.0147	27.8286
16212	1.38109e+07	18.4054	26.0601
18929	1.36343e+07	18.6706	17.7748
27623	1.37229e+07	18.5666	17.6798
27074	1.38107e+07	23.855	22.7147
34066	1.38107e+07	31.5276	30.0089
60003	1.26802e+07	46.6797	29.7727
59408	1.38116e+07	41.6942	39.7423
58843	1.36741e+07	68.9228	65.615
58976	1.32683e+07	68.3507	105.088
58200	1.32683e+07	67.8145	65.3429
52643	1.34511e+07	68.1168	65.6253
52643	1.34511e+07	67.2197	64.778
53007	1.31617e+07	61.0902	58.8728
52984	1.33117e+07	61.0902	58.8728
53273	1.37744e+07	61.0902	58.8728
52624	1.37744e+07	61.1715	58.9293
53016	1.28125e+07	60.6157	58.3952
52288	1.38113e+07	60.8172	58.5903
52647	1.38113e+07	60.2127	57.9998
52490	1.38113e+07	60.4857	58.272
52708	1.38113e+07	60.3947	58.1693
52592	1.32025e+07	60.658	58.4312
52813	1.37592e+07	60.4077	58.1795
52338	1.32431e+07	60.5865	58.3644
52393	1.20655e+07	60.294	58.0871
53208	1.25277e+07	60.6353	58.3952
52701	1.21066e+07	60.71	58.4825
52714	1.22286e+07	60.71	58.4825
52725	1.30924e+07	60.45	58.2309
53499	1.3527e+07	60.8042	58.5647
52210	1.15638e+07	60.9538	58.7187
52776	1.30248e+07	61.308	59.0576
52266	1.38129e+07	60.4403	58.2155
53014	1.38129e+07	60.58	58.3593
53664	1.38129e+07	60.1478	57.9382
53560	1.38129e+07	61.3633	59.1141
53790	1.38129e+07	61.5485	59.3041
53415	1.38129e+07	61.6167	59.3041
52750	1.36401e+07	62.01	59.7098
52814	1.3811e+07	61.8442	59.5609
53280	1.3811e+07	60.7067	58.4722
52779	1.3811e+07	60.8855	58.6468
52779	1.3811e+07	60.8855	58.6468
54052	1.3811e+07	61.4412	59.1706
53414	1.3811e+07	61.7337	59.4633
53390	1.3811e+07	61.5778	59.3092
53698	1.3811e+07	61.5778	59.3092
53415	1.3811e+07	61.7793	59.4992
53120	1.3811e+07	61.7045	59.4428
53193	1.3811e+07	60.9992	58.7598
52887	1.25231e+07	61.1618	58.9036
53455	1.38112e+07	61.1618	58.9036
53524	1.38112e+07	61.6558	59.3863
53016	1.38112e+07	61.3015	59.0422
53054	1.3421e+07	61.178	58.9241
54005	1.3421e+07	60.9992	58.7444
47501	1.3595e+07	61.5452	59.2887
42640	1.00549e+07	61.0837	58.8368
43102	1.00549e+07	50.2417	48.4385
43288	1.30373e+07	49.5365	47.7093
42702	1.32871e+07	49.6242	47.8017
43494	1.36936e+07	49.6242	47.8017
42906	1.37816e+07	49.114	47.3088
43156	1.21434e+07	49.6795	47.8479
42908	1.191e+07	49.478	47.6528
43003	1.36358e+07	49.478	47.6528
42636	1.23827e+07	49.5527	47.7247
43245	9.00476e+06	49.608	47.776
42407	1.3121e+07	49.1042	47.2831
42734	1.29099e+07	49.8095	47.9763
43014	1.1269e+07	48.6753	46.8877
43453	1.22274e+07	49.2212	47.4063
43504	1.28855e+07	49.2863	47.4731
43504	1.28855e+07	49.829	47.9866
43477	1.38152e+07	50.0337	48.192
43274	1.38152e+07	50.0337	48.192
42912	1.35884e+07	49.7835	47.9558
43451	1.37436e+07	49.2765	47.4577
43439	1.37436e+07	49.7738	47.9301
43433	1.37436e+07	50.0337	48.192
43441	1.38189e+07	49.8745	48.0328
43844	1.38189e+07	49.8745	48.0328
42975	1.38189e+07	50.5083	48.6439
43631	1.38189e+07	49.8062	47.9712
43699	1.38189e+07	50.0793	48.2279
43794	1.38189e+07	50.193	48.3358
43112	1.38189e+07	50.193	48.3358
44172	1.38189e+07	50.0695	48.2176
44027	1.38189e+07	50.0695	48.2176
43929	1.38189e+07	50.713	48.839
44233	1.38189e+07	50.9405	49.0598
44363	1.38189e+07	50.4205	48.5617
43934	1.38189e+07	51.0023	49.1214
44705	1.38189e+07	51.0868	49.1984
44194	1.36128e+07	50.7227	48.8493
44349	1.38106e+07	51.155	49.2703
43895	1.38106e+07	50.8657	48.9879
44281	1.38106e+07	51.0153	49.1368
44522	1.38106e+07	50.6675	48.7979
44195	1.34762e+07	50.921	49.0444
43993	1.3807e+07	51.2948	49.3987
44403	1.3807e+07	50.752	48.8852
44135	1.3807e+07	50.8527	48.9776
44157	1.36717e+07	50.791	48.916
44157	1.36717e+07	50.973	49.0855
44871	1.33289e+07	50.8885	49.0136
44023	1.38102e+07	51.415	49.5117
44956	1.38102e+07	50.8073	48.9365
44839	1.38102e+07	51.3695	49.4757
44394	1.38102e+07	51.662	49.7479
44527	1.38102e+07	51.1355	49.2498
44225	1.38102e+07	51.3565	49.4603
44178	1.38102e+07	50.6025	48.7414
44235	1.38102e+07	51.3175	49.4244
44489	1.38102e+07	50.8397	48.9622
44402	1.38102e+07	51.0477	49.1574
44603	1.36273e+07	51.0477	49.1574
44059	1.38072e+07	51.1615	49.2703
44672	1.38072e+07	51.3143	49.4141
44941	1.38072e+07	50.999	49.1111
44001	1.38072e+07	51.2232	49.3217
44363	1.38072e+07	51.311	49.4141
35036	1.38072e+07	51.1387	49.2446
35055	1.38072e+07	47.6255	45.8453
34697	1.38072e+07	40.1473	38.6563
34891	1.38072e+07	40.2448	38.7538
34557	1.38072e+07	40.0303	38.5433
35125	1.38072e+07	40.0303	38.5433
34747	1.38072e+07	39.7605	38.2866
34503	1.38072e+07	40.1927	38.7076
34464	1.38072e+07	39.988	38.5074
34907	1.38072e+07	39.5428	38.0863
34590	1.38072e+07	39.611	38.1479
34605	1.38072e+07	39.9717	38.4971
34519	1.38072e+07	39.7052	38.2352
34519	1.38072e+07	39.9328	38.456
34783	1.38072e+07	39.611	38.1479
34393	1.38072e+07	39.9815	38.5022
34560	1.38072e+07	39.6857	38.2147
34558	1.38072e+07	39.7995	38.3328
34299	1.38072e+07	39.338	37.8758
34258	1.38072e+07	39.4582	37.9887
34458	1.38072e+07	39.7052	38.2403
34569	1.38072e+07	39.4712	38.0144
34844	1.38072e+07	39.5655	38.0966
34911	1.38072e+07	40.0335	38.5484
34433	1.38072e+07	39.975	38.492
34735	1.38072e+07	39.9198	38.4406
34681	1.38072e+07	39.7475	38.2763
35084	1.38072e+07	40.014	38.5382
34728	1.38072e+07	39.7507	38.2814
34951	1.38072e+07	40.2642	38.7692
34892	1.38072e+07	40.0042	38.5176
35089	1.38072e+07	40.0887	38.5998
35079	1.38072e+07	40.4235	38.9336
34782	1.38072e+07	40.1927	38.7025
35244	1.38072e+07	40.1927	38.7025
34866	1.38072e+07	40.1927	38.7025
35587	1.38072e+07	40.5275	39.026
35181	1.38072e+07	40.2545	38.7641
34759	1.38072e+07	40.8102	39.3033
35663	1.38072e+07	40.313	38.8257
35208	1.38072e+07	40.209	38.723
35262	1.38072e+07	40.8395	39.3238
35773	1.38072e+07	40.5177	39.0209
35092	1.38072e+07	40.5177	39.0209
35092	1.38072e+07	40.989	39.4779
35303	1.38072e+07	40.4235	38.913
35168	1.38072e+07	40.573	39.0722
35039	1.38072e+07	40.2577	38.7744
35257	1.38072e+07	40.2577	38.7744
35204	1.38072e+07	40.365	38.8719
35532	1.38072e+07	40.5697	39.0671
35363	1.38072e+07	40.5697	39.0671
35241	1.38072e+07	40.8005	39.293
35223	1.38072e+07	40.508	39.0209
35196	1.38072e+07	40.43	38.9438
35515	1.38072e+07	40.6087	39.1082
33927	1.38072e+07	40.742	39.2314
32042	1.38072e+07	40.4398	38.9438
32126	1.38072e+07	37.2482	35.8628
32161	1.38072e+07	36.777	35.4212
31800	1.38072e+07	37.076	35.7139
31129	1.38072e+07	36.6795	35.3237
29240	1.38072e+07	36.6795	35.3237
29860	1.38072e+07	34.8075	33.5521
29657	1.38072e+07	33.5952	32.3556
30038	1.38072e+07	34.3005	33.0335
29265	1.38072e+07	34.151	32.8897
28246	1.38072e+07	34.593	33.3107
28304	1.38072e+07	33.0752	31.8627
27969	1.38072e+07	32.383	31.1849
28034	1.38072e+07	32.2757	31.077
28232	1.38072e+07	32.1198	30.9332
27862	1.38072e+07	32.266	31.0719
27439	1.38072e+07	32.266	31.0719
27526	1.38072e+07	31.8533	30.6765
27526	1.38072e+07	31.5413	30.3787
27693	1.38072e+07	31.5413	30.3787
27950	1.38072e+07	31.655	30.4865
27645	1.38072e+07	31.954	30.7741
27377	1.38072e+07	31.7915	30.62
27580	1.38072e+07	31.4047	30.2297
27554	1.38072e+07	31.6875	30.5122
26974	1.38072e+07	31.5607	30.3941
27197	1.38072e+07	31.187	30.0346
27230	1.31773e+07	31.0635	29.9216
26980	1.38105e+07	31.3463	30.1887
27108	1.38105e+07	31.0343	29.8908
27003	1.38105e+07	30.914	29.7727
26935	1.38105e+07	31.0245	29.8806
26667	1.38105e+07	30.927	29.783
26927	1.38105e+07	30.927	29.783
26598	1.38105e+07	30.6605	29.5314
26491	1.38105e+07	30.6605	29.5314
26535	1.38105e+07	30.4818	29.3568
26726	1.38105e+07	30.576	29.4441
26977	1.38105e+07	30.576	29.4441
26818	1.38105e+07	30.6897	29.5571
26843	1.38105e+07	30.888	29.7522
26636	1.38105e+07	30.758	29.6238
26653	1.38105e+07	30.8815	29.7471
26642	1.38105e+07	30.3778	29.2644
26639	1.38105e+07	30.5532	29.4338
26632	1.38105e+07	30.5532	29.4338
26868	1.38105e+07	30.5532	29.4338
26518	1.38105e+07	30.5532	29.4338
26692	1.38105e+07	30.6215	29.4903
26692	1.38105e+07	30.5695	29.4903
26914	1.38105e+07	30.5695	29.4903
26730	1.38105e+07	30.836	29.6957
26727	1.38105e+07	30.654	29.5211
26191	1.38105e+07	30.654	29.5211
26175	1.38105e+07	30.1763	29.0641
26487	1.38105e+07	30.0852	28.9768
26108	1.38105e+07	30.3127	29.1925
26068	1.38105e+07	29.8805	28.7765
26424	1.38105e+07	30.0625	28.9511
26027	1.38105e+07	29.9748	28.8638
26448	1.38105e+07	30.3258	29.213
26495	1.38105e+07	30.2315	29.1154
26260	1.38105e+07	30.2315	29.1154
26436	1.38105e+07	30.2315	29.1154
26423	1.38105e+07	30.2315	29.1154
26335	1.38105e+07	30.29	29.1719
18569	1.38105e+07	30.29	29.1719
16720	1.38105e+07	28.2717	27.2104
16832	1.38105e+07	19.214	18.5065
16719	1.38105e+07	19.0157	12.8041
16730	1.38105e+07	19.1133	18.0855
17611	1.38105e+07	19.1133	18.1368
17909	1.38105e+07	19.253	18.2344
18005	1.38105e+07	20.3125	19.2434
17854	1.38105e+07	20.423	19.3538
17796	1.38105e+07	20.5238	19.4514
17889	1.38105e+07	20.3482	19.2819
17982	1.38105e+07	20.3482	19.2819
17857	1.38105e+07	20.2768	19.2203
17675	1.38105e+07	20.5725	19.5027
17675	1.38105e+07	20.4425	19.3744
17923	1.38105e+07	20.2345	19.1767
17520	1.38105e+07	20.3743	19.3127
17818	1.38105e+07	20.0655	19.0277
17840	1.38105e+07	20.2962	19.246
17687	1.38105e+07	20.4295	19.3692
17734	1.38105e+07	20.1922	19.1433
18170	1.38105e+07	20.1922	19.1433
18076	1.38105e+07	20.605	19.5335
18241	1.38105e+07	20.7057	19.6362
18181	1.38105e+07	20.7057	19.6362
18075	1.38105e+07	20.839	19.7595
18108	1.38105e+07	20.722	19.6491
18132	1.38105e+07	20.8422	19.7646
18178	1.38105e+07	20.6505	19.5798
18057	1.38105e+07	20.7545	19.6799
18297	1.38105e+07	20.7545	19.6799
18039	1.38105e+07	20.7545	19.6799
18076	1.38105e+07	20.7545	19.6799
18081	1.38105e+07	20.6863	19.6131
18094	1.38105e+07	20.6863	19.6131
18134	1.38105e+07	20.6863	19.6131
18172	1.38105e+07	20.6082	19.5464
17970	1.38105e+07	20.878	19.8006
18089	1.38105e+07	20.7902	19.7184
18222	1.38105e+07	20.5985	19.5387
18180	1.38105e+07	20.6505	19.5387
17958	1.38105e+07	20.8585	19.7723
18092	1.38105e+07	20.7285	19.6619
18003	1.38105e+07	20.5693	19.5079
18017	1.38105e+07	20.6343	19.5669
18017	1.38105e+07	20.579	19.5156
18039	1.38105e+07	20.579	19.5156
17894	1.38105e+07	20.579	19.5156
18081	1.38105e+07	20.4587	19.4052
18137	1.38105e+07	20.579	19.513
17819	1.38105e+07	20.67	19.6054
18052	1.38105e+07	20.5497	19.4873
18004	1.38105e+07	20.4912	19.436
18187	1.38105e+07	20.67	19.6029
18318	1.38105e+07	20.592	19.531
18383	1.38105e+07	21.0308	19.9469
18257	1.38105e+07	20.9137	19.8314
18033	1.38105e+07	20.9137	19.8314
17988	1.38105e+07	20.7838	19.7133
17525	1.38105e+07	20.5367	19.4796
18020	1.38105e+07	20.3515	19.305
16226	1.38105e+07	20.2312	19.1818
7940	1.38105e+07	20.5173	19.4591
7956	1.38105e+07	13.6663	13.0147
8052	1.38105e+07	8.91475	8.46762
8070	1.38105e+07	6.7041	6.36432
8345	1.36724e+07	9.0428	8.60112
8964	1.38111e+07	9.1221	8.67918
9049	1.33147e+07	9.5966	9.12387
8934	1.38099e+07	10.1478	9.65175
8918	1.38099e+07	10.1478	9.65175
8959	1.38099e+07	10.088	9.59321
9001	1.38099e+07	10.088	9.59321
8937	1.29551e+07	10.088	9.59321
8937	1.37968e+07	10.153	9.65585
8868	1.37968e+07	10.153	9.65585
8868	1.37968e+07	10.0789	9.58807
8927	1.37968e+07	10.0789	9.58807
8940	1.37968e+07	10.0789	9.58807
8982	1.37968e+07	10.0789	9.58807
9012	1.37968e+07	10.1777	9.67947
8943	1.37968e+07	10.0997	9.60758
8797	1.37968e+07	10.0997	9.60758
8898	1.37968e+07	9.9892	9.50283
8937	1.37968e+07	10.0568	9.56548
8795	1.37968e+07	10.1179	9.62504
8980	1.37968e+07	10.0568	9.5665
8986	1.37968e+07	10.0568	9.5665
8925	1.37968e+07	10.1764	9.67845
8792	1.37968e+07	9.9697	9.48434
9017	1.37968e+07	10.1205	9.62607
8891	1.37968e+07	10.0282	9.53878
8856	1.37968e+07	10.1894	9.69077
8932	1.37968e+07	9.9762	9.48743
8909	1.37968e+07	10.0477	9.55726
8957	1.37968e+07	10.1153	9.62299
8861	1.37968e+07	10.1153	9.62299
8955	1.37968e+07	10.1153	9.62299
8986	1.37968e+07	9.9788	9.49461
8962	1.37968e+07	10.1465	9.65175
8896	1.37968e+07	10.1465	9.65175
8834	1.37968e+07	10.1465	9.65175
8885	1.27805e+07	10.0399	9.55213
8837	1.38103e+07	10.0399	9.55213
8946	1.38103e+07	10.0399	9.55213
8835	1.38103e+07	10.0399	9.55213
9032	1.38103e+07	10.0399	9.55213
9032	1.38103e+07	10.0399	9.55213
8975	1.38103e+07	10.1777	9.68153
8843	1.38103e+07	10.1023	9.61067
8873	1.38103e+07	10.1023	9.61067
8890	1.38103e+07	10.0191	9.53056
8978	1.38103e+07	10.1335	9.63942
9055	1.38103e+07	10.0828	9.63942
8935	1.38103e+07	10.2154	9.71747
5258	1.38103e+07	10.14	9.64764
4883	1.38103e+07	7.2826	6.93636
4926	1.38103e+07	5.3703	5.11857
4905	1.38103e+07	5.5042	5.24489
4892	1.29448e+07	5.4184	5.16376
4870	1.38123e+07	5.4184	5.16376
4857	1.38123e+07	5.4184	5.16376
4903	1.38123e+07	5.4184	5.16376
4830	1.38123e+07	5.4184	5.16376
4811	1.38123e+07	5.4184	5.16376
4879	1.38123e+07	5.3469	5.09803
4863	1.38123e+07	5.3469	5.09803
4895	1.38123e+07	5.3469	5.09803
4866	1.38123e+07	5.4197	5.16684
4872	1.38123e+07	5.4197	5.16684
4832	1.38123e+07	5.4197	5.16684
4906	1.38123e+07	5.369	5.16684
4800	1.38123e+07	5.369	5.16684
4826	1.38123e+07	5.369	5.16684
4828	1.38123e+07	5.369	5.09084
4835	1.38123e+07	5.369	5.09084
4839	1.38123e+07	5.369	5.09084
4730	1.38123e+07	5.369	5.09084
4730	1.38123e+07	5.369	5.09084
4807	1.38123e+07	5.2793	5.03333
4826	1.38123e+07	5.2793	5.03333
4842	1.38123e+07	5.3417	5.09187
4749	1.38123e+07	5.3417	5.09187
4829	1.38123e+07	5.2871	5.03949
4807	1.38123e+07	5.2871	5.03949
4809	1.38123e+07	5.2871	5.03949
4856	1.38123e+07	5.2871	5.03949
4832	1.38123e+07	5.3872	5.13603
4843	1.38123e+07	5.3872	5.13603
4867	1.38123e+07	5.3872	5.13603
4824	1.38123e+07	5.3872	5.13603
4793	1.38123e+07	5.3872	5.13603
4842	1.38123e+07	5.3872	5.13603
4919	1.38123e+07	5.3079	5.06003
4764	1.38123e+07	5.3755	5.12268
4864	1.38123e+07	5.3755	5.12268
4795	1.38123e+07	5.3027	5.05489
4822	1.38123e+07	5.3859	5.135
4859	1.38123e+07	5.3859	5.135
4858	1.38123e+07	5.3859	5.135
4765	1.34777e+07	5.3859	5.135
4816	1.38118e+07	5.3859	5.135
4795	1.38118e+07	5.2949	5.04668
4808	1.38118e+07	5.2949	5.04668
4738	1.2994e+07	5.2949	5.04668
4735	1.3813e+07	5.2949	5.04668
4811	1.3813e+07	5.2442	5.04668
4788	1.3813e+07	5.2442	4.98814
4751	1.3813e+07	5.3274	5.07954
4751	1.3813e+07	5.3274	5.07954
4747	1.3813e+07	5.3274	5.07954
4809	1.3813e+07	5.3274	5.07954
4731	1.3813e+07	5.3274	5.07954
4776	1.3813e+07	5.2715	5.02511
4765	1.3813e+07	5.2715	5.02511
4806	1.3813e+07	5.2715	5.02511
4792	1.3813e+07	5.2715	5.02511
4728	1.3813e+07	5.2715	5.02511
4761	1.3813e+07	5.2715	5.02511
4778	1.3813e+07	5.2715	5.02511
4744	1.3813e+07	5.2715	5.02511
4761	1.3813e+07	5.2715	5.02511
4787	1.3813e+07	5.2715	5.02511
4799	1.3813e+07	5.2715	5.02511
4857	1.3813e+07	5.2715	5.02511
4781	1.3813e+07	5.2715	5.02511
4804	1.3813e+07	5.3638	5.11549
4769	1.3813e+07	5.3638	5.11549
4802	1.3813e+07	5.2676	5.02203
3851	1.3813e+07	5.2676	5.02203
226	1.3813e+07	5.3196	5.07235
226	1.3813e+07	2.743	2.64042
222	1.3813e+07	0	0
229	1.3813e+07	0	0
225	1.3813e+07	0	0
224	1.3813e+07	0	0
226	1.3813e+07	0	0
225	1.3813e+07	0	0
222	1.3813e+07	0	0
222	1.3813e+07	0	0
218	1.3813e+07	0	0
217	1.3813e+07	0	0
190	1.3813e+07	0	0
160	1.3813e+07	0	0
140	1.3813e+07	0	0
135	1.3813e+07	0	0
134	1.3813e+07	0	0
137	1.3813e+07	0	0
134	1.3813e+07	0	0
137	1.3813e+07	0	0
137	1.3813e+07	0	0
137	1.3813e+07	0	0
136	1.3813e+07	0	0
135	1.3813e+07	0	0
