151	1.37323e+07	0	0
147	1.11718e+07	0	0
152	1.38129e+07	0	0
150	1.3641e+07	0	0
152	1.38119e+07	0	0
154	1.38119e+07	0	0
156	1.38119e+07	0	0
152	1.38119e+07	0	0
150	1.38119e+07	0	0
150	1.38119e+07	0	0
148	1.38119e+07	0	0
149	1.38119e+07	0	0
148	1.38119e+07	0	0
148	1.38119e+07	0	0
146	1.38119e+07	0	0
150	1.38119e+07	0	0
148	1.38119e+07	0	0
149	1.38119e+07	0	0
150	1.38119e+07	0	0
147	1.38119e+07	0	0
148	1.38119e+07	0	0
146	1.38119e+07	0	0
148	1.38119e+07	0	0
144	1.38119e+07	0	0
147	1.38119e+07	0	0
148	1.38119e+07	0	0
150	1.38119e+07	0	0
151	1.38119e+07	0	0
150	1.38119e+07	0	0
149	1.38119e+07	0	0
149	1.34998e+07	0	0
149	1.38146e+07	0	0
148	1.38146e+07	0	0
146	1.38146e+07	0	0
151	1.38146e+07	0	0
151	1.38146e+07	0	0
154	1.38146e+07	0	0
154	1.38146e+07	0	0
153	1.38146e+07	0	0
148	1.38146e+07	0	0
148	1.38146e+07	0	0
150	1.38146e+07	0	0
147	1.38146e+07	0	0
147	1.38146e+07	0	0
151	1.38146e+07	0	0
149	1.38146e+07	0	0
157	1.38146e+07	0	0
154	1.38146e+07	0	0
153	1.38146e+07	0	0
153	1.38146e+07	0	0
156	1.38146e+07	0	0
152	1.16533e+07	0	0
149	1.29587e+07	0	0
240	1.3364e+07	0	0
462	1.29724e+07	0	0
459	1.37928e+07	0	0.6162
463	1.37928e+07	0.78	1.5405
465	1.37928e+07	1.95	3.081
464	1.37928e+07	3.9	6.162
462	1.37928e+07	7.36268	8.74901
462	1.37928e+07	8.96447	8.22422
467	1.37928e+07	8.60145	5.36556
464	1.37928e+07	5.6277	5.41588
465	1.38994e+07	5.577	5.41588
463	1.38141e+07	5.577	5.35478
468	1.38141e+07	5.577	5.35478
460	1.38141e+07	5.577	5.35478
462	1.38141e+07	5.577	5.35478
461	1.38141e+07	5.577	5.35478
459	1.38141e+07	5.577	5.35478
463	1.38141e+07	5.577	5.35478
463	1.38141e+07	5.577	5.35478
464	1.29891e+07	5.577	5.35478
464	1.38128e+07	5.577	5.35478
458	1.38128e+07	5.577	5.35478
462	1.38128e+07	5.577	5.35478
465	1.38128e+07	5.51915	5.35478
470	1.323e+07	5.6602	5.44824
464	1.38135e+07	5.5874	5.37737
466	1.38135e+07	5.53345	5.32448
465	1.38135e+07	5.53345	5.32448
470	1.38135e+07	5.53345	5.32448
465	1.38135e+07	5.53345	5.32448
466	1.38135e+07	5.53345	5.32448
467	1.38135e+07	5.53345	5.32448
464	1.26892e+07	5.58675	5.37737
460	1.36601e+07	5.58675	5.37737
462	1.38104e+07	5.5289	5.3214
465	1.07345e+07	5.5289	5.3214
465	1.38126e+07	5.5289	5.3214
468	1.38126e+07	5.603	5.39175
464	1.38126e+07	5.603	5.39175
465	1.38126e+07	5.52305	5.31627
463	1.38126e+07	5.52305	5.31627
463	1.38126e+07	5.58805	5.37789
462	1.38126e+07	5.58805	5.37789
455	1.38126e+07	5.58805	5.37789
456	1.37089e+07	5.4561	5.25208
456	1.37089e+07	5.4561	5.25208
451	1.3811e+07	5.4561	5.25208
460	1.3811e+07	5.4561	5.25208
459	1.3811e+07	5.4561	5.25208
459	1.3811e+07	5.5237	5.31627
465	1.3811e+07	5.5237	5.31627
463	1.3811e+07	5.5237	5.31627
467	1.3811e+07	5.5237	5.31627
467	1.3811e+07	5.5237	5.31627
468	1.3811e+07	5.5978	5.38661
463	1.3811e+07	5.5224	5.31318
462	1.3811e+07	5.5224	5.31318
461	1.3811e+07	5.5224	5.31318
463	1.3811e+07	5.5224	5.31318
461	1.3811e+07	5.5224	5.31318
466	1.3811e+07	5.5224	5.31318
469	1.3811e+07	5.5224	5.31318
463	1.3811e+07	5.5224	5.31318
462	1.3811e+07	5.5224	5.31318
459	1.3811e+07	5.46845	5.26286
465	1.3811e+07	5.46845	5.26286
460	1.3811e+07	5.46845	5.26286
461	1.3811e+07	5.46845	5.26286
457	1.3811e+07	5.41775	5.26286
462	1.3811e+07	5.41775	5.26286
453	1.3811e+07	5.41775	5.26286
459	1.3811e+07	5.33	5.13038
451	1.3811e+07	5.33	5.13038
727	1.3811e+07	5.33	5.13038
797	6.42832e+06	9.1273	8.79471
795	1.1376e+07	11.3555	10.9073
751	1.37957e+07	11.2326	10.7866
745	1.18375e+07	10.7107	10.288
738	1.15231e+07	10.361	9.9506
734	1.34032e+07	10.361	9.9506
734	1.34032e+07	10.229	9.82428
739	1.29254e+07	10.229	9.82428
732	1.36987e+07	10.0964	9.69745
745	1.38012e+07	10.3077	9.89977
750	1.38012e+07	10.3857	9.97576
751	1.38012e+07	10.491	10.0764
754	1.35717e+07	10.5969	10.176
738	1.15636e+07	10.528	10.1103
743	1.38132e+07	10.3447	9.93777
750	1.38132e+07	10.3447	9.93777
746	1.3415e+07	10.3948	9.93777
741	1.32977e+07	10.3305	9.93777
727	1.38139e+07	10.1764	9.7755
722	1.38139e+07	10.0425	9.64661
388	1.38139e+07	9.90665	9.51772
150	1.18887e+07	2.27825	2.21524
150	1.38182e+07	0	0
150	1.32311e+07	0	0
154	1.38091e+07	0	0
152	1.38091e+07	0	0
149	1.16727e+07	0	0
149	1.38161e+07	0	0
147	1.38161e+07	0	0
149	1.38161e+07	0	0
148	1.38161e+07	0	0
151	1.38161e+07	0	0
148	1.38161e+07	0	0
151	1.38161e+07	0	0
147	1.38161e+07	0	0
147	1.38161e+07	0	0
146	1.38161e+07	0	0
146	1.38161e+07	0	0
151	1.38161e+07	0	0
151	1.38161e+07	0	0
151	1.38161e+07	0	0
148	1.38161e+07	0	0
149	1.38161e+07	0	0
148	1.38161e+07	0	0
148	1.38161e+07	0	0
148	1.28431e+07	0	0
148	7.28616e+06	0	0
148	1.38119e+07	0	0
147	1.38119e+07	0	0
146	1.38119e+07	0	0
144	1.38119e+07	0	0
145	1.38119e+07	0	0
143	1.38119e+07	0	0
147	1.38119e+07	0	0
145	1.38119e+07	0	0
145	1.21904e+07	0	0
148	1.35327e+07	0	0
250	1.37966e+07	0	0
248	1.37966e+07	0.78	0.6162
251	1.37966e+07	1.78142	1.5405
249	1.37966e+07	1.78142	1.74842
251	1.37966e+07	2.76978	2.67575
251	1.37966e+07	1.77619	2.81039
252	1.37966e+07	1.77619	1.73897
253	4.5156e+06	1.77619	1.73897
248	1.11163e+07	1.77619	1.73897
244	1.38137e+07	1.77619	1.73897
247	1.38137e+07	1.77619	1.73897
247	1.38137e+07	1.77619	1.73897
246	1.38137e+07	1.77619	1.73897
245	1.38137e+07	1.77619	1.73897
249	1.32308e+07	1.77619	1.73897
250	1.38155e+07	1.77619	1.73897
248	1.38155e+07	1.77619	1.73897
348	1.36612e+07	2.51472	2.43399
351	1.36612e+07	3.58345	3.44995
602	1.38163e+07	6.07587	3.66921
892	1.38163e+07	11.6867	11.1861
892	1.38163e+07	20.02	19.1397
898	1.26493e+07	20.5075	19.7502
886	1.34279e+07	13.1482	12.6177
856	1.38047e+07	12.9753	12.4534
840	1.29582e+07	12.3305	11.8382
839	1.37324e+07	12.233	11.7396
845	1.25683e+07	12.233	11.7396
852	1.36438e+07	12.3643	11.868
811	1.36438e+07	12.415	11.868
793	1.30813e+07	11.6376	11.1655
794	1.38154e+07	11.362	10.9057
796	1.38154e+07	11.362	10.9057
786	1.2908e+07	11.4361	10.9786
770	1.2908e+07	11.3048	10.8533
756	1.22794e+07	10.9759	10.537
755	1.23553e+07	10.7731	10.3429
751	1.18917e+07	10.6834	10.2577
748	1.38125e+07	10.6834	10.2577
739	1.38125e+07	10.6834	10.2577
721	1.38125e+07	10.5183	10.1005
735	1.38125e+07	10.2271	9.8212
735	1.38125e+07	10.2934	9.88179
511	1.38125e+07	9.5407	9.15879
140	1.38125e+07	0.6916	0.690144
141	1.38125e+07	0	0
138	1.38125e+07	0	0
144	1.38125e+07	0	0
143	1.38125e+07	0	0
140	1.38125e+07	0	0
139	1.38125e+07	0	0
144	1.36826e+07	0	0
141	1.3815e+07	0	0
139	1.3815e+07	0	0
137	1.3815e+07	0	0
139	1.3815e+07	0	0
136	1.3815e+07	0	0
138	1.3815e+07	0	0
137	1.3815e+07	0	0
137	1.3815e+07	0	0
139	1.3815e+07	0	0
137	1.3815e+07	0	0
137	1.3815e+07	0	0
136	1.3815e+07	0	0
138	1.37169e+07	0	0
137	1.38114e+07	0	0
140	1.38114e+07	0	0
139	1.3021e+07	0	0
145	1.37967e+07	0	0
138	1.37967e+07	0	0
136	1.37967e+07	0	0
138	1.37967e+07	0	0
140	1.37967e+07	0	0
140	1.37967e+07	0	0
160	1.37967e+07	0	0
376	1.37967e+07	0.78	0.6162
374	1.37967e+07	1.95	1.5405
377	1.37967e+07	3.9	3.081
372	1.37967e+07	6.40822	5.54518
373	1.37967e+07	6.65275	6.39718
378	1.37967e+07	4.13985	6.17535
371	1.37967e+07	4.13985	3.97244
400	1.36091e+07	4.0833	3.97244
838	1.3813e+07	7.44088	7.13765
837	1.3813e+07	12.1277	11.6477
825	1.3813e+07	18.6771	11.6477
732	1.3813e+07	18.2533	11.0639
730	1.3813e+07	10.244	9.83661
730	1.3813e+07	10.244	9.83661
732	1.36755e+07	10.3025	9.89412
721	1.38126e+07	10.3025	9.89412
713	1.38126e+07	10.1712	9.76626
711	1.23576e+07	9.9983	9.60296
705	1.37936e+07	9.9983	9.60296
712	1.33363e+07	9.8423	9.45199
710	1.37956e+07	9.9307	9.53826
699	1.37956e+07	9.9307	9.53826
704	1.37956e+07	9.7786	9.3914
697	1.37956e+07	9.7786	9.3914
699	1.37956e+07	9.7123	9.32773
698	1.37956e+07	9.6564	9.2733
690	1.37956e+07	9.6564	9.2733
693	1.37956e+07	9.5953	9.2163
687	1.37956e+07	9.5953	9.2163
687	1.37956e+07	9.5407	9.16392
684	1.37956e+07	9.4445	9.07046
688	1.37956e+07	9.4445	9.07046
684	1.37956e+07	9.4445	9.07046
683	1.37956e+07	9.4445	9.07046
683	1.37956e+07	9.4445	9.07046
685	1.37956e+07	9.4445	9.07046
689	1.37956e+07	9.6304	9.25019
705	1.37956e+07	9.711	9.32619
706	1.37956e+07	9.8644	9.47407
710	1.37956e+07	9.9229	9.52902
705	1.37956e+07	9.9229	9.52902
702	1.37956e+07	9.9229	9.52902
706	1.37956e+07	9.8085	9.4181
705	1.37956e+07	9.9346	9.5398
1023	1.37956e+07	9.8254	9.43556
1532	1.37956e+07	18.0271	17.2377
1542	1.37956e+07	24.4426	36.3373
1519	1.37956e+07	24.4426	35.1953
1536	1.24625e+07	24.3139	23.336
1522	1.38126e+07	24.6831	23.6878
1480	1.38126e+07	24.0344	23.0664
1483	1.35789e+07	23.1777	22.2397
1492	1.38129e+07	23.1777	22.2397
1490	1.38129e+07	23.2505	22.3116
1448	1.38129e+07	23.2505	22.3116
1418	1.38129e+07	22.9281	22.006
1422	1.36946e+07	22.0883	21.1973
1398	1.38155e+07	22.1546	21.264
1416	1.38155e+07	21.8777	20.9996
1416	1.38155e+07	22.0896	21.2024
1378	1.38155e+07	21.7165	20.843
1360	1.15124e+07	21.2004	20.3449
1343	1.37567e+07	21.008	20.1651
1354	1.37567e+07	20.9534	20.1112
1358	1.18321e+07	21.034	20.1883
1335	1.26886e+07	20.8546	20.0137
1342	7.96695e+06	20.6648	19.8339
1348	1.09289e+07	20.7467	19.9135
1340	1.29847e+07	20.8052	19.9674
1344	1.38028e+07	20.8052	19.9674
1336	1.38028e+07	20.943	20.101
1325	1.38028e+07	20.6635	19.8314
1322	1.38028e+07	20.5179	19.6902
1320	1.38028e+07	20.4594	19.6337
1322	1.38028e+07	20.5374	19.7133
1307	1.32447e+07	20.4854	19.6593
1292	1.34945e+07	20.2111	19.3975
1299	1.38087e+07	20.0161	19.21
1308	1.30621e+07	20.1578	19.3487
1307	1.37964e+07	20.1578	19.3487
1310	1.07576e+07	20.1578	19.3487
1293	1.31086e+07	20.1578	19.3487
1290	1.3814e+07	20.0395	19.2357
1292	1.3814e+07	19.9576	19.1535
1292	1.3814e+07	20.0226	19.2203
1291	1.3814e+07	20.0226	19.2203
1289	1.3814e+07	19.7145	18.9225
1295	1.3814e+07	20.0902	19.2845
1291	1.3814e+07	20.0902	19.2845
1286	1.3814e+07	19.8861	19.0842
1286	1.3814e+07	19.8861	19.0842
1284	1.3814e+07	20.0447	19.2383
1288	1.3814e+07	19.955	19.151
1289	1.3814e+07	19.8419	19.0457
1289	1.3814e+07	19.9043	19.1048
1298	1.3814e+07	20.1487	19.3384
1294	1.3814e+07	20.2345	19.4206
1310	1.26135e+07	20.2345	19.4206
1298	1.34766e+07	20.2345	19.4206
1289	8.66737e+06	20.0707	19.264
1275	1.38092e+07	19.8523	19.0534
1291	1.38092e+07	20.0408	19.2357
1287	1.30388e+07	19.9797	19.1767
1299	1.36594e+07	20.124	19.3127
1289	1.38145e+07	20.124	19.3127
1278	1.38145e+07	20.0187	19.2126
1288	1.38145e+07	19.89	19.0919
1298	1.38145e+07	20.02	19.2152
1296	1.38145e+07	20.1799	19.3692
1315	1.38145e+07	20.2462	19.4334
1290	1.38145e+07	20.3801	19.5566
1294	1.38145e+07	20.111	19.305
1304	1.35708e+07	20.111	19.305
1301	1.38147e+07	20.2085	19.3975
1302	1.38147e+07	20.2709	19.4591
1293	1.38147e+07	20.2709	19.4591
1481	1.38147e+07	20.1526	19.3435
1503	1.38147e+07	22.8319	21.9187
1500	1.38147e+07	23.5833	22.6351
1487	1.38147e+07	23.6457	22.6916
1499	1.38147e+07	23.6457	22.6916
1499	1.38147e+07	23.5222	22.5735
1670	1.38147e+07	25.8492	24.7969
1660	1.38147e+07	26.6656	25.5877
1638	1.38147e+07	26.2275	25.1692
1667	1.38147e+07	26.5564	25.4876
1670	1.38147e+07	26.5564	25.4876
1733	1.38147e+07	27.4131	26.304
1741	1.37405e+07	27.8018	26.6789
1732	1.37405e+07	27.8018	26.6789
1736	1.38138e+07	27.8018	26.6789
1761	1.38138e+07	27.8837	26.7585
1780	1.36037e+07	28.444	27.2977
1778	1.3808e+07	28.7742	27.6135
1772	1.3808e+07	28.6975	27.5416
1772	1.3808e+07	28.3881	27.2437
1782	1.3808e+07	28.4544	27.3079
1800	1.3808e+07	28.7534	27.5904
1802	1.3808e+07	28.9796	27.806
1824	1.3808e+07	29.0329	27.8599
1805	1.3808e+07	29.5724	28.3734
1825	1.3808e+07	29.2305	28.0525
1818	1.3808e+07	29.4528	28.263
1820	1.3808e+07	29.3085	28.127
1830	1.3808e+07	29.3085	28.127
1823	1.3808e+07	29.5841	28.394
1840	1.3808e+07	29.3501	28.1629
1837	1.3808e+07	29.6166	28.4145
1866	1.3808e+07	29.9403	28.7252
1893	1.3808e+07	29.9988	28.7868
1917	1.34584e+07	30.8893	29.6392
1877	1.22758e+07	30.8893	29.6392
1877	1.22758e+07	30.55	29.3183
1913	1.38113e+07	30.9777	29.7239
1871	1.38113e+07	30.6254	29.3876
1885	1.38113e+07	30.7359	29.4903
1885	1.38113e+07	30.3238	29.0975
1865	1.37297e+07	30.1561	28.9383
1873	1.38116e+07	30.3784	29.1514
1834	1.38116e+07	30.2029	28.9819
1843	1.38116e+07	29.3982	28.1989
1827	1.38116e+07	29.6985	28.4967
1820	1.38116e+07	29.3085	28.1193
1840	1.38116e+07	29.3085	28.1193
1909	1.38116e+07	30.394	29.1668
1897	1.38116e+07	30.9764	29.7214
1920	1.38116e+07	30.9764	29.7727
1938	1.38116e+07	31.2403	29.9756
1928	1.38116e+07	47.3623	30.2606
1916	1.38116e+07	31.2423	29.9704
1913	1.38116e+07	31.148	29.8831
1921	1.38116e+07	31.2097	29.937
1929	1.38116e+07	31.2097	29.937
1913	1.31877e+07	31.2097	29.937
1918	1.35136e+07	31.2097	29.937
1922	1.30466e+07	31.2975	30.0218
1904	1.3819e+07	31.1935	29.9216
1905	1.3819e+07	30.9725	29.7111
1892	1.32733e+07	30.8977	29.6444
1882	1.38159e+07	30.589	29.344
1882	1.38159e+07	30.6768	29.4235
1893	1.38159e+07	30.4915	29.2515
1891	1.34409e+07	30.6442	29.3927
1891	1.34409e+07	30.8587	29.6033
1892	1.38161e+07	30.55	29.308
1857	1.32515e+07	30.7027	29.4569
2253	1.37777e+07	32.1133	30.8357
2589	1.37777e+07	43.0007	41.2289
2595	1.37777e+07	43.095	41.3368
2596	1.37777e+07	42.9943	41.2418
2572	1.33495e+07	43.29	41.5242
2588	1.31731e+07	42.8675	41.1211
2585	1.38131e+07	43.1828	41.4189
2583	1.34859e+07	43.056	41.2982
2578	1.38135e+07	43.1242	41.3624
2591	1.38135e+07	43.0658	41.3059
2536	1.38135e+07	42.809	41.062
2548	1.38135e+07	42.1297	40.4124
2536	1.38135e+07	42.2793	40.5537
2519	1.38135e+07	42.0972	40.3816
2542	1.35956e+07	42.016	40.2969
2488	1.38109e+07	42.1818	40.4612
2504	1.38109e+07	41.4408	39.75
2490	1.38109e+07	41.4408	39.75
2499	1.38109e+07	41.3465	39.6525
2497	1.38109e+07	41.5708	39.8707
2501	1.38109e+07	41.717	40.0119
2523	1.38109e+07	41.613	39.9118
2500	1.38109e+07	41.8503	40.1429
2491	1.38109e+07	41.5122	39.8168
2498	1.38109e+07	41.6618	39.9554
2503	1.38109e+07	41.5805	39.881
2508	1.38109e+07	41.5805	39.881
2499	1.38109e+07	41.8795	40.1711
2499	1.38109e+07	41.6845	39.9811
2496	1.38109e+07	41.2555	39.5677
2505	1.38109e+07	41.8145	40.1095
2494	1.38109e+07	41.418	39.7244
2488	1.38109e+07	41.418	39.7244
2462	1.38109e+07	41.1092	39.4291
2432	1.38109e+07	40.56	38.9079
2462	1.38109e+07	40.9598	39.2879
2437	1.38109e+07	40.703	39.044
2430	1.38109e+07	40.4852	38.8257
2451	1.38109e+07	40.4852	38.8257
2438	1.38109e+07	40.3715	38.723
2406	1.38109e+07	40.443	38.7924
2441	1.38109e+07	40.3097	38.664
2432	1.38109e+07	40.404	38.7641
2432	1.38109e+07	40.3423	38.6948
2428	1.31873e+07	40.3423	38.6948
2432	1.38143e+07	40.43	38.7821
2428	1.38143e+07	40.1082	38.4688
2431	1.38143e+07	40.4787	38.8309
2429	1.38143e+07	40.4787	38.8309
2431	1.38143e+07	40.4787	38.8309
2410	1.38143e+07	40.4787	38.8309
2472	1.38143e+07	40.092	38.4586
2491	1.38143e+07	41.1807	39.5036
2540	1.38143e+07	41.3855	39.7013
2531	1.38143e+07	42.2435	40.5229
2546	1.38143e+07	42.0745	40.3662
2523	1.38143e+07	42.4873	40.7462
2561	1.38143e+07	42.1362	40.4253
2560	1.38143e+07	42.4385	40.7128
2560	1.38143e+07	42.9455	41.2007
2543	1.38143e+07	42.3052	40.5793
2537	1.38143e+07	42.4222	40.6923
2495	1.38143e+07	41.8535	40.1454
2541	1.38143e+07	41.9478	40.243
2499	1.38143e+07	41.808	40.1069
2474	1.38143e+07	41.5643	39.8758
2503	1.38143e+07	41.184	39.4984
2495	1.38143e+07	41.6423	39.9375
2507	1.38143e+07	41.561	39.8681
2519	1.38143e+07	42.0257	40.3149
2514	1.38143e+07	41.6845	39.9914
2499	1.38143e+07	41.7852	40.0787
2489	1.38143e+07	41.5643	39.8656
2476	1.38143e+07	41.093	39.4137
2485	1.38143e+07	41.158	39.483
2466	1.38143e+07	41.158	39.483
2437	1.38143e+07	41.0215	39.3521
2677	1.38143e+07	41.4505	39.7654
2690	1.38143e+07	44.5705	42.7514
2655	1.38143e+07	44.7915	42.9671
2706	1.38143e+07	44.5185	42.6898
2698	1.38143e+07	45.1035	43.2598
2833	1.38143e+07	45.1035	43.2598
2794	1.38143e+07	47.1445	45.2111
2830	1.38143e+07	46.9365	45.0237
2793	1.38143e+07	47.5182	45.568
2821	1.38143e+07	46.6245	44.7233
2952	1.38143e+07	47.1835	45.2599
2967	1.38143e+07	49.205	47.1906
2937	1.38143e+07	49.699	47.6733
2937	1.38143e+07	49.7965	47.776
2922	1.38143e+07	49.2537	47.2471
2962	1.38143e+07	49.4325	47.4038
3001	1.38143e+07	50.232	48.1894
2979	1.38143e+07	49.9655	47.925
2981	1.38143e+07	50.2385	48.1945
2976	1.38143e+07	50.1345	48.0918
2982	1.38143e+07	50.3848	48.3255
3053	1.38143e+07	50.739	48.6593
3081	1.38143e+07	51.6133	49.5065
3031	1.36203e+07	51.506	49.4167
3027	1.37464e+07	51.1322	49.0418
3020	1.37464e+07	50.9925	48.9083
3071	1.38167e+07	50.8202	48.744
3034	1.38167e+07	51.519	49.4167
3012	1.34491e+07	50.8885	48.8107
3013	1.37971e+07	51.2817	49.201
3009	1.37971e+07	50.4465	48.3974
3017	1.37971e+07	50.8365	48.7645
3002	1.37971e+07	50.6838	48.6284
2985	1.37971e+07	50.427	48.3717
3009	1.37971e+07	50.2287	48.1791
2971	1.37971e+07	50.5505	48.4924
2950	1.37971e+07	50.0858	48.0482
2927	1.37971e+07	49.738	47.7093
2918	1.37971e+07	49.0783	47.0751
2903	1.37971e+07	49.0783	47.0751
2903	1.32227e+07	48.6818	46.7003
2949	1.38128e+07	48.6818	46.6386
2979	1.38128e+07	49.6242	47.5989
2981	1.38128e+07	50.0988	48.0482
2981	1.38128e+07	49.66	47.6348
3198	1.38128e+07	52.9035	50.6979
3203	1.38128e+07	54.249	52.0381
3192	1.34208e+07	54.0508	51.8404
3186	1.38143e+07	53.5632	51.3782
3136	1.38143e+07	53.4333	51.2576
3089	1.38143e+07	52.325	50.1895
3103	1.38143e+07	52.0228	49.8942
3073	1.38143e+07	51.6295	49.5399
3032	1.38143e+07	51.6295	49.5399
3038	1.38143e+07	51.5028	49.4038
3024	1.38143e+07	51.0023	48.9211
3015	1.38143e+07	51.3272	49.2344
3072	1.38143e+07	50.4205	48.3589
3044	1.38143e+07	51.6327	49.5271
3046	1.37372e+07	51.2362	49.1471
3007	1.381e+07	51.2362	49.1471
3096	1.381e+07	51.0185	48.9391
3022	1.381e+07	52.221	50.0945
3058	1.381e+07	51.1712	49.088
3093	1.34177e+07	51.519	49.4141
3079	1.38196e+07	52.143	50.02
3048	1.38196e+07	51.9837	49.8608
3052	1.38196e+07	51.3923	49.296
3033	1.38196e+07	51.3923	49.296
3081	1.38196e+07	51.3923	49.296
3063	1.24133e+07	51.7952	49.6837
3177	1.37803e+07	51.6587	49.5553
3283	1.37803e+07	53.365	51.1959
3245	1.37803e+07	55.0387	52.7955
3315	1.37803e+07	55.0387	52.7955
3315	1.37803e+07	55.4157	53.1549
3316	1.37803e+07	56.0625	53.7763
3439	1.37803e+07	57.2943	54.9599
3488	1.37803e+07	59.1403	56.7263
3537	1.37803e+07	59.4002	56.978
3462	1.37803e+07	59.0298	56.639
3502	1.37803e+07	59.6082	57.1782
3528	1.37803e+07	59.5042	57.0704
3543	1.37803e+07	60.0015	57.5505
3520	1.37803e+07	59.67	57.2347
3541	1.37803e+07	59.8585	57.4221
3559	1.37803e+07	60.034	57.5762
3552	1.37803e+07	60.593	58.1179
3563	1.37803e+07	60.0112	57.5633
3570	1.37803e+07	60.528	58.0589
3572	1.37803e+07	60.528	58.0589
3596	1.37803e+07	60.7653	58.2925
3573	1.37803e+07	60.606	58.1308
3566	1.37803e+07	60.606	58.1308
3598	1.37803e+07	60.8075	58.331
3555	1.37803e+07	60.8075	58.331
3577	1.37803e+07	60.1413	57.6892
3564	1.37803e+07	60.5832	58.1051
3590	1.37803e+07	60.7197	58.2412
3589	1.37803e+07	60.7197	58.2412
3593	1.37803e+07	61.1357	58.6391
3603	1.37803e+07	60.8302	58.3516
3615	1.37803e+07	61.4445	58.9395
3608	1.37803e+07	61.1975	58.7059
3614	1.37803e+07	61.3762	58.8702
3564	1.37803e+07	61.5485	59.0448
3564	1.37803e+07	60.736	58.2643
3586	1.37803e+07	60.736	58.2643
3606	1.37803e+07	60.7945	58.3233
3569	1.37803e+07	61.6655	59.1552
3612	1.37803e+07	60.84	58.3593
3584	1.37803e+07	61.2625	58.7624
3595	1.37803e+07	60.9765	58.4851
3563	1.37803e+07	60.7815	58.3002
3604	1.37803e+07	60.7295	58.3002
3576	1.37803e+07	61.2528	58.7547
3604	1.37803e+07	61.2528	58.7547
3603	1.37803e+07	61.0415	58.5441
3579	1.37803e+07	61.2625	58.7649
3635	1.37803e+07	61.1	58.6032
3600	1.37803e+07	61.2917	58.7957
3640	1.37803e+07	61.8052	59.2836
3575	1.33559e+07	61.5127	59.0037
3596	1.38104e+07	61.0187	58.5287
3582	1.38104e+07	60.7945	58.3105
3558	1.38104e+07	60.8725	58.3875
3536	1.38104e+07	60.7458	58.2643
3557	1.38104e+07	60.0112	57.5685
3627	1.38104e+07	60.671	58.1975
3586	1.38104e+07	61.5713	59.0576
3594	1.38104e+07	60.9635	58.4748
3609	1.38104e+07	61.2105	58.7187
3603	1.38104e+07	61.3665	58.8702
3584	1.38104e+07	61.2495	58.747
3588	1.38104e+07	60.97	58.4799
3594	1.38104e+07	60.9082	58.4235
3557	1.38104e+07	60.5312	58.0589
3557	1.38104e+07	60.9603	58.4645
4321	1.38104e+07	70.0537	67.1632
4342	1.38104e+07	74.1618	114.028
4320	1.38104e+07	73.8302	71.13
4379	1.38104e+07	74.9905	72.2443
4289	1.38104e+07	73.5475	70.8579
4329	1.38104e+07	73.9212	71.2122
4356	1.38104e+07	73.9212	71.2122
4295	1.38104e+07	74.2105	71.4997
4316	1.38104e+07	73.8692	71.166
4315	1.38104e+07	73.8172	71.166
4254	1.38104e+07	73.3753	70.673
4253	1.38104e+07	72.7025	70.0363
4221	1.38104e+07	72.7025	70.0363
4227	1.38104e+07	72.202	69.5638
4199	1.38104e+07	72.3288	69.6768
4189	1.38104e+07	71.8022	69.1684
4184	1.38104e+07	71.396	68.7782
4178	1.38104e+07	71.5163	68.886
4160	1.38104e+07	71.1328	68.5266
4104	1.30951e+07	70.8337	68.239
4102	1.38117e+07	70.5672	67.9925
4081	1.38117e+07	69.8815	67.3096
4044	1.38117e+07	69.472	66.9245
4069	1.38117e+07	69.1795	66.6369
4036	1.38117e+07	69.5208	66.9707
4134	1.38117e+07	69.0592	66.5239
4071	1.38117e+07	70.3138	67.7409
4099	1.38117e+07	69.8555	67.3044
4099	1.38117e+07	69.8555	67.3044
4177	1.38117e+07	70.928	68.3263
4177	1.38117e+07	70.7005	68.126
4160	1.38117e+07	70.967	68.3674
4153	1.38117e+07	71.2465	68.6344
4105	1.38117e+07	70.1967	67.6177
4159	1.38117e+07	70.5835	67.9925
4143	1.38117e+07	70.7558	68.1671
4145	1.38117e+07	70.9313	68.3366
4198	1.38117e+07	71.4025	68.7782
4123	1.38117e+07	71.1847	68.5831
4190	1.38117e+07	71.6722	69.0503
4135	1.38117e+07	71.1458	68.5574
4121	1.38117e+07	71.0905	68.4804
4134	1.38117e+07	70.6973	68.1004
4127	1.38117e+07	70.6973	68.1004
4158	1.38117e+07	70.4275	67.8488
4129	1.38117e+07	70.6875	68.0901
4097	1.38117e+07	70.785	68.1877
4148	1.38117e+07	70.629	68.0387
4090	1.38117e+07	70.7395	68.1517
4140	1.38117e+07	69.8913	67.3301
4159	1.38117e+07	70.9508	68.352
4078	1.38117e+07	70.655	68.0747
4073	1.38117e+07	69.888	67.325
4181	1.36819e+07	70.096	67.5304
4101	1.38142e+07	71.24	68.6293
4101	1.38142e+07	70.174	67.5971
4138	1.38142e+07	69.992	67.4174
4099	1.38142e+07	70.5478	67.9617
4165	1.38142e+07	69.8945	67.3353
4109	1.38142e+07	71.279	68.6549
4112	1.38142e+07	70.512	67.9361
4112	1.38142e+07	70.1805	67.6074
4139	1.38142e+07	70.5835	67.9977
4086	1.38142e+07	69.9985	67.4277
4088	1.38142e+07	69.9985	67.4277
4092	1.38142e+07	69.9985	67.4277
4259	1.38142e+07	70.7817	68.1877
4335	1.38142e+07	74.4997	71.7719
4396	1.38142e+07	74.8475	72.1057
4440	1.38142e+07	75.1953	72.4343
4351	1.38142e+07	74.5062	71.7668
4475	1.38142e+07	74.3568	71.6384
4514	1.38142e+07	78.0553	75.2123
4583	1.38142e+07	124.702	74.8221
4536	1.38142e+07	78.1365	74.9453
4498	1.35438e+07	77.129	74.0005
4556	1.38135e+07	77.415	74.2572
4682	1.38135e+07	79.391	76.1572
4600	1.38135e+07	80.522	77.2458
4651	1.38135e+07	79.3455	76.1161
4790	1.38135e+07	79.859	76.6142
5119	1.38135e+07	83.7525	80.3371
5142	1.38135e+07	88.647	85.051
5119	1.38135e+07	88.777	85.164
5133	1.38135e+07	88.53	84.9329
5034	1.38135e+07	88.7965	85.1896
5099	1.38135e+07	87.2755	83.7416
5044	1.38135e+07	87.9775	84.3989
5001	1.38135e+07	87.3535	83.8083
4949	1.38135e+07	86.424	82.8943
5016	1.38135e+07	85.6895	82.2011
4921	1.38135e+07	86.4565	82.9456
4921	1.38135e+07	85.4815	82.0111
4888	1.38135e+07	84.435	81.0046
4839	1.38135e+07	84.1685	80.7325
4985	1.38135e+07	85.241	81.7646
4918	1.38135e+07	85.345	81.8724
4871	1.38135e+07	84.4805	81.0457
4884	1.38135e+07	83.9605	80.5425
4855	1.38135e+07	83.9605	80.5425
4824	1.38135e+07	83.317	79.9263
4776	1.38135e+07	83.252	79.8698
4864	1.38135e+07	83.0245	79.649
4778	1.38135e+07	83.239	79.8493
4815	1.38135e+07	82.1405	78.8068
4848	1.38135e+07	83.8435	80.4346
4806	1.25496e+07	83.174	79.7825
4772	1.37146e+07	82.563	79.2125
4818	1.38134e+07	82.433	79.079
4767	1.38134e+07	83.018	79.649
4763	1.38134e+07	82.6735	79.3152
4802	1.22666e+07	82.1015	78.7504
4781	1.38109e+07	82.8815	79.5155
4815	8.65299e+06	82.8815	79.5155
4814	1.24998e+07	82.966	79.5976
4795	1.36811e+07	82.966	79.5976
4755	1.38104e+07	82.8425	79.4436
4819	1.38104e+07	82.017	78.6939
4822	1.38104e+07	82.9595	79.5822
4788	1.38104e+07	83.6225	80.219
4822	1.38104e+07	83.0505	79.6695
4826	1.38104e+07	82.9985	79.6695
4784	1.38104e+07	82.9985	79.6695
4784	1.38104e+07	82.4005	79.0533
4671	1.38104e+07	81.601	78.2728
4752	1.33768e+07	81.3735	78.052
4714	1.38115e+07	81.107	77.8055
4755	1.38115e+07	82.329	78.9712
4678	1.38115e+07	81.029	77.7336
4765	1.38115e+07	81.4905	78.1804
4683	1.38115e+07	81.874	78.5501
4800	1.38115e+07	81.6075	78.3036
4708	1.38115e+07	81.965	78.6271
4683	1.38115e+07	81.3605	78.0366
4765	1.38115e+07	81.237	77.9339
4734	1.38115e+07	81.653	78.3293
4687	1.38115e+07	81.133	77.8312
4811	1.38115e+07	81.224	77.9185
4721	1.24417e+07	82.199	78.8736
4721	1.38152e+07	81.8415	78.509
4723	1.38152e+07	81.1265	77.8312
4754	1.38152e+07	81.757	78.4217
4708	1.17885e+07	82.1015	78.7606
4734	1.33902e+07	81.5165	78.206
4733	1.38123e+07	81.2695	77.9544
4750	1.38123e+07	81.809	78.4731
4800	1.38123e+07	82.3355	78.9866
4721	1.38123e+07	82.4655	79.1098
4715	1.38123e+07	81.419	78.0982
4752	1.38123e+07	81.419	78.1496
4762	1.36339e+07	81.5685	78.2574
4753	1.38133e+07	81.8805	78.5398
4720	1.38133e+07	82.173	78.8377
4760	1.38133e+07	81.575	78.2523
4760	1.38133e+07	81.6335	78.3036
4727	1.38133e+07	81.848	78.5141
4793	1.38133e+07	81.848	78.5141
4720	1.38133e+07	81.5555	78.2317
4711	1.38133e+07	81.5555	78.2317
4684	1.35894e+07	81.2695	77.9647
4727	1.38167e+07	80.561	77.2766
4771	1.38167e+07	81.3345	78.0212
4731	1.38167e+07	82.4655	79.1047
4693	1.38167e+07	81.406	78.0931
4751	1.38167e+07	81.406	78.0931
4764	1.38167e+07	81.7895	78.4679
4699	1.38167e+07	81.549	78.2266
4700	1.38167e+07	81.0485	77.7644
4761	1.33407e+07	80.6845	77.3947
4716	1.38125e+07	81.9715	78.6271
4717	1.38125e+07	81.341	78.0315
4715	1.38125e+07	81.2175	77.9031
4747	1.38125e+07	81.5165	78.1906
4741	1.38125e+07	81.692	78.3601
4743	1.38125e+07	81.5685	78.2369
4768	1.38125e+07	81.965	78.622
4727	1.38125e+07	82.1015	78.7555
4710	1.38125e+07	81.4905	78.1701
4669	1.33338e+07	81.1525	77.8466
4800	1.33338e+07	80.652	77.369
1082	1.38118e+07	82.537	79.1714
143	1.38118e+07	24.128	23.051
147	1.28992e+07	0	0
143	1.37954e+07	0	0
141	1.37954e+07	0	0
141	1.37954e+07	0	0
136	1.37954e+07	0	0
139	1.37954e+07	0	0
134	1.37954e+07	0	0
136	1.37954e+07	0	0
130	1.37954e+07	0	0
138	1.37954e+07	0	0
137	1.3558e+07	0	0
138	1.38097e+07	0	0
129	1.38097e+07	0	0
132	1.38097e+07	0	0
130	1.38097e+07	0	0
130	1.38097e+07	0	0
