scalerS16b	IPM2C21A	IPM2C24A	
259	1.33677e+07	0	0
256	1.29009e+07	0	0
259	1.35763e+07	0	0
258	1.21006e+07	0	0
259	1.35866e+07	0	0
261	1.33451e+07	0	0
257	1.38649e+07	0	0
257	1.336e+07	0	0
75650	1.35216e+07	0	0.52662
78585	1.38812e+07	1.95	1.5405
79271	1.34766e+07	3.9	3.081
75905	1.32642e+07	7.8	6.162
80517	1.2969e+07	19.5	15.405
79282	1.28661e+07	39	30.81
78175	1.38745e+07	78	61.62
78669	1.37047e+07	134.254	129.844
80696	1.3817e+07	144.846	140.273
79710	1.32453e+07	91.8385	134.167
79047	1.36505e+07	91.7865	88.6506
80663	1.36505e+07	91.845	88.7123
80319	1.3758e+07	92.898	89.729
80455	1.3758e+07	92.339	89.1847
79798	1.3758e+07	92.4365	89.2771
81600	1.38452e+07	92.3195	89.1231
81600	1.38452e+07	92.8005	89.6263
78574	1.38452e+07	92.612	89.4517
80426	1.38452e+07	90.4735	87.408
79378	1.38452e+07	92.6185	89.462
80287	1.29605e+07	93.093	89.9241
79714	1.36622e+07	91.143	87.9934
78988	1.36622e+07	91.9555	88.7944
78601	1.38829e+07	90.831	87.7263
80900	1.34385e+07	91.7085	88.5685
80833	1.37616e+07	93.041	89.8522
80108	1.3872e+07	93.47	90.2836
81029	1.33194e+07	92.69	89.5236
81186	1.38646e+07	93.4245	90.2528
80148	1.38646e+07	93.0345	89.8522
80651	1.38646e+07	92.7095	89.5236
77882	1.36376e+07	93.47	90.263
79372	1.28901e+07	90.051	86.9561
80049	1.36888e+07	91.572	88.4144
79015	1.38075e+07	90.2135	87.1718
80669	1.33549e+07	91.767	88.6404
79190	1.34803e+07	92.4365	89.2771
78029	1.31016e+07	92.5535	89.4106
78907	1.38828e+07	90.0835	86.9972
79303	1.37066e+07	90.428	87.3361
79178	1.37066e+07	91.585	88.435
78744	1.38582e+07	90.35	87.2642
77186	1.38582e+07	90.5645	87.4696
79310	1.38582e+07	91.5005	88.3733
77995	1.35566e+07	89.7585	86.6993
78890	1.34763e+07	89.9405	86.8637
79213	1.32977e+07	90.4085	87.3361
79213	1.32977e+07	91.5265	88.3836
78424	1.35561e+07	90.558	87.4593
79328	1.31429e+07	90.675	87.5928
78886	1.23634e+07	91.715	88.5993
79968	1.14787e+07	91.234	88.1269
79298	1.28388e+07	91.4355	88.3117
77915	1.19488e+07	91.7345	88.5993
80359	1.13073e+07	90.8635	87.7571
81510	1.36786e+07	92.898	89.7085
78443	1.36786e+07	93.3985	90.2117
81013	1.38825e+07	91.2535	88.0961
81971	1.38825e+07	93.1515	90.0371
78075	1.19887e+07	92.885	89.7187
78576	1.28778e+07	91.4225	88.2912
78091	1.34443e+07	90.896	87.7777
78924	1.26345e+07	90.168	87.0999
78706	1.29079e+07	90.5125	87.4388
79747	1.32672e+07	90.9805	87.8598
80514	1.36997e+07	91.9815	88.8252
80490	1.28161e+07	91.7865	88.6609
78034	1.29363e+07	92.807	89.6468
80961	1.36448e+07	90.311	87.2128
78422	1.38793e+07	92.404	89.2463
20838	1.38793e+07	91.819	88.702
224	1.38091e+07	57.3625	55.3758
224	1.38878e+07	0	0
223	1.34558e+07	0	0
226	1.29528e+07	0	0
223	1.20593e+07	0	0
226	1.3247e+07	0	0
222	1.38534e+07	0	0
222	1.38534e+07	0	0
224	1.35041e+07	0	0
223	1.38155e+07	0	0
222	1.1846e+07	0	0
227	1.38433e+07	0	0
221	1.38433e+07	0	0
222	1.38433e+07	0	0
222	1.38433e+07	0	0
221	1.38433e+07	0	0
219	1.38433e+07	0	0
220	1.32995e+07	0	0
221	1.386e+07	0	0
223	1.386e+07	0	0
221	1.29864e+07	0	0
221	1.38685e+07	0	0
218	1.33856e+07	0	0
223	1.38879e+07	0	0
225	1.37747e+07	0	0
223	1.27565e+07	0	0
220	1.34989e+07	0	0
218	1.37179e+07	0	0
226	1.3879e+07	0	0
221	1.3879e+07	0	0
222	1.3879e+07	0	0
224	1.3879e+07	0	0
223	1.3879e+07	0	0
225	1.3879e+07	0	0
225	1.3879e+07	0	0
227	1.36481e+07	0	0
226	1.3877e+07	0	0
222	1.37526e+07	0	0
222	1.37526e+07	0	0
223	1.38676e+07	0	0
227	1.38676e+07	0	0
227	1.38676e+07	0	0
228	1.38676e+07	0	0
227	1.38676e+07	0	0
222	1.38676e+07	0	0
225	1.34785e+07	0	0
221	1.38812e+07	0	0
222	1.38812e+07	0	0
219	1.28238e+07	0	0
223	1.38912e+07	0	0
222	1.09508e+07	0	0
216	1.27239e+07	0	0
216	1.38598e+07	0	0
215	1.3174e+07	0	0
220	1.3174e+07	0	0
220	1.30718e+07	0	0
221	1.37952e+07	0	0
224	1.38919e+07	0	0
224	1.38919e+07	0	0
221	1.38919e+07	0	0
223	1.15507e+07	0	0
225	1.33673e+07	0	0
223	1.33673e+07	0	0
221	1.38418e+07	0	0
222	1.33164e+07	0	0
222	1.38968e+07	0	0
223	1.38968e+07	0	0
6962	1.38968e+07	0	0
6962	1.38968e+07	0	0
31093	1.37533e+07	0.78	1.5405
29084	1.3878e+07	1.95	3.081
29518	1.3878e+07	3.9	6.162
29530	1.3878e+07	7.8	15.405
30293	1.37639e+07	19.5	30.81
29550	1.37639e+07	39	51.1261
30372	1.38758e+07	53.8785	50.2665
29574	1.38758e+07	50.9178	33.2234
36916	1.36101e+07	33.9463	32.8614
39159	1.38803e+07	43.5175	42.1712
38744	1.34406e+07	45.123	43.7066
61897	1.38692e+07	44.499	43.0981
75824	1.38692e+07	71.2562	69.0093
76548	1.38692e+07	87.4153	133.782
72891	1.38692e+07	142.961	128.683
76821	1.38692e+07	84.8965	81.9957
71537	1.38692e+07	87.1715	84.1832
71208	1.38692e+07	83.9215	80.9892
70393	1.38692e+07	81.185	78.4012
71242	1.34218e+07	81.991	79.1817
72211	1.38535e+07	82.5175	79.6952
69774	1.38535e+07	81.6725	78.8736
70903	1.29057e+07	82.186	79.3666
72574	1.37121e+07	80.912	78.1444
71338	1.38827e+07	82.7385	79.9109
72256	1.36545e+07	82.9075	80.0238
71087	1.33468e+07	83.304	80.4552
70072	1.33468e+07	81.666	78.8736
71435	1.38263e+07	82.277	79.4693
72073	1.38263e+07	82.043	79.233
72073	1.38263e+07	82.4395	79.6028
71531	1.3676e+07	82.2705	79.4898
69228	1.38625e+07	81.0875	78.319
68996	1.33304e+07	80.4635	77.7028
71898	1.37552e+07	79.8135	77.0969
69801	1.36548e+07	81.5945	78.7812
71823	1.36548e+07	81.5945	78.7812
70824	1.38829e+07	81.9065	79.0995
70334	1.38829e+07	82.4135	79.5925
71387	1.38829e+07	80.873	78.1033
71392	1.36531e+07	82.251	79.4384
69203	1.38801e+07	81.5035	78.7093
68484	1.38801e+07	81.1135	78.3293
70673	1.37264e+07	79.313	76.5834
71145	1.37264e+07	80.8665	78.0931
70182	1.38376e+07	81.5035	78.7298
70798	1.38376e+07	81.276	78.4731
69022	1.38376e+07	82.758	79.9211
70223	1.38376e+07	79.0075	76.2856
71736	1.38376e+07	80.8275	78.052
68613	1.36046e+07	81.7765	78.9763
72430	1.3861e+07	80.3465	77.6207
72521	1.36791e+07	82.485	79.6644
70939	1.36791e+07	82.992	80.1368
71308	1.28133e+07	83.07	80.219
71724	1.05984e+07	82.069	79.2639
69607	1.31347e+07	81.9325	79.1201
70967	1.38879e+07	81.406	78.6066
70982	1.38879e+07	81.6465	78.8531
70703	1.38879e+07	81.8805	79.079
71413	1.33245e+07	80.9055	78.1342
71413	1.33245e+07	81.7115	78.9044
71036	1.37568e+07	82.485	79.6644
71461	1.37568e+07	82.719	79.8903
71338	1.38489e+07	81.354	78.5655
71428	1.38489e+07	82.355	79.5309
72104	1.38489e+07	82.9335	80.0855
70013	1.36085e+07	81.6725	78.8736
71727	1.37432e+07	81.2045	78.4012
68974	1.37432e+07	81.4255	78.6374
68998	1.35308e+07	80.015	77.2612
68781	1.38894e+07	78.4745	75.7926
70394	1.38894e+07	80.5415	77.785
69504	1.38121e+07	80.1515	77.405
71173	1.38121e+07	81.1265	78.3396
70486	1.38121e+07	81.705	78.9044
69875	1.38121e+07	81.6205	78.8223
71596	1.38121e+07	80.3855	77.6309
69031	1.38877e+07	81.51	78.7195
71190	1.33352e+07	80.2555	77.518
70253	1.37915e+07	81.3735	78.586
72702	1.38847e+07	81.9975	79.1817
69750	1.36232e+07	83.8955	80.9995
58603	1.3254e+07	82.017	79.2125
58871	1.38477e+07	70.5965	68.2031
60636	1.36933e+07	68.6595	66.2928
60041	1.26968e+07	68.5555	66.1901
57778	1.38275e+07	68.9	66.5291
53017	1.38275e+07	68.289	65.9539
53130	1.38275e+07	63.232	61.0654
53222	1.3255e+07	61.8865	59.7406
52395	1.34573e+07	60.918	58.8163
52395	1.34573e+07	60.606	58.5185
53607	1.3809e+07	62.0425	59.9357
47914	1.3338e+07	58.3115	56.3001
50789	1.35931e+07	56.368	54.4207
49480	1.38375e+07	57.2975	55.3245
49528	1.38375e+07	57.096	55.1294
47571	1.38375e+07	57.46	55.4683
48758	1.36986e+07	55.068	53.1781
45338	1.33248e+07	54.7885	52.9008
46238	1.1886e+07	53.391	51.5349
46839	1.38333e+07	53.2415	51.4013
47711	1.38333e+07	53.8785	52.0278
46606	1.36645e+07	54.184	52.2948
47302	1.38876e+07	53.6055	51.7711
46216	1.38876e+07	54.067	52.2024
46351	1.38876e+07	54.249	52.377
45747	1.37641e+07	53.1375	51.3192
43962	1.37641e+07	52.624	50.8262
45773	1.38826e+07	51.181	49.4398
46877	1.4644e+07	52.364	50.5797
46242	1.38844e+07	54.0605	52.2024
45565	1.30343e+07	53.1765	51.3295
44311	1.38867e+07	52.819	51.0214
44931	1.26937e+07	51.519	49.7376
43664	1.32993e+07	51.025	49.2755
45555	1.39303e+07	50.57	48.8133
44435	1.37813e+07	52.0195	50.2408
44923	1.33022e+07	51.701	49.9225
43728	1.38013e+07	51.701	49.9738
43919	1.39245e+07	50.726	48.9674
43243	1.37442e+07	50.947	49.2036
43243	1.37442e+07	50.401	48.6593
43595	1.37442e+07	50.1475	48.4128
43477	1.32739e+07	49.686	47.9609
44953	1.35759e+07	51.311	49.5425
44508	1.38799e+07	51.311	49.5425
43866	1.31597e+07	51.0965	49.3371
44223	1.37085e+07	50.375	48.649
42436	1.34358e+07	50.5245	48.7928
45329	1.35172e+07	49.5625	47.8685
43853	1.28275e+07	51.6295	49.8506
43297	1.37925e+07	50.336	48.5976
43777	1.36081e+07	49.7705	48.0636
45232	1.36081e+07	50.765	49.029
44465	1.31681e+07	51.5385	49.7581
43971	1.33191e+07	51.7985	50.0354
44649	1.35944e+07	50.7065	48.9571
44148	1.31185e+07	51.207	49.4398
42842	1.36032e+07	50.05	48.3306
45018	1.3095e+07	50.83	49.0803
45284	1.17738e+07	51.298	49.4911
44370	1.38572e+07	52.637	50.8262
44255	1.3154e+07	50.999	49.2549
44471	1.30651e+07	50.323	48.5976
45111	1.38798e+07	52.117	50.3435
44381	1.37916e+07	51.597	49.8095
44730	1.35943e+07	50.9145	49.1522
43927	1.38197e+07	51.168	49.4192
45105	1.38197e+07	51.4345	49.6657
44241	1.3891e+07	51.35	49.5733
46029	1.3891e+07	50.8235	49.0803
44308	1.3891e+07	52.091	50.2819
44308	1.3891e+07	51.5775	49.7992
44453	1.3891e+07	51.3955	49.6246
44069	1.378e+07	51.558	49.789
44296	1.38799e+07	50.5375	48.803
32959	1.38799e+07	49.4195	47.7144
28565	1.35276e+07	34.2095	32.9872
29149	1.38308e+07	33.15	23.7494
28877	1.38308e+07	33.0265	31.8935
29081	1.38308e+07	33.267	32.1246
28553	1.37049e+07	33.397	32.2529
29366	1.37049e+07	32.9095	31.7959
28480	1.38873e+07	33.514	32.3659
28464	1.38873e+07	32.76	31.6419
28719	1.38873e+07	32.76	31.6419
29658	1.38873e+07	33.137	31.9962
28867	1.36418e+07	33.7285	32.5713
29127	1.36418e+07	33.293	32.1502
28695	1.2716e+07	33.6245	32.4635
29160	1.35173e+07	32.8705	31.7446
28563	1.38793e+07	33.6375	32.4789
28752	1.38793e+07	32.292	31.19
28898	1.38793e+07	33.319	32.1913
29305	1.31047e+07	33.072	31.9346
30165	1.22728e+07	33.3645	32.2119
28865	1.39323e+07	34.034	32.8589
29620	1.38288e+07	34.2355	33.0643
28715	1.28778e+07	33.6895	32.5354
28813	1.38715e+07	33.072	31.9448
29202	1.32543e+07	33.501	32.3659
29341	1.37884e+07	33.072	31.9397
29658	1.38786e+07	33.93	32.7664
29658	1.38786e+07	33.8065	32.6483
29604	1.38786e+07	33.501	32.3402
28585	1.37929e+07	33.839	32.6791
29015	1.37929e+07	33.1695	32.0373
28058	1.179e+07	33.1695	32.0373
29019	1.33134e+07	32.7275	31.6059
29489	1.35074e+07	33.254	32.1143
28608	1.20857e+07	33.319	32.1913
29533	1.26502e+07	33.085	31.9551
28837	1.37568e+07	33.865	32.7048
27883	1.38798e+07	32.942	31.8113
29773	1.12668e+07	32.8055	31.6727
28900	1.31937e+07	33.501	32.3608
27994	1.31937e+07	32.864	31.7343
29125	1.31937e+07	33.0265	31.8986
29043	1.38872e+07	33.6245	32.4686
29085	1.37412e+07	33.228	32.0938
29725	1.38482e+07	33.501	32.3505
28323	1.38482e+07	33.7025	32.5302
28956	1.38482e+07	32.916	31.7805
28400	1.34587e+07	33.072	31.9397
23892	1.18958e+07	33.2865	32.1451
23942	1.14787e+07	28.223	27.3028
24088	1.34077e+07	27.664	26.7123
24277	1.38834e+07	27.274	26.3425
23736	1.35581e+07	27.794	26.8509
21970	1.36318e+07	27.8525	26.8509
22528	1.3292e+07	25.5125	24.6634
22434	1.37827e+07	17.9205	24.6634
20759	1.38758e+07	25.1127	24.3604
21342	1.26521e+07	25.207	24.4477
21342	1.26521e+07	24.1378	23.4053
20287	1.38718e+07	23.7022	22.9791
19658	1.38718e+07	22.9905	22.2962
20455	1.38718e+07	22.8475	22.1524
19941	1.38718e+07	22.9807	22.3013
20263	1.38718e+07	22.9807	22.3013
19637	1.3541e+07	22.724	22.0497
19960	1.29579e+07	22.6038	21.9264
19254	1.32721e+07	22.3242	21.6594
18940	1.38466e+07	22.0122	21.3513
19112	1.38466e+07	21.684	21.0381
18713	1.38466e+07	21.6287	20.9816
18827	1.38466e+07	21.1477	20.5195
18261	1.38466e+07	21.4207	14.6604
18784	1.37183e+07	21.2192	20.4938
18597	1.38814e+07	21.3135	20.5939
19039	1.29578e+07	21.3135	20.5939
18860	1.31583e+07	21.6287	20.8917
18515	1.37845e+07	21.5182	20.8019
18723	1.38588e+07	21.034	20.3295
18566	1.38588e+07	21.489	20.7685
17517	1.3347e+07	21.021	20.3243
18455	1.32777e+07	20.3255	19.6465
18169	1.38018e+07	21.1055	20.4116
18167	1.38018e+07	20.7155	20.0214
18098	1.25144e+07	20.5725	19.8802
18009	1.28762e+07	20.8682	20.1754
14957	1.36894e+07	20.332	19.6516
226	1.33556e+07	20.085	19.4129
226	1.37035e+07	6.18475	5.46107
225	1.38879e+07	0	0
225	1.38879e+07	0	0
221	1.38879e+07	0	0
221	1.37989e+07	0	0
222	1.34015e+07	0	0
218	1.36759e+07	0	0
222	1.36759e+07	0	0
223	1.3885e+07	0	0
225	1.27769e+07	0	0
226	1.20935e+07	0	0
227	1.32689e+07	0	0
219	1.20583e+07	0	0
222	1.37311e+07	0	0
221	1.38038e+07	0	0
227	1.38748e+07	0	0
224	1.3564e+07	0	0
225	1.37229e+07	0	0
228	1.30801e+07	0	0
228	1.30801e+07	0	0
232	1.29372e+07	0	0
234	1.33512e+07	0	0
233	1.38597e+07	0	0
232	1.31581e+07	0	0
230	1.37592e+07	0	0
231	1.35796e+07	0	0
232	1.38682e+07	0	0
1030	1.3738e+07	0	0
1114	1.31254e+07	0.5278	0.593529
1099	1.20949e+07	1.09785	1.06631
1076	1.18618e+07	1.09785	1.06631
1094	1.24726e+07	1.09785	1.06631
1116	1.37085e+07	1.04293	1.06631
1116	1.37085e+07	1.04293	1.06631
1072	1.37085e+07	1.04293	1.06631
1091	1.38782e+07	1.04293	1.01211
1099	1.11945e+07	1.04293	1.01211
1106	1.38384e+07	1.04293	1.01211
1081	1.38384e+07	1.04293	1.01211
1081	1.37662e+07	1.04293	1.01211
1095	1.37662e+07	1.04293	1.01211
1130	1.37662e+07	1.04293	1.01211
1069	1.38814e+07	1.04293	1.01211
1133	1.38814e+07	1.04293	1.01211
1091	1.38814e+07	1.04293	1.01211
1100	1.38814e+07	1.04293	1.01211
1100	1.38814e+07	1.04293	1.01211
1084	1.34606e+07	1.04293	1.01211
1093	1.38822e+07	1.04293	1.01211
1082	1.38822e+07	1.04293	1.01211
1235	1.38822e+07	1.04293	1.01211
1905	1.38822e+07	1.17384	1.14464
2422	1.38822e+07	1.87993	1.82405
2611	1.37897e+07	3.89701	3.76888
2590	1.37897e+07	4.5864	4.43946
2805	1.38833e+07	2.77225	2.68689
3144	1.38833e+07	2.90322	2.81347
3754	1.33427e+07	3.26105	3.16034
5479	1.37596e+07	3.8077	3.6859
7658	1.29773e+07	5.3079	5.13782
9321	1.38414e+07	7.5478	7.3089
9514	1.38414e+07	9.68338	14.0704
9517	1.38414e+07	16.7609	16.319
9534	1.35794e+07	16.5035	10.2751
9534	1.35794e+07	10.712	10.3696
20483	1.31545e+07	15.3959	14.8884
20952	1.33352e+07	23.8147	23.049
20981	1.3871e+07	24.0396	23.2677
20984	1.37435e+07	24.3178	23.5337
21263	1.34534e+07	24.1267	23.3581
19777	1.36306e+07	23.7991	23.0325
20286	1.38825e+07	22.8072	22.0723
19874	1.38825e+07	22.8072	22.0723
19977	1.38099e+07	22.9385	22.1996
20312	1.34422e+07	23.023	22.2828
19336	1.21117e+07	23.1608	22.4071
19073	1.34107e+07	21.8829	21.1808
18899	1.36472e+07	22.0402	21.3298
19851	8.66132e+06	21.6931	20.9929
19357	1.28857e+07	22.5121	21.794
18329	1.28857e+07	22.1286	21.4171
17831	1.36608e+07	20.8806	20.2103
19010	1.38552e+07	20.293	19.6403
18150	1.38552e+07	21.528	20.8389
18415	1.3288e+07	20.7545	20.0943
18404	1.38094e+07	21.0249	20.349
18625	1.38853e+07	21.0249	20.349
8393	1.25666e+07	21.1328	20.4558
227	9.24622e+06	16.1915	15.671
233	1.28885e+07	0	0
231	1.38521e+07	0	0
232	1.38521e+07	0	0
233	1.38521e+07	0	0
232	1.38521e+07	0	0
229	1.38521e+07	0	0
229	1.38521e+07	0	0
227	1.28851e+07	0	0
230	1.36379e+07	0	0
228	1.36379e+07	0	0
228	1.35015e+07	0	0
228	1.31881e+07	0	0
232	1.24976e+07	0	0
234	1.34024e+07	0	0
234	1.36786e+07	0	0
232	1.35736e+07	0	0
239	1.38053e+07	0	0
235	1.38913e+07	0	0
237	1.34822e+07	0	0
231	1.34822e+07	0	0
232	1.25329e+07	0	0
233	1.36164e+07	0	0
235	1.31879e+07	0	0
233	1.39961e+07	0	0
233	1.14225e+07	0	0
234	1.24224e+07	0	0
234	1.29202e+07	0	0
232	1.36548e+07	0	0
229	1.36548e+07	0	0
231	1.38877e+07	0	0
231	1.37009e+07	0	0
232	1.35907e+07	0	0
232	1.38638e+07	0	0
233	1.32563e+07	0	0
228	1.38139e+07	0	0
227	1.36629e+07	0	0
227	1.38861e+07	0	0
227	1.38861e+07	0	0
231	1.38861e+07	0	0
230	1.38861e+07	0	0
231	1.37398e+07	0	0
233	1.29048e+07	0	0
234	1.38879e+07	0	0
237	1.28058e+07	0	0
231	1.38669e+07	0	0
237	1.38669e+07	0	0
237	1.23284e+07	0	0
234	1.34455e+07	0	0
235	1.34455e+07	0	0
235	1.07766e+07	0	0
232	1.33242e+07	0	0
231	1.30967e+07	0	0
229	1.3578e+07	0	0
227	1.36803e+07	0	0
224	1.34773e+07	0	0
226	1.38585e+07	0	0
223	1.33683e+07	0	0
221	1.36922e+07	0	0
222	1.29693e+07	0	0
218	1.38448e+07	0	0
224	1.38448e+07	0	0
224	1.38448e+07	0	0
226	1.38448e+07	0	0
226	9.31365e+06	0	0
225	1.31529e+07	0	0
223	1.36302e+07	0	0
226	1.38309e+07	0	0
224	1.32455e+07	0	0
224	1.32455e+07	0	0
223	1.26113e+07	0	0
225	1.3336e+07	0	0
224	1.21208e+07	0	0
220	1.32817e+07	0	0
221	1.34233e+07	0	0
221	1.37985e+07	0	0
220	1.31228e+07	0	0
226	1.31228e+07	0	0
225	1.38868e+07	0	0
226	1.35121e+07	0	0
225	1.38804e+07	0	0
228	1.38804e+07	0	0
222	1.37931e+07	0	0
226	1.36333e+07	0	0
229	1.36333e+07	0	0
228	1.33291e+07	0	0
229	1.36488e+07	0	0
233	1.38758e+07	0	0
231	1.25781e+07	0	0
229	1.38613e+07	0	0
225	1.38613e+07	0	0
224	1.34332e+07	0	0
226	1.32441e+07	0	0
225	1.34856e+07	0	0
225	1.38837e+07	0	0
222	1.38837e+07	0	0
228	1.29763e+07	0	0
224	1.28508e+07	0	0
227	1.36272e+07	0	0
227	1.36272e+07	0	0
226	1.37199e+07	0	0
223	1.37199e+07	0	0
224	1.27463e+07	0	0
225	1.38822e+07	0	0
227	1.38822e+07	0	0
224	1.35811e+07	0	0
227	1.1955e+07	0	0
226	1.38839e+07	0	0
226	1.38839e+07	0	0
226	1.38839e+07	0	0
225	1.36056e+07	0	0
227	1.38908e+07	0	0
228	1.37283e+07	0	0
228	1.37283e+07	0	0
228	1.33267e+07	0	0
225	1.29903e+07	0	0
228	1.31522e+07	0	0
231	1.36962e+07	0	0
229	1.36962e+07	0	0
226	1.38739e+07	0	0
227	1.35316e+07	0	0
9532	1.36488e+07	0	0
17916	1.38793e+07	0.589849	0.962761
18352	1.38793e+07	1.95	3.081
18223	1.38793e+07	3.9	6.162
18071	1.38793e+07	7.8	15.405
18146	1.38793e+07	19.5	28.0972
18229	1.38793e+07	31.1272	30.3437
17953	1.37587e+07	31.8825	29.8343
18188	1.38878e+07	30.7417	19.8673
18188	1.38878e+07	20.5432	19.8673
18023	1.36447e+07	20.2638	19.6285
17014	1.38824e+07	20.1825	19.5618
17963	1.36655e+07	20.0785	19.436
17228	1.38742e+07	20.0103	19.3821
17537	1.38742e+07	20.0103	19.3821
17957	1.37381e+07	20.176	19.5438
18001	1.38678e+07	20.3482	19.7107
17488	1.38678e+07	20.5075	19.8699
17819	1.38678e+07	20.2768	19.6362
17707	1.38678e+07	19.7892	19.1664
17683	1.37832e+07	20.423	19.7826
17791	1.38776e+07	20.0168	19.3872
17883	1.36869e+07	20.215	19.5772
17830	1.38805e+07	20.2832	19.6516
17615	1.36296e+07	20.2215	19.5849
17907	1.38812e+07	20.163	19.5284
17619	1.37864e+07	20.475	19.8391
17799	1.38788e+07	19.9777	19.3512
17848	1.38788e+07	20.3775	19.7364
18319	1.37881e+07	20.6765	20.0291
17562	1.38666e+07	20.6765	20.0291
17563	1.38666e+07	20.2475	19.6157
1799	1.38666e+07	20.0265	19.4052
225	1.38666e+07	7.53675	7.31994
223	1.38666e+07	0	0
228	1.23095e+07	0	0
225	1.39334e+07	0	0
228	1.36034e+07	0	0
227	1.38832e+07	0	0
232	1.37362e+07	0	0
232	1.37362e+07	0	0
233	1.33054e+07	0	0
231	1.38242e+07	0	0
233	1.22483e+07	0	0
231	1.33591e+07	0	0
236	1.36078e+07	0	0
236	1.17552e+07	0	0
233	1.34141e+07	0	0
232	1.37353e+07	0	0
230	1.3478e+07	0	0
230	1.37922e+07	0	0
229	1.37922e+07	0	0
229	1.38675e+07	0	0
232	1.38675e+07	0	0
232	1.38675e+07	0	0
229	1.38675e+07	0	0
233	1.38675e+07	0	0
227	1.27626e+07	0	0
228	1.33073e+07	0	0
227	1.34339e+07	0	0
1460	1.36797e+07	0	0
18788	1.38695e+07	0	0.672403
18755	1.30417e+07	1.95	3.081
18965	1.37749e+07	3.9	6.162
18630	1.32646e+07	7.8	15.405
17609	1.11142e+07	19.5	28.168
18056	1.21587e+07	31.8084	31.001
17993	1.38861e+07	31.1805	29.308
17040	1.34932e+07	20.4269	19.7929
13022	1.38891e+07	20.1942	19.5695
13185	1.37039e+07	16.5191	16.0135
13185	1.37039e+07	14.7875	14.3292
12759	1.23248e+07	14.6965	14.2419
12931	1.3599e+07	14.6965	14.2419
12689	1.3599e+07	14.8538	14.3883
9891	1.37973e+07	12.7712	12.3959
10097	1.37973e+07	11.2138	10.8657
9719	1.23037e+07	11.2697	10.9196
9571	1.38757e+07	10.9798	10.6397
9152	1.27534e+07	10.8186	10.4831
7731	1.27534e+07	9.8644	9.5588
7770	1.32066e+07	8.6281	6.15892
7839	1.3345e+07	8.8062	8.52718
7905	1.35659e+07	8.8062	8.52718
7388	1.36792e+07	8.8699	8.5888
6569	1.324e+07	8.2615	8.00033
6529	1.38124e+07	7.3554	7.12533
6517	1.37309e+07	7.2904	7.06165
6541	1.38527e+07	7.3567	7.12327
6214	1.38527e+07	7.254	7.02571
5907	1.38527e+07	7.1539	6.92506
5833	1.38527e+07	6.5936	6.38691
5727	1.38527e+07	6.539	6.33145
5707	1.36929e+07	6.3258	6.12708
5707	1.34813e+07	6.3258	6.12708
5274	1.38612e+07	6.5234	6.31913
5359	1.34672e+07	5.9319	5.74606
5341	1.38197e+07	5.8643	5.67828
5351	1.38197e+07	5.9709	5.78304
5312	1.38197e+07	5.9709	5.78304
5094	1.34771e+07	5.9709	5.78304
4959	1.27159e+07	5.6017	5.42872
4959	1.27159e+07	5.6017	5.42872
4945	1.38837e+07	5.5068	5.33526
5010	1.34939e+07	5.5068	5.33526
5007	1.26134e+07	5.5068	5.33526
4866	1.36548e+07	5.5068	5.33526
4876	1.31484e+07	5.4535	5.28392
4968	1.38294e+07	5.3651	5.19559
4791	1.38294e+07	5.3651	5.19559
4959	1.38294e+07	5.4301	5.26337
4838	1.38294e+07	5.4301	5.26337
4832	1.38294e+07	5.3651	5.19662
4798	1.33782e+07	5.3651	5.19662
4967	1.30426e+07	5.4704	5.30035
4940	1.21957e+07	5.3963	5.2264
4752	1.30155e+07	5.3963	5.2264
4850	1.35631e+07	5.3001	5.13295
4678	1.33847e+07	5.3001	5.13295
4889	1.36239e+07	5.1922	5.02819
4678	1.38198e+07	3.8662	5.19559
4797	1.38198e+07	5.24225	5.07954
4616	1.33262e+07	5.24225	5.07954
4576	1.38471e+07	5.1259	4.96863
4735	1.38471e+07	5.0492	4.89365
4769	1.19553e+07	5.1909	5.03127
4752	1.23609e+07	5.29425	5.13192
4743	1.35829e+07	5.2286	5.06824
4728	1.38769e+07	5.2286	5.06824
4823	1.36996e+07	5.2286	5.06824
4706	1.25113e+07	5.46325	5.29521
4534	1.26425e+07	5.26045	5.09905
4654	1.36847e+07	5.0596	4.90392
4654	1.36847e+07	5.11615	4.95938
4536	1.2626e+07	5.11615	4.95938
4717	1.38896e+07	5.11615	4.95938
4782	1.35538e+07	5.25265	5.09084
4696	1.38531e+07	5.25265	5.09084
4529	1.36896e+07	5.1285	4.97068
4619	1.33797e+07	5.1285	4.97068
4595	1.35624e+07	5.1285	4.97068
4536	1.38263e+07	5.0128	4.85976
4660	1.29591e+07	5.0128	4.85976
4667	1.31229e+07	5.0635	4.85976
4725	1.15658e+07	5.1714	5.01073
4562	1.18482e+07	5.2273	5.06927
4622	1.37978e+07	5.0778	4.92036
4595	1.38857e+07	5.1324	4.97273
4732	1.38857e+07	5.1324	4.97273
4633	1.2692e+07	5.2247	5.06311
4720	1.32793e+07	5.13955	4.98095
4673	1.37878e+07	5.2299	5.0703
4714	1.34166e+07	5.1584	5.00046
4696	1.1916e+07	5.27345	5.11035
4596	1.19793e+07	5.16945	5.00971
4656	1.18925e+07	5.16945	5.00971
4506	1.27696e+07	5.16945	5.00971
4530	1.31637e+07	4.9426	4.79198
4743	1.37601e+07	5.0674	4.91111
4659	1.27619e+07	5.14475	4.98608
4630	1.38841e+07	5.2091	5.04873
2017	1.37727e+07	5.14345	4.98506
250	1.37727e+07	4.2302	4.08746
258	1.38555e+07	0	0
258	1.38555e+07	0	0
255	1.38555e+07	0	0
255	1.33931e+07	0	0
