scalerS16b	IPM2C21A	IPM2C24A	
95	1.37988e+07	0	0
98	1.36933e+07	0	0
100	1.38071e+07	0	0
99	1.38071e+07	0	0
100	1.38071e+07	0	0
108	1.38071e+07	0	0
129	1.38071e+07	0	0
161	1.38071e+07	0	0
179	1.34772e+07	0	0
176	1.34772e+07	0	0
3506	1.37978e+07	0	0
5109	1.37978e+07	0	0
5140	1.37978e+07	0	0.6162
5174	1.37978e+07	0.78	1.5405
5188	1.37978e+07	1.95	3.081
5177	1.37978e+07	3.9	6.162
5192	1.37978e+07	7.46447	9.10025
5113	1.37978e+07	9.42045	8.63091
5068	1.37978e+07	8.8842	5.56275
5049	1.37978e+07	5.7226	5.56275
5094	1.34488e+07	5.7226	5.47494
5087	1.38027e+07	5.5965	5.3974
5126	1.38027e+07	5.72585	5.52115
5126	1.38027e+07	5.65825	5.45799
5150	1.21889e+07	5.733	5.52988
5055	1.36924e+07	5.733	5.52988
5107	1.38076e+07	5.6537	5.45286
5150	1.37345e+07	5.7148	5.51037
5169	1.34418e+07	5.76745	5.56172
5169	1.38067e+07	5.76745	5.56172
5165	1.36995e+07	5.76745	5.56172
5089	1.38081e+07	5.76745	5.56172
5052	1.38081e+07	5.67385	5.47186
5009	1.38081e+07	5.67385	5.47186
5094	1.36738e+07	5.6004	5.40151
5110	1.36738e+07	5.694	5.49086
5150	1.38056e+07	5.694	5.49086
5150	1.36668e+07	5.694	5.49086
5150	1.38099e+07	5.7603	5.55504
5177	1.38099e+07	5.7603	5.55504
5129	1.33813e+07	5.7603	5.55504
5157	1.38086e+07	5.7603	5.55504
5113	1.38086e+07	5.7603	5.55504
5105	1.38086e+07	5.7603	5.55504
5073	1.38086e+07	5.7603	5.55504
5100	1.36844e+07	5.6368	5.43745
5170	1.3808e+07	5.6368	5.43745
5121	1.3808e+07	5.78045	5.57404
5177	1.3808e+07	5.71675	5.51345
5115	1.35562e+07	5.79735	5.59047
5076	1.35562e+07	5.73235	5.52783
5157	1.37308e+07	5.67905	5.52783
5094	1.38062e+07	5.67905	5.52783
5157	1.38062e+07	5.7343	5.52783
5157	1.38062e+07	5.7343	5.52783
5196	1.38062e+07	5.79345	5.58688
5148	1.38062e+07	5.79345	5.58688
5188	1.38062e+07	5.79345	5.58688
5096	1.37332e+07	5.79345	5.58688
5088	1.38088e+07	5.67775	5.47596
5147	1.38088e+07	5.67775	5.47596
5122	1.36135e+07	5.73495	5.53091
5091	1.3808e+07	5.73495	5.53091
5130	1.3808e+07	5.68425	5.53091
5189	1.3808e+07	5.68425	5.53091
5174	1.3708e+07	5.80645	5.60023
6937	1.38044e+07	5.80645	5.60023
9864	1.38044e+07	6.9095	6.67807
9921	1.36253e+07	11.1599	10.7419
9768	1.37485e+07	11.232	10.8138
9860	1.37485e+07	11.1495	10.7357
9883	1.37485e+07	11.1495	10.7357
9850	1.37485e+07	11.1495	10.7357
10017	1.37485e+07	11.2359	10.8184
9937	1.37485e+07	11.2359	10.8184
9963	1.37485e+07	11.3347	10.9144
9764	1.37485e+07	11.3347	10.9144
9307	1.37485e+07	11.3347	10.9144
9399	1.37485e+07	10.7133	10.3131
9428	1.37485e+07	10.6229	10.2279
9342	1.37485e+07	10.6229	10.2279
9068	1.37485e+07	10.7607	10.3614
9038	1.37485e+07	10.4214	10.0379
9090	1.37485e+07	10.2421	9.86485
9192	1.37485e+07	10.3123	9.93058
9192	1.37485e+07	10.2485	9.86896
9175	1.37485e+07	10.4501	10.0625
9070	1.33373e+07	10.3766	9.99117
9054	1.38136e+07	10.2615	9.88333
8971	1.38136e+07	10.2615	9.88333
8960	1.38136e+07	10.1491	9.77396
8861	1.37214e+07	10.1491	9.77396
8930	1.35887e+07	10.0282	9.65945
9008	1.38092e+07	10.1335	9.76061
8847	1.38092e+07	10.1907	9.81401
8756	1.38092e+07	10.0295	9.65945
8953	1.38092e+07	9.9216	9.55521
9023	1.21288e+07	10.1055	9.73185
9048	1.38057e+07	10.1992	9.82223
8955	1.18537e+07	10.1992	9.82223
8863	1.38063e+07	10.1992	9.82223
9119	1.30037e+07	10.025	9.65585
8741	1.38145e+07	10.244	9.8669
8856	1.38145e+07	10.0431	9.67485
8912	1.3201e+07	9.8904	9.52542
8961	1.38035e+07	10.075	9.70207
8865	1.33775e+07	10.1393	9.76574
8698	1.38065e+07	10.1393	9.76574
8656	1.38065e+07	9.98075	9.61221
8837	1.38065e+07	9.7162	9.36008
8787	1.38065e+07	9.91705	9.55264
8681	1.38065e+07	10.0406	9.66818
8704	1.33823e+07	9.8267	9.46637
8805	1.38079e+07	9.8267	9.46637
8789	1.33439e+07	9.90925	9.54288
8724	1.3807e+07	9.96125	9.59423
8724	1.3807e+07	9.96125	9.59423
8712	1.3807e+07	9.8527	9.48845
8702	1.3807e+07	9.8527	9.48845
8766	1.3807e+07	9.8527	9.48845
8698	1.36602e+07	9.8527	9.48845
8754	1.37912e+07	9.8527	9.48845
8790	1.37912e+07	9.92355	9.55778
8568	1.18541e+07	9.92355	9.55778
8812	1.38067e+07	9.7357	9.376
8760	1.38067e+07	9.95865	9.59013
8641	1.38067e+07	9.95865	9.59013
8702	1.38067e+07	9.78835	9.42632
8691	1.38067e+07	9.84425	9.48024
8778	1.38067e+07	9.84425	9.48024
8794	1.31682e+07	9.9008	9.5357
8675	1.3808e+07	9.9008	9.5357
8768	1.37088e+07	9.84685	9.48383
8718	1.38138e+07	9.84685	9.48383
8740	1.38138e+07	9.84685	9.48383
8596	1.38138e+07	9.84685	9.48383
8797	1.38138e+07	9.84685	9.48383
8770	1.38138e+07	9.84685	9.48383
8712	1.38138e+07	9.93785	9.57113
8623	1.38138e+07	9.93785	9.57113
8783	1.38138e+07	9.79745	9.43556
8765	1.38138e+07	9.89365	9.52902
8710	1.38138e+07	9.89365	9.52902
11115	1.35713e+07	9.89365	9.52902
12116	1.37978e+07	10.3012	9.91414
11948	1.33577e+07	13.5505	13.0434
11817	1.38073e+07	13.6701	20.539
11817	1.38073e+07	13.5772	13.0717
11936	1.38073e+07	13.5772	13.0717
15848	1.38073e+07	13.7689	13.2514
16881	1.38073e+07	18.9377	18.2323
16743	1.38073e+07	29.8298	18.4757
16957	1.38073e+07	19.1711	18.4757
17045	1.38073e+07	19.3986	18.6596
17266	1.38073e+07	19.4883	18.7469
16950	1.38073e+07	19.7444	18.9913
17285	1.38073e+07	19.4142	18.675
17288	1.38073e+07	19.6612	18.9112
17431	1.38073e+07	19.8081	19.0529
17360	1.38073e+07	19.9394	19.1803
17369	1.38073e+07	19.8159	19.0591
17151	1.38073e+07	19.8731	19.1166
17265	1.38073e+07	19.6339	18.8876
17473	1.38073e+07	19.7535	19.0026
17619	1.32948e+07	19.981	19.2131
17179	1.35802e+07	20.0382	19.2737
16992	1.38029e+07	19.8159	19.0621
17048	1.38029e+07	19.4506	18.7078
17210	1.364e+07	19.4506	18.7078
17628	1.3806e+07	19.5845	18.8383
17560	1.35506e+07	19.9498	19.1885
17582	1.38079e+07	20.215	19.4452
17619	1.36397e+07	19.9914	19.2275
17645	1.38023e+07	20.1929	19.4226
17511	1.38023e+07	20.1929	19.4226
17339	1.38023e+07	20.1292	19.3631
17604	1.32628e+07	19.8614	19.1012
17570	1.38036e+07	19.9511	19.1854
17570	1.38036e+07	20.1838	19.4154
17582	1.37095e+07	20.1006	19.3333
17537	1.38072e+07	20.033	19.2665
17359	1.37173e+07	20.033	19.2665
17554	1.30302e+07	19.8497	19.094
17323	1.34588e+07	20.046	19.2819
17338	1.38056e+07	19.7925	19.0385
17231	1.38056e+07	19.7925	19.0385
17532	1.38056e+07	19.7301	18.979
17666	1.38056e+07	19.9498	19.1874
17955	1.38056e+07	20.1903	19.4165
17879	1.38056e+07	20.5842	19.7985
17843	1.38056e+07	20.4347	19.6558
17602	1.34223e+07	20.3658	19.5911
17341	1.37596e+07	20.1526	19.3857
17601	1.05238e+07	19.9446	19.1844
17516	1.34852e+07	19.9446	19.1844
17513	1.28241e+07	20.1266	19.3589
17254	1.37758e+07	19.9719	19.21
17433	1.37758e+07	19.8458	19.0878
17780	1.37758e+07	19.8458	19.0878
17677	1.37036e+07	20.1981	19.4257
17479	1.37036e+07	20.3333	19.5582
17753	1.3803e+07	20.1175	19.3528
17404	1.08087e+07	20.1175	19.3528
17819	1.33836e+07	20.1175	19.3528
17508	1.26293e+07	20.1175	19.3528
17526	1.34485e+07	20.2345	19.4668
17606	1.3006e+07	20.0265	19.2604
17544	1.38118e+07	20.0265	19.2604
23483	1.38118e+07	20.0265	19.2604
23483	1.38118e+07	22.0506	21.1778
23338	1.38118e+07	26.9152	25.8845
23025	1.38118e+07	26.4992	38.4303
23616	1.38118e+07	26.6188	25.6185
23698	1.37163e+07	27.0751	26.055
28043	1.38145e+07	27.7992	26.7431
27408	1.2683e+07	32.0112	30.8126
26949	1.35396e+07	46.8162	30.1758
27838	1.37672e+07	31.0732	29.896
27653	1.37672e+07	31.876	30.6611
27238	1.37672e+07	31.8077	30.6046
27317	1.37672e+07	31.1707	29.9858
27195	1.37672e+07	31.3267	30.1347
27857	1.37672e+07	31.252	30.0706
27591	1.37672e+07	31.7752	30.5687
26972	1.30299e+07	31.7752	30.5687
26764	1.38054e+07	31.0667	29.8908
26607	1.38054e+07	30.8035	29.6418
26587	1.38054e+07	30.5338	29.3748
25921	1.38054e+07	30.5338	29.3748
26178	1.37305e+07	30.056	28.9178
26439	1.37305e+07	29.5977	28.4761
26092	1.37305e+07	30.2445	29.0949
27046	1.37305e+07	30.1632	29.0179
26414	1.38088e+07	30.5532	29.3876
26371	1.38088e+07	30.693	29.5288
26667	1.3717e+07	30.1243	28.9768
26459	1.3717e+07	30.381	29.231
26120	1.38136e+07	30.6475	29.4877
26401	1.38136e+07	29.9487	28.8228
26603	1.31963e+07	30.1957	29.0564
26603	1.31963e+07	30.3193	29.1694
26271	1.37886e+07	30.4525	29.2952
26178	1.37886e+07	30.147	29.0025
26454	1.37886e+07	30.147	29.0025
25954	1.37886e+07	30.2315	29.0872
25959	1.37886e+07	29.783	28.6559
26394	1.37886e+07	29.783	28.6559
26188	1.37886e+07	30.303	29.154
26540	1.34064e+07	30.0495	28.9075
26304	1.33036e+07	30.3355	29.1848
26706	1.38027e+07	30.1892	29.0436
26460	1.34656e+07	30.576	29.4133
26669	1.3543e+07	30.4362	29.2823
27222	1.38102e+07	30.4362	29.2823
26350	1.38102e+07	31.122	29.9422
26203	1.37184e+07	30.55	29.4004
26234	1.38078e+07	30.1827	29.0384
26056	1.38078e+07	29.7277	28.5968
25912	1.38078e+07	30.1437	29.005
26455	1.36679e+07	29.9325	28.7971
26281	1.38088e+07	30.1795	29.0333
26622	1.38088e+07	30.0625	28.9229
26590	1.38088e+07	30.3745	29.2156
25654	1.38088e+07	30.5467	29.3902
26421	1.38088e+07	30.017	28.8895
26563	1.38088e+07	29.6855	28.5609
26839	1.38088e+07	30.511	29.3542
26260	1.38088e+07	30.511	29.3542
26082	1.38088e+07	30.511	29.3542
26330	1.38088e+07	30.03	28.8921
26122	1.38088e+07	30.1243	28.9794
26122	1.38088e+07	29.9877	28.8536
26021	1.36576e+07	29.9877	28.8536
25883	1.28817e+07	29.77	28.6456
28862	1.35405e+07	29.77	28.6456
33178	1.38103e+07	34.554	33.1721
33471	1.35685e+07	38.2557	36.8051
32942	1.22266e+07	38.2557	36.8051
32814	1.37084e+07	37.8365	36.3994
33522	1.37084e+07	37.6642	36.2377
34404	1.35416e+07	38.5807	37.1132
34138	1.38114e+07	39.4225	37.9271
34355	1.38114e+07	39.1625	37.6729
33709	1.37139e+07	39.39	37.8963
33867	1.37858e+07	38.6717	37.2082
34728	1.37858e+07	38.9707	37.4855
35110	1.37858e+07	39.7475	38.2249
34410	1.20771e+07	40.287	38.7538
35222	1.38114e+07	39.611	38.1094
35141	1.39357e+07	40.2772	38.7564
16773	1.38071e+07	40.4463	38.9105
100	1.28027e+07	33.202	31.914
98	1.38089e+07	0.6565	0.64701
100	1.33459e+07	0	0
100	1.3808e+07	0	0
105	1.3808e+07	0	0
102	1.3808e+07	0	0
98	1.3808e+07	0	0
102	1.3611e+07	0	0
97	1.37595e+07	0	0
98	1.3184e+07	0	0
96	1.38041e+07	0	0
96	1.38041e+07	0	0
99	1.35845e+07	0	0
99	1.37549e+07	0	0
101	1.37549e+07	0	0
98	1.37549e+07	0	0
102	1.36443e+07	0	0
100	1.36443e+07	0	0
99	1.38059e+07	0	0
3211	1.38059e+07	0	0
8665	1.38059e+07	0.646425	0.567068
8568	1.38059e+07	1.95	1.5405
8450	1.38059e+07	3.9	3.081
8428	1.36904e+07	7.8	6.162
8513	1.38143e+07	15.5555	13.5192
8396	1.38143e+07	14.7329	14.2476
8328	1.38143e+07	9.54785	14.2476
8395	1.38143e+07	9.42695	9.07971
8277	1.38143e+07	9.42695	9.07971
14652	1.38143e+07	9.42695	9.07971
19317	1.38143e+07	12.5677	12.1104
19093	1.34418e+07	21.9993	21.1665
27912	1.37865e+07	33.9794	21.073
34059	1.33273e+07	35.9352	24.076
33681	1.38146e+07	38.5288	37.0305
33502	1.38146e+07	38.961	56.1127
34337	1.38146e+07	38.4377	36.9823
35830	1.34577e+07	38.9967	37.5189
36128	1.36612e+07	39.6565	38.1453
36621	1.35006e+07	41.8892	40.302
36906	1.35006e+07	41.535	39.958
36937	1.35006e+07	42.406	40.7924
36937	1.35006e+07	42.406	40.7924
36403	1.3806e+07	42.328	40.7205
35957	1.3806e+07	41.5837	40.0016
36767	1.35015e+07	41.639	40.0556
36628	1.37854e+07	41.8925	40.2995
37185	1.37854e+07	42.3215	40.7103
36132	1.20846e+07	42.6985	41.0723
35707	1.37801e+07	41.366	39.7988
35616	1.37801e+07	41.0117	39.4573
35786	1.37801e+07	40.8947	39.3392
35668	1.37801e+07	41.0182	39.4573
35935	1.31365e+07	41.0182	39.4573
35268	1.37829e+07	41.3042	39.7321
35383	1.37829e+07	40.7485	39.1955
35981	1.33289e+07	40.508	38.9669
35532	1.38087e+07	41.1872	39.6191
35503	1.38087e+07	40.9045	39.3495
35878	1.38087e+07	40.664	39.1133
35428	1.36536e+07	41.4733	39.8989
34942	1.37895e+07	40.5827	39.0388
34999	1.37895e+07	40.3162	38.7847
35007	1.37895e+07	40.2122	38.6845
35444	1.37895e+07	40.4202	38.8848
35968	1.37895e+07	40.0335	38.5074
35773	1.28037e+07	41.5415	39.9606
36359	1.37228e+07	40.9857	39.4291
35477	1.37228e+07	41.457	39.8784
34658	1.37228e+07	41.561	39.976
35098	1.3537e+07	40.0335	38.5151
34922	1.37332e+07	39.9685	38.4509
34492	1.37332e+07	40.3423	38.8078
34492	1.37332e+07	39.975	38.4534
35210	1.38082e+07	39.702	38.1916
35223	1.38082e+07	40.495	38.9515
35162	1.38082e+07	40.495	38.9515
35160	1.38082e+07	40.261	38.7282
34645	1.38082e+07	40.261	38.7795
35534	1.36146e+07	39.9165	38.3918
35845	1.38102e+07	40.781	39.2288
35476	1.38102e+07	41.1222	39.5549
35017	1.38102e+07	40.7745	39.2186
35095	1.38102e+07	40.2642	38.7333
35431	1.38102e+07	40.2642	38.7333
35897	1.3678e+07	40.7355	39.1852
35574	1.37571e+07	41.1092	39.5472
35372	1.37571e+07	41.0312	39.465
35312	1.37571e+07	40.6478	39.0979
35640	1.36866e+07	40.495	38.9515
35834	1.38077e+07	40.8817	39.3264
35970	1.38077e+07	41.1287	39.5626
35547	1.35913e+07	41.3563	39.7783
35714	1.35913e+07	40.885	39.3264
35154	1.35913e+07	41.1353	39.5652
35808	1.38055e+07	40.5047	38.9644
36133	1.34995e+07	40.9338	39.3777
35900	1.36244e+07	41.1613	39.5908
35409	1.35182e+07	41.4895	39.9118
35348	1.37107e+07	41.0443	39.4856
35284	1.30044e+07	40.5177	38.9746
35402	1.38034e+07	40.5177	38.9746
35508	1.38034e+07	40.9045	39.3521
35046	1.3062e+07	40.2285	38.6974
35046	1.3062e+07	40.7972	39.2519
41001	1.38116e+07	42.0843	40.4818
41324	1.38116e+07	47.2875	45.4833
40792	1.38116e+07	47.424	45.6193
40457	1.38116e+07	46.7772	44.9929
41170	1.38116e+07	46.6538	44.8773
42615	1.38116e+07	47.4468	45.6399
42040	1.38116e+07	48.9743	47.1136
42684	1.38116e+07	48.3763	46.5359
42233	1.28215e+07	49.0912	47.2266
41961	1.38059e+07	48.568	46.7208
43497	1.38059e+07	48.1942	46.3613
43566	1.38059e+07	50.063	48.1509
43280	1.38059e+07	49.9135	48.0122
42578	1.32127e+07	49.9135	48.0122
43270	1.37843e+07	49.0912	47.2266
43429	1.36583e+07	49.309	47.4397
44077	1.36583e+07	50.1247	48.2176
43847	1.32021e+07	50.4953	48.5771
44502	1.36585e+07	50.3035	48.3922
43659	1.24152e+07	50.9567	49.0238
43626	1.24152e+07	50.6155	48.6926
43474	1.2888e+07	50.2547	48.3435
43123	1.19361e+07	50.063	48.1535
43605	1.36661e+07	49.8257	47.9327
43052	1.36661e+07	49.9395	48.0379
43774	1.38053e+07	49.3382	47.4551
43824	1.36311e+07	50.3555	48.4333
44637	1.38094e+07	49.9753	48.079
43752	1.38094e+07	51.0868	49.1497
43752	1.38094e+07	50.9178	48.9853
43461	1.38094e+07	50.0207	48.1175
44334	1.38094e+07	50.2515	48.3358
45121	1.30591e+07	51.1712	49.2292
45005	1.36438e+07	52.0682	50.0868
44784	1.37331e+07	51.5872	49.6323
45207	1.37331e+07	51.5872	49.6323
44537	1.38042e+07	51.8083	49.8429
45347	1.38042e+07	51.2362	49.2883
44529	1.31145e+07	52.2178	50.2357
44365	1.20688e+07	51.2395	49.2857
45192	1.38093e+07	51.012	49.0726
44846	1.38093e+07	51.779	49.8121
43993	1.30437e+07	51.779	49.8121
44211	1.24549e+07	50.5147	48.5976
44170	1.36271e+07	50.96	49.0213
44758	1.37459e+07	50.6707	48.744
44062	1.37459e+07	51.2038	49.2549
44226	1.37459e+07	50.9535	49.0084
44510	1.37459e+07	50.8105	48.8749
44111	1.37459e+07	51.1322	49.1882
43601	1.3631e+07	50.7747	48.8493
44238	1.38105e+07	50.3717	48.4539
44889	1.38105e+07	50.4432	48.5232
44406	1.38105e+07	51.2005	49.2575
44107	1.38105e+07	51.753	49.7915
44632	1.38105e+07	50.596	48.6772
44420	1.38105e+07	50.8138	48.8826
43582	1.32171e+07	51.3435	49.3884
44618	1.37067e+07	50.5018	48.5822
44344	1.38162e+07	50.7422	48.8082
44344	1.38162e+07	51.0868	49.1445
44461	1.35342e+07	50.9795	49.0418
44154	1.38058e+07	50.9015	48.9725
44259	1.38058e+07	51.1355	49.1882
45017	1.33688e+07	50.739	48.8107
44513	1.31134e+07	51.844	49.8737
44720	1.37481e+07	51.2687	49.3217
44304	1.37481e+07	51.2687	49.3217
43925	1.37481e+07	50.9437	49.0007
44204	1.37481e+07	50.414	48.4975
6234	1.32992e+07	49.9232	48.0225
149	1.38129e+07	8.307	7.81804
148	1.38129e+07	0	0
149	1.38129e+07	0	0
145	1.36048e+07	0	0
148	1.38046e+07	0	0
