scalerS16b	IPM2C21A	IPM2C24A	
3053	1.36314e+07	50.3717	48.459
2994	1.36314e+07	50.2515	48.3537
3067	1.3804e+07	50.6512	48.744
3008	1.3804e+07	49.7477	47.8633
3036	1.34323e+07	51.0933	49.1625
3001	1.38014e+07	50.0467	48.156
3001	1.38014e+07	50.4043	48.5001
3018	1.38014e+07	49.8778	47.9917
3028	1.38014e+07	50.0662	48.1766
2974	1.36469e+07	50.492	48.5899
2985	1.36469e+07	49.3903	47.5193
3046	1.32552e+07	49.621	47.7452
3017	1.35841e+07	50.5212	48.613
2998	1.38085e+07	50.2352	48.3486
2997	1.38085e+07	49.7315	47.8531
3025	1.36923e+07	49.8127	47.9301
3039	1.38038e+07	50.2547	48.3537
3002	1.34106e+07	50.3945	48.4847
3030	1.28541e+07	49.9915	48.0995
3068	1.37239e+07	50.6382	48.7363
3065	1.34175e+07	50.7162	48.7979
3022	1.36546e+07	50.9405	49.0161
3016	1.36546e+07	50.882	48.9648
3007	1.37958e+07	49.7055	47.8248
3016	1.37958e+07	50.2547	48.3486
3122	1.34068e+07	49.7185	47.8377
3058	1.27051e+07	51.1225	49.1805
3047	1.3626e+07	51.9058	49.9404
3089	1.38066e+07	50.6155	48.7055
3103	1.38066e+07	51.1777	49.2421
3056	1.38066e+07	51.6587	49.7017
3042	1.28356e+07	51.3532	49.409
3056	1.38063e+07	50.804	48.8852
3006	1.26889e+07	50.687	48.7722
3032	1.35497e+07	50.9632	49.0418
3065	1.2962e+07	50.258	48.3563
3074	1.36231e+07	50.7325	48.8184
3074	1.36231e+07	51.1322	49.1984
3085	1.38133e+07	51.3825	49.4398
3052	1.38133e+07	51.3825	49.4398
3093	1.22265e+07	50.7975	48.8775
3080	1.34171e+07	51.6327	49.6786
3081	1.38024e+07	51.3857	49.4423
3060	1.38024e+07	51.285	49.3422
3047	1.38024e+07	51.0607	49.1342
3006	1.36979e+07	50.921	48.9982
3082	1.38014e+07	49.9395	48.0508
3065	1.38014e+07	51.4442	49.5014
3076	1.38014e+07	51.1517	49.2164
3097	1.35572e+07	50.9405	49.0136
3141	1.34864e+07	51.467	49.5219
3084	1.38023e+07	52.4777	50.4925
3049	1.38023e+07	51.6815	49.7273
3008	1.38023e+07	50.791	48.8672
3060	1.3146e+07	50.4627	48.5591
3132	1.34748e+07	50.245	48.3383
3096	1.32815e+07	52.455	50.4693
3069	1.37771e+07	51.7173	49.7633
3073	1.23091e+07	51.1095	49.183
3080	1.33315e+07	51.415	49.4732
3069	1.37601e+07	51.3143	49.373
3084	1.32086e+07	50.9665	49.0367
3125	1.35115e+07	51.233	49.2934
3106	1.38124e+07	51.74	49.7787
3162	1.35089e+07	51.987	50.0226
3102	1.37895e+07	51.987	50.0226
2936	1.35577e+07	52.8775	50.875
3016	1.38083e+07	50.882	48.9648
3016	1.38083e+07	48.7012	46.8594
2998	1.38083e+07	50.427	48.518
3030	1.38083e+07	49.8647	47.984
3019	1.37105e+07	50.3652	48.4616
3022	1.38077e+07	50.4725	48.5694
3019	1.13182e+07	50.3652	48.4641
3008	1.38068e+07	50.0532	48.1612
2989	1.38068e+07	49.9753	48.0944
3020	1.38068e+07	49.7315	47.8556
3035	1.36983e+07	50.0532	48.156
2993	1.38029e+07	50.6675	48.7517
3002	1.38029e+07	49.7347	47.8582
2969	1.38029e+07	50.089	48.1997
3042	1.38029e+07	49.4845	47.6169
3064	1.38029e+07	50.3035	48.3999
3056	1.38029e+07	50.9925	49.0701
3047	1.38029e+07	50.8397	48.9237
3083	1.38029e+07	50.6838	48.7697
3053	1.38029e+07	50.9958	49.0701
3054	1.38029e+07	51.09	49.1676
3052	1.33933e+07	50.973	49.0495
3064	1.38103e+07	50.973	49.0495
3065	1.33287e+07	50.973	49.0495
3058	1.38054e+07	50.8365	48.9134
3046	1.38054e+07	51.1322	49.1959
3067	1.38054e+07	51.1322	49.1959
3010	1.36584e+07	50.882	48.9597
3061	1.36584e+07	50.5863	48.6772
3062	1.29011e+07	50.5863	48.6772
3029	1.38087e+07	50.791	48.8672
3058	1.38087e+07	51.0023	49.0752
3058	1.38087e+07	50.661	48.7491
3072	1.38087e+07	51.0185	49.0829
3049	1.38087e+07	51.376	49.4372
3043	1.38087e+07	50.9372	49.0161
3070	1.33972e+07	51.0023	49.0778
2997	1.38064e+07	51.077	49.1497
3006	1.38064e+07	50.18	48.2767
3001	1.38064e+07	50.0565	48.1637
3083	1.38064e+07	50.1345	48.2382
3098	1.33208e+07	51.2785	49.3448
3070	1.34616e+07	51.8148	49.8531
3065	1.32669e+07	51.207	49.2703
3015	1.32669e+07	51.1095	49.1805
3073	1.33446e+07	50.284	48.382
3073	1.38075e+07	51.3923	49.4475
3084	1.38075e+07	51.4735	49.5348
3060	1.38075e+07	51.3305	49.3833
3048	1.38075e+07	51.155	49.2215
3038	1.33691e+07	50.9242	48.9956
3033	1.26908e+07	51.064	49.1368
3088	1.28983e+07	50.8138	48.8903
3049	1.36059e+07	50.8138	48.8903
3073	1.37563e+07	51.2525	49.314
3037	1.37563e+07	51.103	49.1753
3037	1.37563e+07	51.103	49.1753
3058	1.37563e+07	50.8008	48.8826
3038	1.37563e+07	50.8918	48.9699
3057	1.37563e+07	50.7292	48.8056
3031	1.37563e+07	50.947	49.0187
3033	1.34911e+07	50.8853	48.9674
2978	1.38058e+07	50.5993	48.6875
2978	1.38058e+07	50.7	48.7825
3023	1.38058e+07	49.6275	47.7504
3004	1.38058e+07	50.3717	48.4718
3001	1.38058e+07	49.985	48.0944
3032	1.33904e+07	50.2938	48.3948
2988	1.37979e+07	50.5732	48.6618
2984	1.37979e+07	49.8843	48.002
3019	1.37979e+07	49.738	47.8608
3023	1.37979e+07	50.5798	48.6695
3038	1.37979e+07	50.4367	48.5309
3036	1.30846e+07	50.5635	48.6516
2984	1.24921e+07	50.3425	48.4436
3006	1.37589e+07	50.2287	48.3306
3047	1.37589e+07	50.0337	48.1381
2978	1.37589e+07	50.9567	49.0315
3019	1.34261e+07	49.8257	47.9404
2984	1.37977e+07	50.05	48.1586
3032	1.37977e+07	50.271	48.3743
3024	1.37977e+07	50.4823	48.5745
3053	1.37977e+07	50.427	48.5232
3018	1.37977e+07	50.3522	48.4487
3065	1.37977e+07	50.9535	49.0315
3074	1.37977e+07	50.609	48.6978
3025	1.36359e+07	51.2655	49.3319
3062	1.33804e+07	51.1225	49.1933
3093	1.36216e+07	50.7552	48.8364
3060	1.36216e+07	51.0575	49.1291
3031	1.38026e+07	51.6327	49.6786
3001	1.38026e+07	51.0868	49.1574
3036	1.38026e+07	50.2905	48.3897
3036	1.38026e+07	50.1085	48.2151
2996	1.35946e+07	50.6935	48.7774
3111	1.38018e+07	50.2125	48.3126
3027	1.38018e+07	51.7887	49.8275
3077	1.34842e+07	50.5635	48.6593
3041	1.38082e+07	51.3467	49.4115
3040	1.38082e+07	50.7747	48.8595
3057	1.38082e+07	50.6935	48.7825
3030	1.38082e+07	51.0672	49.1368
2977	1.38082e+07	50.3783	48.4744
3043	1.36303e+07	49.8875	48.0071
3105	1.38106e+07	50.5895	48.6772
3015	1.34297e+07	51.6068	49.6529
3056	1.37979e+07	50.6187	48.7029
3073	1.37979e+07	50.375	48.4667
3026	1.37979e+07	51.5255	49.581
3024	1.37979e+07	50.856	48.934
3043	1.34232e+07	50.622	48.7106
3063	1.3714e+07	50.3262	48.4205
3120	1.3714e+07	51.2362	49.2986
3071	1.38188e+07	51.8018	49.8454
3077	1.33367e+07	52.0163	50.0508
3034	1.32055e+07	51.1582	49.219
3054	1.37653e+07	50.804	48.8826
3065	1.37653e+07	50.9145	48.9879
3032	1.37653e+07	50.7845	48.8595
3025	1.37653e+07	51.1647	49.2318
3043	1.33654e+07	50.5245	48.6156
2989	1.3195e+07	50.6935	48.7774
2992	1.37158e+07	50.3132	48.4153
3003	1.29403e+07	49.907	48.0174
3003	1.29403e+07	50.1182	48.2202
3051	1.38048e+07	50.1833	48.2844
3047	1.38048e+07	50.8495	48.9314
3026	1.38048e+07	50.8495	48.9314
3052	1.38048e+07	50.505	48.5899
3059	1.38048e+07	50.8527	48.9263
2971	1.38048e+07	50.8527	48.9776
2702	1.36765e+07	49.7835	47.9147
2789	1.3764e+07	45.2043	43.496
2772	1.2174e+07	46.2378	44.4845
2776	1.311e+07	46.0752	44.3356
2728	1.29858e+07	46.1727	44.428
2618	1.30608e+07	45.7243	43.9941
2668	1.29869e+07	43.7775	42.1198
2655	1.38084e+07	43.836	42.1738
2629	1.38084e+07	43.9367	42.2713
2627	1.32353e+07	43.9367	42.2713
2559	1.38088e+07	43.6865	42.0377
2557	1.26526e+07	42.5392	40.9337
2582	1.27542e+07	42.302	40.7026
2598	1.28548e+07	42.5295	40.9182
2593	1.38084e+07	43.0853	41.4549
2560	1.38084e+07	43.0853	41.4549
2531	1.34278e+07	42.614	40.9978
2525	1.37544e+07	42.2858	40.682
2514	1.34882e+07	41.8925	40.3123
2489	1.36927e+07	41.8925	40.3123
2476	1.38097e+07	41.353	39.7911
2486	1.38097e+07	41.353	39.7911
2544	1.35449e+07	40.9207	39.3777
2544	1.36903e+07	41.4115	39.8476
2544	1.36903e+07	41.9997	40.4124
2529	1.35458e+07	42.3085	40.7128
2451	1.37994e+07	41.314	39.7603
2457	1.13129e+07	40.82	39.2802
2427	1.36437e+07	40.5145	38.9849
2421	1.32351e+07	40.0173	38.4997
2432	1.37765e+07	40.0985	38.5793
2451	1.37765e+07	40.2675	38.7436
2474	1.33972e+07	40.5177	38.9901
2460	1.35205e+07	41.0182	39.4676
2477	1.37203e+07	40.7127	39.1775
2477	1.37927e+07	40.8882	39.3418
2398	1.37927e+07	40.9565	39.4111
2439	1.35733e+07	40.2253	38.7179
2434	1.38026e+07	39.78	38.2866
2429	1.38026e+07	40.2545	38.7359
2430	1.38026e+07	40.3325	38.8052
2438	1.35376e+07	40.1862	38.6717
2438	1.37807e+07	40.3228	38.8001
2457	1.35612e+07	40.3228	38.8001
2446	1.36754e+07	40.5275	38.9875
2474	1.32589e+07	40.469	38.9875
2437	1.38042e+07	40.586	39.0517
2433	1.35655e+07	40.8232	39.2827
2444	1.37818e+07	40.0692	38.5536
2410	1.20612e+07	40.469	38.9464
2452	1.29061e+07	40.261	38.7436
2466	1.36801e+07	39.8385	38.3379
2438	1.35583e+07	40.833	39.2879
2431	1.37951e+07	40.6965	39.1621
2411	1.33833e+07	40.3293	38.8103
2411	1.33833e+07	40.3812	38.8103
2419	1.36478e+07	39.7702	38.2763
2461	1.26292e+07	39.936	38.4303
2475	1.31243e+07	40.898	39.3546
2439	1.37568e+07	40.898	39.3546
2458	1.37568e+07	40.3747	38.8463
2435	1.33695e+07	40.521	38.9926
2421	1.3806e+07	40.3682	38.8411
2439	1.18007e+07	40.0075	38.4945
2417	1.37787e+07	40.313	38.7949
2390	1.14513e+07	40.0985	38.5844
2433	1.38056e+07	39.4355	37.9554
2465	1.36256e+07	40.0757	38.5613
2499	1.25379e+07	40.794	39.2494
2464	1.37873e+07	41.4992	39.9323
2478	1.30746e+07	41.1483	39.5986
2519	1.30746e+07	40.7453	39.2134
2515	1.27393e+07	41.3335	39.7731
2478	1.12046e+07	41.8698	40.2918
2317	1.35629e+07	41.6097	40.0376
2179	1.34014e+07	40.352	38.8232
2191	1.20111e+07	36.1628	34.7999
2150	1.38099e+07	35.9482	34.5919
2139	1.38099e+07	36.062	34.6998
2085	1.35562e+07	35.139	33.8114
2036	1.37859e+07	35.3438	34.0091
2028	1.37859e+07	33.4685	32.2119
2069	1.37859e+07	33.4685	32.2119
2023	1.32555e+07	33.6667	32.4018
1988	1.28384e+07	33.6667	32.4018
2001	1.35091e+07	33.2735	32.0167
2001	1.35091e+07	32.4123	31.1926
1950	1.37025e+07	32.7048	31.475
2005	1.19157e+07	32.0905	30.8793
1972	1.37972e+07	32.825	31.588
1978	1.32803e+07	32.4318	31.208
1951	1.37655e+07	32.513	31.285
1973	1.3689e+07	32.032	30.8177
1968	1.38064e+07	32.2887	31.077
1948	1.38064e+07	32.2887	31.077
1922	1.38064e+07	31.9312	30.7278
1880	1.38064e+07	31.4925	30.3042
1901	1.38064e+07	30.8848	29.7214
1890	1.34065e+07	31.0732	29.9037
1912	1.38059e+07	31.0732	29.9037
1884	1.36402e+07	31.0017	29.8343
1903	1.28004e+07	31.1967	30.0243
1886	1.37689e+07	30.914	29.7496
1864	1.37689e+07	31.2552	30.0808
1840	1.37689e+07	30.6995	29.5417
1872	1.37689e+07	30.303	29.1642
1868	1.37689e+07	30.5825	29.4261
1886	1.37689e+07	30.5045	29.3542
1871	1.37689e+07	30.7775	29.6187
1853	1.37689e+07	30.9303	29.7727
1835	1.37689e+07	30.589	29.439
1886	1.35642e+07	29.913	28.7868
1889	1.19582e+07	30.4622	29.3131
1864	1.37505e+07	30.9985	29.8292
1879	1.34529e+07	30.719	29.5596
1873	1.34529e+07	30.6182	29.4646
1864	1.32161e+07	30.862	29.7034
1864	1.32161e+07	30.5338	29.3825
1889	1.34147e+07	30.654	29.5006
1904	1.37041e+07	31.018	29.8523
1864	1.34724e+07	31.018	29.8523
1850	1.37934e+07	30.5402	29.3902
1832	1.37934e+07	30.2705	29.1309
1849	1.34064e+07	30.043	28.9126
1853	1.32991e+07	30.2022	29.0641
1827	1.27517e+07	30.3095	29.1668
1838	1.38004e+07	29.9292	28.8022
1868	1.38004e+07	30.0007	28.8664
1846	1.38004e+07	30.5467	29.3927
1845	1.38004e+07	30.4362	29.29
1817	1.33496e+07	30.251	29.1129
1835	1.37459e+07	29.6757	28.5557
1839	1.37459e+07	29.6757	28.5557
1842	1.35836e+07	30.2867	29.1463
1836	1.37915e+07	30.2185	29.0821
1848	1.33317e+07	30.0268	28.8998
1826	1.14673e+07	29.9683	28.8382
1865	1.31169e+07	30.1178	28.9871
1853	1.375e+07	29.952	28.8202
1851	1.375e+07	30.2087	29.0718
1847	1.375e+07	30.1405	29.0076
1887	1.3629e+07	30.2803	29.1411
1877	1.34432e+07	30.355	29.213
1888	1.35666e+07	30.5695	29.421
1865	1.24828e+07	30.6702	29.516
1845	1.27325e+07	30.7677	29.6161
1626	1.20398e+07	30.355	29.2104
1627	1.34921e+07	29.3573	28.2605
1627	1.34921e+07	26.1105	25.1333
1639	1.28159e+07	26.2698	25.2796
1595	1.30817e+07	26.5297	25.5338
1631	1.17405e+07	25.7725	24.8072
1525	1.38034e+07	26.2698	25.2796
1502	1.26857e+07	24.531	23.6133
1515	1.31446e+07	24.2092	23.3001
1500	1.36307e+07	24.284	23.3771
1503	1.37675e+07	24.0532	23.1511
1406	1.36623e+07	24.0012	23.1511
1422	1.37681e+07	22.6167	21.7673
1410	1.35713e+07	22.7695	21.9136
1390	1.35713e+07	22.5485	21.7005
1403	1.37788e+07	22.2528	21.4129
1343	1.34688e+07	22.2528	21.4129
1351	1.25563e+07	21.7523	20.9303
1338	1.2084e+07	21.4305	20.6273
1351	1.08144e+07	21.3428	20.5426
1321	1.27413e+07	21.3428	20.5426
1304	1.17188e+07	21.2095	20.4168
1320	1.33854e+07	20.7512	19.9726
1348	1.21083e+07	20.7512	19.9726
1322	1.28013e+07	21.1575	20.3603
1302	1.26954e+07	21.3428	20.5426
1282	1.13696e+07	20.6082	19.8339
1278	1.01494e+07	20.4295	19.667
1308	9.23993e+06	20.2962	19.5387
1314	1.27442e+07	20.2962	19.5387
1314	8.63557e+06	20.8293	20.0522
1305	1.28187e+07	20.6147	19.8468
1273	1.30455e+07	20.8162	20.0393
1273	1.30455e+07	20.449	19.6825
1269	1.30455e+07	20.0525	19.3025
1275	1.31669e+07	20.0525	19.3025
1284	1.25234e+07	20.1273	19.3718
1266	1.35629e+07	20.228	19.4668
1279	1.18717e+07	19.9257	19.1818
1295	1.35462e+07	20.202	19.4488
1285	1.37805e+07	20.4392	19.6722
1284	1.3251e+07	20.28	19.513
1261	1.31057e+07	20.3482	19.5875
1258	1.32756e+07	20.059	19.305
1267	1.38012e+07	19.9713	19.2254
1269	1.35828e+07	19.8575	19.1099
1286	1.38056e+07	20.0623	19.3076
1277	1.38056e+07	20.2962	19.5361
1282	1.34904e+07	20.2085	19.4514
1266	1.34904e+07	20.3515	19.59
1267	1.36535e+07	20.1922	19.436
1268	1.35454e+07	19.9583	19.2126
1240	1.26486e+07	20.033	19.2845
1264	1.33066e+07	19.7113	18.9764
1257	1.36435e+07	19.7957	19.0586
1262	1.38015e+07	19.9225	19.1767
1258	1.37179e+07	19.8445	19.1048
1274	1.3536e+07	19.9095	19.1664
1282	1.34568e+07	19.9095	19.1664
1274	1.34568e+07	20.2995	19.5387
1279	1.38038e+07	20.176	19.4283
1268	1.38038e+07	20.176	19.4283
1278	1.2598e+07	20.072	19.3204
1288	1.24445e+07	20.1305	19.3769
1288	1.24445e+07	20.306	19.5438
1257	1.36047e+07	20.306	19.5438
1289	1.37821e+07	19.8673	19.1227
1261	1.37821e+07	20.306	19.5387
1265	1.37821e+07	19.8542	19.1073
1265	1.37821e+07	19.9875	19.2357
1175	1.32743e+07	19.9875	19.2357
954	1.34107e+07	18.5607	17.8775
961	1.35888e+07	14.651	14.1084
958	1.3774e+07	14.7192	14.1752
968	1.3774e+07	14.638	14.0956
943	1.34429e+07	14.7615	14.2111
837	1.37761e+07	14.7615	14.2111
839	1.37761e+07	12.7758	12.3035
844	1.36047e+07	9.1676	12.0159
825	1.38016e+07	12.7205	12.2495
802	1.38016e+07	12.4293	11.9671
780	1.38016e+07	12.2564	11.8028
779	1.38016e+07	11.6818	11.2508
791	1.35534e+07	11.7377	11.3021
782	1.32864e+07	11.8482	11.41
767	1.37522e+07	11.7962	11.41
735	1.37522e+07	11.8534	11.41
741	1.36817e+07	11.1163	10.7065
731	1.38087e+07	11.011	10.6063
737	1.36254e+07	10.8784	10.4805
722	1.36254e+07	10.9642	10.5601
714	1.35327e+07	10.9642	10.5601
705	1.29782e+07	10.5313	10.1442
706	1.38078e+07	10.5313	7.38413
708	1.38078e+07	10.3662	9.98039
708	1.38078e+07	10.3662	9.98039
691	1.31219e+07	10.3662	9.98039
690	1.35012e+07	10.0945	9.7185
695	1.28067e+07	10.1465	9.76985
693	1.3749e+07	10.1465	9.76985
694	1.3749e+07	10.1465	9.76985
675	1.3749e+07	10.1465	9.76985
683	1.36345e+07	9.9255	9.55829
673	1.30054e+07	10.0542	9.67947
677	1.35404e+07	9.8605	9.49667
676	1.1474e+07	9.9151	9.54699
672	1.35459e+07	9.9151	9.54699
681	1.30813e+07	9.8111	9.44635
679	1.34578e+07	9.8111	9.44635
681	1.35335e+07	9.9073	9.54083
676	1.36336e+07	9.7734	9.40835
685	1.38068e+07	9.841	9.4751
677	1.3092e+07	9.9515	9.58191
687	1.3802e+07	9.841	9.47613
677	1.3802e+07	9.9125	9.54494
672	1.3802e+07	9.7682	9.40629
684	1.3802e+07	9.6993	9.34056
685	1.3384e+07	9.8852	9.51721
680	1.36525e+07	9.8852	9.51721
674	1.36525e+07	9.9554	9.58602
683	1.31309e+07	9.867	9.5018
690	1.3331e+07	9.867	9.5018
698	1.27114e+07	9.9853	9.61477
696	1.37838e+07	10.1244	9.74931
692	1.37838e+07	10.2232	9.84071
698	1.36847e+07	10.2232	9.84071
698	1.36847e+07	10.1101	9.73391
684	1.38086e+07	10.1101	9.73391
679	1.26206e+07	9.9762	9.60553
683	1.3331e+07	9.8293	9.4638
687	1.3331e+07	9.9749	9.6045
686	1.37175e+07	9.9749	9.6045
691	1.35307e+07	9.9749	9.6045
683	1.26091e+07	10.0659	9.68872
690	1.31454e+07	9.9112	9.54083
681	1.36092e+07	10.0516	9.67742
680	1.37938e+07	9.8917	9.52234
687	1.32616e+07	9.8917	9.52234
696	1.37997e+07	10.01	9.63634
696	1.37997e+07	10.01	9.63634
694	1.34756e+07	10.1855	9.8058
690	1.37897e+07	10.1244	9.74828
691	1.36948e+07	10.0204	9.64764
689	1.38081e+07	9.9632	9.59321
664	1.38081e+07	10.0269	9.6538
661	1.38081e+07	9.867	9.50078
642	1.38081e+07	9.4341	9.08279
653	1.31967e+07	9.3574	9.0109
656	1.3806e+07	9.2924	8.9462
653	1.3806e+07	9.4107	9.06327
650	1.34721e+07	9.4107	9.06327
644	1.37934e+07	9.4107	9.06327
650	1.00781e+07	9.4107	9.06327
649	1.3801e+07	9.2482	8.90512
650	1.3801e+07	9.4094	9.06019
653	1.3801e+07	9.3496	9.00268
652	1.33301e+07	9.4458	9.09614
652	1.33301e+07	9.3899	9.03965
646	1.35444e+07	9.4991	9.14749
648	1.3808e+07	9.3639	9.01809
650	1.32997e+07	9.3639	9.01809
641	1.38063e+07	9.3639	9.01809
647	1.35101e+07	9.3106	8.96571
643	1.3794e+07	9.3106	8.96571
655	1.3794e+07	9.3106	8.96571
651	1.3794e+07	9.3106	8.96571
660	1.3794e+07	9.3951	9.04582
645	1.3794e+07	9.5485	9.1937
652	1.3794e+07	9.4211	9.07354
663	1.3794e+07	9.4211	9.07354
654	1.31448e+07	9.6265	9.26765
656	1.38106e+07	9.5433	9.18651
663	1.38106e+07	9.4887	9.13619
666	1.31929e+07	9.5407	9.13619
651	1.36079e+07	9.6811	9.319
647	1.36079e+07	9.5368	9.18035
646	1.35185e+07	9.4315	9.08176
657	1.3067e+07	9.2716	8.92668
656	1.37323e+07	9.4432	9.09203
653	1.37323e+07	9.4432	9.09203
644	1.32454e+07	9.4432	9.09203
647	1.3812e+07	9.2989	8.95441
641	1.25865e+07	9.2989	8.95441
655	1.0228e+07	9.1819	8.84247
637	1.37233e+07	9.3314	8.9842
648	1.37233e+07	9.3314	8.9842
638	1.37233e+07	9.191	8.85069
638	1.36171e+07	9.321	8.9729
638	1.36171e+07	9.2053	8.86404
634	1.37295e+07	9.2053	8.86404
647	1.38051e+07	9.1377	8.80036
634	1.38051e+07	9.2885	8.94414
653	1.36303e+07	9.1247	8.78701
648	1.36303e+07	9.3873	9.04068
649	1.38072e+07	9.3288	8.98317
630	1.38072e+07	9.3288	8.98317
646	1.36883e+07	9.1208	8.78188
644	1.3811e+07	9.2898	8.94722
643	1.3811e+07	9.2898	8.94722
657	1.3811e+07	9.2898	8.94722
648	1.35834e+07	9.4783	9.12695
652	1.37997e+07	9.3496	9.00165
651	1.36227e+07	9.4016	9.05198
648	1.38077e+07	9.3093	8.96263
650	1.37092e+07	9.4107	9.06225
653	1.3789e+07	9.4107	9.06225
647	1.25815e+07	9.4939	9.14235
645	1.31304e+07	9.4939	9.14235
643	1.38062e+07	9.3509	9.00268
650	1.38062e+07	9.3509	9.00268
653	1.38062e+07	9.4419	9.091
645	1.38062e+07	9.5199	9.167
644	1.38062e+07	9.4224	9.07252
651	1.38062e+07	9.4224	9.07252
649	1.38062e+07	9.3106	8.96468
642	1.38062e+07	9.4094	9.05917
639	1.33435e+07	9.3301	8.9842
641	1.38072e+07	9.1741	8.83425
643	1.38072e+07	9.3314	8.98522
643	1.38072e+07	9.3314	8.98522
642	1.38072e+07	9.3314	8.98522
645	1.38072e+07	9.2612	8.91949
643	1.38072e+07	9.3535	9.00782
647	1.37097e+07	9.3535	9.00782
639	1.37097e+07	9.3535	9.00782
654	1.38089e+07	9.2196	8.87842
642	1.29954e+07	9.4536	9.10333
646	1.37755e+07	9.3145	8.96982
638	1.34355e+07	9.386	9.0376
635	1.37351e+07	9.3158	8.96879
595	1.38071e+07	9.2079	8.86609
548	1.38071e+07	8.7347	8.4101
512	1.38071e+07	7.8754	7.59056
477	1.38071e+07	7.2098	6.94663
481	1.33874e+07	6.4545	6.22362
419	1.38084e+07	6.5195	6.28319
424	1.24612e+07	5.7876	5.57969
425	1.38031e+07	5.5276	5.32808
425	1.34653e+07	5.6407	5.43694
421	1.37589e+07	5.5887	5.43694
427	1.35813e+07	5.5263	5.3291
428	1.381e+07	5.5887	5.3897
439	1.381e+07	5.5887	5.3897
430	1.381e+07	5.6524	5.44926
232	1.381e+07	5.733	5.52526
101	1.381e+07	5.3352	5.14527
99	1.36932e+07	0.5265	0.508365
97	1.20662e+07	0	0
100	1.3805e+07	0	0
103	1.3805e+07	0	0
103	1.3805e+07	0	0
104	1.3805e+07	0	0
103	1.3805e+07	0	0
104	1.3805e+07	0	0
106	1.3805e+07	0	0
103	1.37338e+07	0	0
108	1.29494e+07	0	0
104	1.32756e+07	0	0
102	1.32756e+07	0	0
127	1.3807e+07	0	0
439	1.31657e+07	0	0
440	1.36085e+07	0.78	1.5405
440	1.37911e+07	1.95	3.081
440	1.17326e+07	3.9	6.162
448	7.63936e+06	7.40662	8.96571
448	1.07252e+07	9.3769	8.57134
443	8.76132e+06	8.99405	5.61101
449	1.27775e+07	5.7759	5.61101
440	1.27775e+07	5.7759	5.53912
438	1.06355e+07	5.681	5.48007
438	1.36343e+07	5.681	5.48007
432	1.2793e+07	5.62575	5.42615
433	1.20675e+07	5.62575	5.42615
434	1.25207e+07	5.5692	5.37275
439	1.27422e+07	5.66605	5.46518
430	1.23835e+07	5.66605	5.46518
437	1.33065e+07	5.66605	5.46518
432	1.11694e+07	5.66605	5.46518
434	1.06937e+07	5.74015	5.53604
431	1.20848e+07	5.6069	5.40767
435	6.98012e+06	5.66215	5.46056
435	6.98012e+06	5.66215	5.46056
433	6.65627e+06	5.66215	5.46056
434	1.01288e+07	5.66215	5.46056
434	1.08168e+07	5.66215	5.46056
433	1.30686e+07	5.66215	5.46056
431	1.14138e+07	5.66215	5.46056
431	8.22956e+06	5.66215	5.46056
430	9.8949e+06	5.66215	5.46056
439	7.13235e+06	5.66215	5.46056
433	9.947e+06	5.74275	5.53912
434	9.25529e+06	5.74275	5.53912
430	1.17389e+07	5.74275	5.53912
433	1.34905e+07	5.6602	5.46005
433	1.14327e+07	5.6602	5.46005
433	1.25286e+07	5.6602	5.46005
437	1.19691e+07	5.6602	5.46005
433	1.30531e+07	5.6602	5.46005
434	1.16463e+07	5.6602	5.46005
430	1.18628e+07	5.7317	5.52834
431	1.14474e+07	5.6095	5.41075
427	1.30519e+07	5.6095	5.41075
434	1.29157e+07	5.6095	5.41075
433	1.31343e+07	5.6095	5.41075
438	1.15943e+07	5.6849	5.48367
436	1.0412e+07	5.6849	5.48367
434	1.1654e+07	5.6849	5.48367
438	1.36626e+07	5.6849	5.48367
435	1.21607e+07	5.6849	5.48367
438	1.28922e+07	5.7434	5.54015
433	1.18025e+07	5.6836	5.48161
442	1.37556e+07	5.7577	5.55299
442	1.37556e+07	5.6836	5.48213
433	1.07427e+07	5.6836	5.48213
436	1.19278e+07	5.6836	5.48213
435	1.33319e+07	5.6836	5.48213
435	1.26858e+07	5.6836	5.48213
441	1.37632e+07	5.6836	5.48213
443	1.30661e+07	5.80645	5.60074
186	1.3665e+07	5.75185	5.54683
106	1.32207e+07	1.51125	1.43266
108	1.36477e+07	0	0
109	1.26766e+07	0	0
109	1.36248e+07	0	0
101	1.36958e+07	0	0
99	1.37854e+07	0	0
100	1.37854e+07	0	0
97	1.36551e+07	0	0
99	1.35303e+07	0	0
