scalerS16b	IPM2C21A	IPM2C24A	
518	1.38911e+07	0	0
521	1.38911e+07	0	0
519	1.38911e+07	0	0
520	1.38911e+07	0	0
524	1.38911e+07	0	0
521	1.38911e+07	0	0
523	1.38911e+07	0	0
517	1.38911e+07	0	0
520	1.38911e+07	0	0
520	1.38911e+07	0	0
523	1.38911e+07	0	0
519	1.38911e+07	0	0
526	1.40044e+07	0	0
522	1.39013e+07	0	0
523	1.39013e+07	0	0
3366	1.39013e+07	0	0
11380	1.39013e+07	0	0
11526	1.39013e+07	1.95	1.5405
11417	1.39013e+07	3.9	3.081
11467	1.39013e+07	7.8	6.162
11433	1.39013e+07	19.5	15.405
11323	1.39013e+07	39	30.81
11101	1.39013e+07	78	61.62
11101	1.39013e+07	190.089	154.05
11123	1.39013e+07	246.519	236.533
11286	1.39013e+07	232.583	225.005
11277	1.39013e+07	155.961	150.538
11305	1.39013e+07	155.636	150.23
11098	1.39013e+07	153.595	148.247
11246	1.39013e+07	155.051	149.665
11167	1.39013e+07	154.57	149.213
11248	1.39013e+07	153.738	148.401
10995	1.39013e+07	154.57	149.213
11341	1.39013e+07	153.673	148.34
11250	1.39013e+07	155.077	149.726
11278	1.39013e+07	155.61	150.25
11239	1.39013e+07	154.648	149.274
11401	1.39013e+07	156.52	151.103
11178	1.39013e+07	157.04	151.606
11139	1.39013e+07	153.179	147.837
10979	1.39013e+07	153.088	147.837
11121	1.39013e+07	150.709	145.454
11090	1.39013e+07	153.569	148.227
11092	1.39013e+07	152.321	147.025
11221	1.39013e+07	152.802	147.487
11033	1.39013e+07	153.972	148.627
11205	1.39013e+07	151.697	146.399
11291	1.39013e+07	154.856	149.48
11307	1.39013e+07	155.402	150.004
11141	1.39013e+07	156.286	150.877
11278	1.39013e+07	153.387	148.042
11217	1.39013e+07	155.519	150.117
11198	1.39013e+07	154.934	149.552
11353	1.39013e+07	154.284	148.925
11353	1.39013e+07	155.532	150.158
11137	1.39013e+07	154.44	149.079
11440	1.39013e+07	156.819	151.411
11187	1.39013e+07	155.376	149.993
11099	1.39013e+07	153.985	148.627
11252	1.39013e+07	153.088	147.765
11253	1.39013e+07	155.675	150.25
11293	1.39013e+07	155.48	150.137
11255	1.39013e+07	156.104	150.712
11120	1.39013e+07	153.686	148.35
11259	1.39013e+07	154.076	148.71
11215	1.39013e+07	155.402	150.014
11386	1.39013e+07	154.245	148.925
11250	1.39013e+07	155.948	150.548
11242	1.39013e+07	155.805	150.404
11185	1.39013e+07	154.882	149.521
11272	1.39013e+07	153.361	148.011
11363	1.39013e+07	155.025	149.654
11423	1.39013e+07	156.468	151.051
11327	1.39013e+07	157.534	152.068
11263	1.39013e+07	155.714	150.281
11321	1.39013e+07	155.194	149.829
11302	1.39013e+07	155.935	150.538
11199	1.39013e+07	155.831	150.414
11168	1.39013e+07	154.401	149.059
11502	1.39013e+07	154.011	148.689
11469	1.39013e+07	157.391	151.945
11295	1.39013e+07	158.743	153.259
11290	1.39013e+07	155.337	149.973
11354	1.39013e+07	154.7	149.326
11405	1.39013e+07	156.338	150.918
11405	1.39013e+07	157.378	151.934
11300	1.39013e+07	156.741	151.287
11199	1.39013e+07	154.18	148.843
11206	1.40119e+07	154.804	149.428
11132	1.38988e+07	152.906	147.59
11227	1.38988e+07	155.129	149.737
11154	1.38988e+07	153.556	148.237
11412	1.40149e+07	155.558	150.158
11387	1.3903e+07	157.378	151.934
11283	1.3903e+07	156.013	150.61
11432	1.3903e+07	156.676	151.236
11388	1.3903e+07	156.806	151.38
11257	1.3903e+07	157.014	151.595
11160	1.3903e+07	155.285	149.921
11173	1.3903e+07	153.361	148.063
11191	1.3903e+07	154.583	149.244
11234	1.3903e+07	154.102	148.771
11272	1.3903e+07	154.752	149.387
11275	1.3903e+07	155.623	150.219
11091	1.3903e+07	155.168	149.778
11406	1.3903e+07	153.14	147.837
11243	1.3903e+07	156.845	151.411
11212	1.3903e+07	155.129	149.757
11307	1.3903e+07	155.012	149.634
10993	1.3903e+07	155.623	150.219
11152	1.3903e+07	152.984	147.693
11313	1.3903e+07	152.529	147.262
11223	1.3903e+07	156.026	150.62
11315	1.3903e+07	155.064	149.675
11038	1.3903e+07	156	150.589
11158	1.3903e+07	152.685	147.374
11158	1.3903e+07	153.218	147.898
11177	1.3903e+07	154.557	149.192
11345	1.3903e+07	156.286	150.866
11131	1.3903e+07	153.907	148.566
11131	1.3903e+07	154.089	148.751
11158	1.3903e+07	153.907	148.586
11313	1.3903e+07	154.479	149.12
11085	1.3903e+07	154.999	149.624
11125	1.3903e+07	152.542	147.251
11193	1.3903e+07	154.856	149.5
11179	1.3903e+07	153.972	148.658
11455	1.3903e+07	154.57	149.213
11332	1.3903e+07	158.821	153.321
11226	1.3903e+07	155.129	149.778
11143	1.3903e+07	154.141	148.812
11294	1.3903e+07	154.752	149.387
11409	1.3903e+07	156.338	150.938
11332	1.3903e+07	157.677	152.212
11197	1.3903e+07	156.208	150.794
11222	1.3903e+07	154.336	148.977
11387	1.3903e+07	155.181	149.808
11423	1.3903e+07	157.157	151.708
11339	1.3903e+07	157.807	152.345
11279	1.3903e+07	156.767	151.349
11405	1.3903e+07	154.895	149.541
11289	1.3903e+07	157.391	151.975
11124	1.3903e+07	156.039	150.661
11163	1.3903e+07	153.842	148.504
11027	1.3903e+07	153.725	148.391
11143	1.3903e+07	152.698	147.405
11353	1.3903e+07	153.556	148.268
11353	1.3903e+07	156.117	150.723
11383	1.3903e+07	158.132	152.643
11298	1.3903e+07	156.442	151.01
11267	1.3903e+07	156.13	150.712
11338	1.3903e+07	156.338	150.948
11312	1.3903e+07	157.43	151.975
11479	1.3903e+07	157.534	152.068
11294	1.3903e+07	157.963	152.499
11391	1.3903e+07	156.728	151.298
11482	1.3903e+07	157.534	152.058
11445	1.3903e+07	159.146	153.629
11418	1.3903e+07	157.742	152.273
11357	1.3903e+07	158.028	152.571
11272	1.3903e+07	156.364	150.928
11394	1.3903e+07	155.129	149.788
11339	1.3903e+07	157.365	151.934
11390	1.3903e+07	157.365	151.934
11314	1.3903e+07	156.988	151.554
11418	1.3903e+07	156.845	151.39
11444	1.3903e+07	157.508	152.037
11362	1.3903e+07	158.002	152.551
11248	1.3903e+07	156.793	151.349
11268	1.3903e+07	155.649	150.25
11241	1.3903e+07	155.493	150.106
11393	1.3903e+07	155.155	149.788
11356	1.3903e+07	156.78	151.318
11418	1.3903e+07	155.948	150.568
11389	1.3903e+07	157.404	151.945
11299	1.3903e+07	157.989	152.52
11272	1.3903e+07	155.467	150.086
11158	1.3903e+07	156.481	151.072
11158	1.3903e+07	153.166	147.857
11340	1.3903e+07	154.921	149.562
11418	1.3903e+07	157.547	152.099
11225	1.3903e+07	155.545	150.188
11435	1.3903e+07	155.896	150.527
11358	1.3903e+07	157.677	152.201
11354	1.3903e+07	155.896	150.497
11203	1.3903e+07	154.544	149.203
11386	1.3903e+07	154.609	149.264
11159	1.3903e+07	156.156	150.743
11206	1.3903e+07	153.543	148.237
11322	1.3903e+07	155.064	149.696
11320	1.3903e+07	155.493	150.117
11381	1.3903e+07	155.961	150.579
11314	1.3903e+07	157.157	151.719
11366	1.3903e+07	156.052	150.64
11271	1.3903e+07	156.754	151.328
11253	1.3903e+07	154.856	149.48
11319	1.3903e+07	155.857	150.455
11342	1.3903e+07	156.208	150.815
11391	1.3903e+07	156.208	150.764
11409	1.3903e+07	157.573	152.119
11184	1.3903e+07	157.053	151.637
11253	1.3903e+07	154.323	148.966
11298	1.3903e+07	155.48	150.106
11369	1.3903e+07	155.259	149.88
11269	1.3903e+07	156.351	150.959
11399	1.3903e+07	156.273	150.887
11315	1.3903e+07	155.857	150.497
11320	1.3903e+07	156.689	151.277
11298	1.3903e+07	155.974	150.63
11298	1.3903e+07	156.104	150.702
11095	1.3903e+07	152.919	147.611
11317	1.3903e+07	154.557	149.223
11311	1.3903e+07	155.61	150.24
11321	1.3903e+07	156.988	151.575
11271	1.3903e+07	154.297	148.966
11297	1.3903e+07	156.507	151.092
11030	1.3903e+07	152.295	147.005
11273	1.3903e+07	153.842	148.525
11184	1.3903e+07	154.674	149.305
11094	1.3903e+07	153.582	148.258
11199	1.3903e+07	152.412	147.149
11144	1.3903e+07	155.519	150.158
11361	1.3903e+07	153.543	148.217
11239	1.3903e+07	156.299	150.877
11282	1.3903e+07	155.09	149.726
11242	1.3903e+07	155.506	150.127
11256	1.3903e+07	155.506	150.127
11321	1.3903e+07	154.362	149.018
11228	1.3903e+07	156.728	151.308
11219	1.3903e+07	154.817	149.47
11383	1.3903e+07	154.518	149.172
11426	1.3903e+07	156.507	151.092
11348	1.3903e+07	157.131	151.698
11253	1.3903e+07	156.273	150.907
11153	1.3903e+07	155.844	150.466
11209	1.3903e+07	153.283	147.98
11267	1.3903e+07	154.128	148.802
11342	1.3903e+07	155.623	150.26
11256	1.3903e+07	156.052	150.702
11352	1.3903e+07	154.739	149.408
11352	1.3903e+07	156.403	151.031
11356	1.3903e+07	156.962	151.554
11423	1.3903e+07	156.78	151.39
11552	1.3903e+07	159.614	154.122
11203	1.3903e+07	156.754	151.339
11130	1.3903e+07	154.362	149.038
11109	1.3903e+07	153.361	148.083
11131	1.3903e+07	151.762	146.532
11198	1.3903e+07	154.817	149.47
11277	1.3903e+07	155.48	150.117
11126	1.3903e+07	154.375	149.049
11122	1.3903e+07	154.622	149.305
11195	1.3903e+07	153.101	147.857
11242	1.3903e+07	154.57	149.254
11249	1.3903e+07	155.389	150.045
11171	1.3903e+07	154.856	149.521
11295	1.3903e+07	154.57	149.244
11186	1.3903e+07	155.935	150.568
10903	1.3903e+07	153.153	147.898
11103	1.3903e+07	150.787	145.598
11230	1.3903e+07	153.114	147.837
11164	1.3903e+07	154.986	149.654
10968	1.3903e+07	153.595	148.299
10879	1.3903e+07	151.71	146.481
11306	1.3903e+07	149.734	144.571
11345	1.3903e+07	155.207	149.87
11379	1.3903e+07	156.65	151.267
11353	1.3903e+07	157.3	151.883
11308	1.3903e+07	156.416	151.051
11307	1.3903e+07	156.013	150.651
11391	1.3903e+07	156.013	150.651
11391	1.3903e+07	157.573	152.16
11384	1.3903e+07	157.014	151.626
11209	1.3903e+07	155.818	150.466
11141	1.3903e+07	153.478	148.186
11241	1.3903e+07	154.115	148.802
11258	1.3903e+07	155.935	150.558
11249	1.3903e+07	154.687	149.357
11343	1.3903e+07	156.26	150.866
11280	1.3903e+07	157.17	151.77
11214	1.3903e+07	155.597	150.26
11286	1.3903e+07	154.479	149.161
11282	1.3903e+07	155.35	149.993
11413	1.3903e+07	157.391	151.986
11333	1.3903e+07	157.599	152.201
11459	1.3903e+07	158.184	152.777
11198	1.3903e+07	156.858	151.493
11409	1.3903e+07	154.206	148.905
11209	1.3903e+07	157.729	152.284
11238	1.3903e+07	154.908	149.572
11193	1.3903e+07	155.35	149.993
11215	1.3903e+07	154.882	149.552
11205	1.3903e+07	155.194	149.85
11195	1.3903e+07	154.583	149.254
11153	1.3903e+07	154.492	149.182
11135	1.3903e+07	154.154	148.853
11187	1.3903e+07	153.543	148.258
11135	1.3903e+07	154.83	149.511
11184	1.3903e+07	153.608	148.319
11018	1.3903e+07	154.284	148.956
11203	1.3903e+07	152.334	147.066
11270	1.3903e+07	154.167	148.864
11270	1.3903e+07	154.726	149.398
11214	1.3903e+07	156.221	150.856
11245	1.3903e+07	154.908	149.572
11202	1.3903e+07	154.817	149.49
11024	1.3903e+07	152.282	147.046
11152	1.3903e+07	153.27	147.98
11376	1.3903e+07	156.247	150.835
11160	1.3903e+07	154.791	149.428
11169	1.3903e+07	154.297	148.977
11140	1.3903e+07	154.622	149.274
11092	1.3903e+07	153.491	148.217
11196	1.3903e+07	153.751	148.473
11245	1.3903e+07	154.674	149.336
11101	1.3903e+07	154.817	149.48
11241	1.3903e+07	154.089	148.751
11272	1.3903e+07	154.986	149.644
11253	1.3903e+07	155.753	150.404
11273	1.3903e+07	155.454	150.106
11174	1.3903e+07	156.091	150.712
11422	1.3903e+07	154.83	149.5
11318	1.3903e+07	157.846	152.417
11296	1.3903e+07	156.234	150.835
11405	1.3903e+07	156.234	150.835
11367	1.3903e+07	157.599	152.212
11345	1.35608e+07	157.313	151.893
11409	1.38894e+07	156.715	151.359
10980	1.38894e+07	157.469	152.047
11028	1.38894e+07	152.568	147.354
11188	1.38894e+07	151.879	146.666
11388	1.38894e+07	153.868	148.566
11397	1.38894e+07	157.3	151.883
11397	1.38894e+07	157.443	152.037
11301	1.38894e+07	157.352	151.955
11104	1.38894e+07	154.609	149.285
11358	1.38894e+07	156.429	151.031
11411	1.38894e+07	157.547	152.13
11442	1.38894e+07	159.094	153.619
11387	1.38894e+07	157.69	152.273
11318	1.38894e+07	156.858	151.462
11263	1.38894e+07	156.065	150.712
11115	1.38894e+07	155.857	150.486
11259	1.38894e+07	153.92	148.638
11167	1.38894e+07	155.779	150.435
11250	1.38894e+07	154.492	149.192
11259	1.38894e+07	155.467	150.117
11270	1.38894e+07	156.013	150.64
11212	1.38894e+07	155.285	149.942
11271	1.38894e+07	154.791	149.47
11317	1.38894e+07	156.65	151.277
11232	1.38894e+07	156.702	151.277
11136	1.38894e+07	154.843	149.531
11265	1.38894e+07	154.284	148.966
11181	1.38894e+07	156.117	150.753
10784	1.38894e+07	154.869	149.531
10481	1.38894e+07	148.993	143.862
10419	1.45268e+07	144.768	139.785
10377	1.38794e+07	143.312	138.357
10280	1.38794e+07	142.623	137.68
10116	1.38794e+07	142.532	137.608
9811	1.38794e+07	139.685	134.866
9845	1.38794e+07	135.59	130.881
9845	1.38794e+07	135.226	130.552
9849	1.38794e+07	134.901	130.213
9913	1.38794e+07	135.642	130.953
9675	1.38794e+07	134.979	130.316
9712	1.38794e+07	132.093	127.512
9627	1.38794e+07	132.821	128.2
9427	1.38794e+07	130.455	125.931
9427	1.38794e+07	129.597	125.099
9374	1.38794e+07	128.739	124.277
9490	1.38794e+07	129.649	125.14
9371	1.38794e+07	128.882	124.411
9414	1.38794e+07	128.414	123.969
9378	1.38794e+07	129.259	124.78
9202	1.38794e+07	127.764	123.281
9195	1.38794e+07	125.216	120.857
9126	1.38794e+07	125.398	121.032
9268	1.40104e+07	125.541	121.176
9229	1.3886e+07	126.737	122.305
9096	1.3886e+07	126.152	121.761
9113	1.3886e+07	123.929	119.604
9178	1.3886e+07	125.021	120.672
9213	1.3886e+07	125.788	121.422
9152	1.3886e+07	125.697	121.309
9230	1.3886e+07	125.229	120.868
9250	1.3886e+07	126.334	121.946
9355	1.3886e+07	126.724	122.316
9200	1.3886e+07	128.024	123.589
9136	1.3886e+07	126.347	121.956
9154	1.3886e+07	124.878	120.518
9233	1.3886e+07	124.826	120.518
9200	1.3886e+07	126.412	122.008
9200	1.3886e+07	125.047	120.693
9240	1.3886e+07	127.543	123.096
9226	1.3886e+07	124.371	120.036
9413	1.3886e+07	127.959	123.497
9136	1.3886e+07	126.997	122.552
9009	1.3886e+07	123.331	119.06
9304	1.3886e+07	126.295	121.925
9244	1.3886e+07	125.814	121.432
9165	1.3886e+07	126.243	121.833
9093	1.3886e+07	124.696	120.354
9236	1.3886e+07	124.644	120.303
9181	1.3886e+07	125.814	121.432
9398	1.3886e+07	126.594	122.182
9175	1.3886e+07	127.335	122.87
9093	1.3886e+07	124.826	120.467
8871	1.3886e+07	123.266	118.957
8983	1.3886e+07	121.03	116.821
9098	1.3886e+07	122.434	118.177
9274	1.3886e+07	124.709	120.354
9000	1.3886e+07	126.724	122.305
8912	1.3886e+07	122.421	118.177
9010	1.3886e+07	121.277	117.027
9270	1.3886e+07	123.292	118.978
9067	1.3886e+07	126.373	121.967
9100	1.3886e+07	124.046	119.728
9101	1.3886e+07	124.189	119.861
9098	1.3886e+07	124.189	119.913
9080	1.3886e+07	124.059	119.728
9044	1.3886e+07	123.591	119.266
9013	1.3886e+07	123.591	119.266
8971	1.3886e+07	122.278	118.002
8971	1.3886e+07	122.668	118.393
8963	1.3886e+07	123.045	118.731
8958	1.3886e+07	121.615	117.355
9114	1.3886e+07	123.396	119.091
9210	1.37359e+07	125.97	121.576
9273	1.38958e+07	126.36	121.946
9142	1.38958e+07	126.49	122.059
9057	1.38958e+07	123.37	119.06
9149	1.38958e+07	123.292	118.988
9218	1.38958e+07	126.178	121.761
9207	1.38958e+07	125.853	121.432
9254	1.38958e+07	126.074	121.679
9030	1.38958e+07	125.645	121.248
9226	1.38958e+07	123.11	118.834
9110	1.38958e+07	125.697	121.289
9326	1.38958e+07	124.111	119.769
9281	1.38958e+07	127.855	123.394
9248	1.38958e+07	126.49	122.049
9281	1.38958e+07	126.633	122.203
9245	1.38958e+07	126.243	121.812
9218	1.38958e+07	125.97	121.566
9172	1.38958e+07	125.723	121.33
9121	1.38958e+07	124.813	120.447
9241	1.38958e+07	124.137	119.81
9006	1.38958e+07	126.152	121.72
9196	1.38958e+07	122.72	118.454
9070	1.38958e+07	125.151	120.775
8279	1.38958e+07	124.189	119.851
8383	1.38958e+07	112.931	108.996
8319	1.38958e+07	113.308	109.324
8257	1.38958e+07	112.242	108.307
8257	1.38958e+07	112.242	108.307
8189	1.38958e+07	112.658	108.718
7844	1.38958e+07	106.47	102.741
7858	1.38958e+07	106.067	102.341
7827	1.38958e+07	106.067	102.341
7904	1.38958e+07	106.379	102.649
7673	1.38958e+07	105.469	101.776
7471	1.38958e+07	100.334	96.805
7435	1.38958e+07	100.984	97.4418
7507	1.38958e+07	100.711	97.185
7554	1.38958e+07	101.608	98.0271
7333	1.38958e+07	100.75	97.2055
7252	1.40077e+07	97.682	94.2375
7265	1.38902e+07	97.903	94.4635
7296	1.38902e+07	97.604	94.1759
7150	1.38902e+07	97.604	94.1759
7222	1.38902e+07	96.109	92.7278
7168	1.38902e+07	97.292	93.8678
7125	1.38902e+07	95.511	92.1527
7184	1.38902e+07	95.745	92.3786
7187	1.38902e+07	96.395	93.0154
7125	1.38902e+07	96.005	92.6354
7252	1.38902e+07	95.576	92.2349
7212	1.38902e+07	97.37	93.9602
7245	1.38902e+07	96.876	93.4775
7204	1.38902e+07	96.98	93.57
7134	1.38902e+07	96.642	93.2413
7034	1.38902e+07	95.862	92.4813
7000	1.38902e+07	94.302	90.9717
7141	1.38902e+07	94.237	90.9203
7116	1.38902e+07	94.666	91.3311
7116	1.38902e+07	95.901	92.5327
7089	1.38902e+07	94.952	91.6289
7002	1.38902e+07	94.328	90.9922
6925	1.38902e+07	92.534	89.2566
6971	1.38902e+07	92.82	89.5749
6944	1.38902e+07	92.82	89.5749
7046	1.38902e+07	93.08	89.8009
7019	1.38902e+07	94.224	90.9203
7126	1.38902e+07	94.822	91.5057
7098	1.38902e+07	95.758	92.3889
7091	1.38902e+07	94.107	90.8073
7040	1.38902e+07	95.498	92.1322
7008	1.38902e+07	94.042	90.7149
6930	1.38902e+07	93.262	89.9857
6967	1.38902e+07	92.222	88.969
7052	1.38902e+07	93.704	90.4068
6973	1.38902e+07	94.289	90.9819
6892	1.38902e+07	93.236	89.9447
6966	1.38902e+07	92.144	88.9074
6885	1.38902e+07	92.95	89.6776
6925	1.38902e+07	92.209	88.969
6890	1.38902e+07	92.768	89.503
6931	1.38902e+07	92.079	88.8252
6894	1.38902e+07	92.898	89.6366
6787	1.38902e+07	92.157	88.9177
6919	1.38902e+07	91.065	87.8496
6935	1.38902e+07	92.365	89.0922
6890	1.38902e+07	93.119	89.8317
6864	1.38902e+07	92.196	88.9382
6931	1.38902e+07	92.066	88.8252
6894	1.38902e+07	92.755	89.4825
6894	1.38902e+07	93.015	89.7598
6894	1.38902e+07	92.469	89.2052
6868	1.38902e+07	92.144	88.9177
6969	1.38902e+07	93.392	90.1295
6885	1.38902e+07	91.91	88.6814
6970	1.38902e+07	93.704	90.4068
6941	1.38902e+07	93.548	90.263
6926	1.38902e+07	92.014	88.7636
7081	1.38902e+07	94.484	91.1257
7048	1.38902e+07	94.991	91.6392
6863	1.38902e+07	93.86	90.5506
6842	1.38902e+07	92.04	88.7944
6912	1.38902e+07	91.221	87.9831
6988	1.38902e+07	93.392	90.0987
7079	1.38902e+07	93.912	90.6019
6947	1.38902e+07	94.744	91.403
6922	1.38902e+07	92.287	89.0306
6822	1.38902e+07	92.599	89.3387
6987	1.38902e+07	91.663	88.4144
7050	1.38902e+07	93.34	90.0576
6870	1.38902e+07	94.146	90.8279
6971	1.38902e+07	92.079	88.8355
6955	1.38902e+07	93.496	90.1911
6803	1.38902e+07	92.794	89.5236
6952	1.38902e+07	91.325	88.0961
6959	1.38902e+07	92.651	89.3695
6934	1.38902e+07	93.392	90.109
6920	1.38902e+07	93.002	89.729
6877	1.38902e+07	92.222	88.9895
6804	1.38902e+07	92.404	89.1436
7010	1.38902e+07	90.597	87.408
7010	1.38902e+07	93.002	89.7393
7005	1.38902e+07	93.99	90.6944
6894	1.38902e+07	92.846	89.5749
6885	1.38902e+07	91.169	87.9728
6448	1.38902e+07	88.647	85.508
6412	1.38902e+07	84.903	81.9032
6426	1.38902e+07	85.137	82.1497
4403	1.38902e+07	74.165	71.6332
3713	1.38902e+07	46.865	45.188
3724	1.38902e+07	33.8065	44.1302
3766	1.38902e+07	46.683	44.9004
3750	1.38902e+07	47.3525	45.5474
3765	1.38902e+07	46.709	44.9312
3809	1.38902e+07	47.1445	45.3523
3838	1.38902e+07	47.892	46.0609
3764	1.38902e+07	47.5865	45.7734
3757	1.38902e+07	46.995	45.1983
3916	1.38902e+07	47.1835	45.3831
3919	1.38902e+07	49.2895	47.4063
3942	1.38902e+07	49.595	47.6939
3973	1.38902e+07	49.712	47.8068
3919	1.38902e+07	49.972	48.0636
4028	1.38902e+07	49.634	47.7247
4009	1.38902e+07	50.843	48.9057
4046	1.38902e+07	50.843	48.9057
4016	1.38902e+07	50.973	49.0187
4024	1.38902e+07	50.8625	48.916
4025	1.38902e+07	50.791	48.8441
4037	1.38902e+07	50.739	48.8441
4003	1.38902e+07	51.129	49.1625
4024	1.38902e+07	50.388	48.4539
4024	1.38902e+07	50.6285	48.6798
4054	1.38902e+07	51.259	49.3063
4136	1.38902e+07	52.0585	50.0662
4088	1.38902e+07	51.9545	49.9635
4080	1.38902e+07	51.831	49.8403
4045	1.38902e+07	50.9145	48.9571
4047	1.38902e+07	51.2525	49.296
4048	1.38902e+07	51.012	49.0495
4100	1.38902e+07	51.5385	49.5733
4099	1.38902e+07	52.2015	50.1998
4023	1.38902e+07	50.9795	49.0392
4049	1.38902e+07	50.9795	49.0392
4123	1.38902e+07	51.844	49.8608
4203	1.38902e+07	52.572	50.5695
4139	1.38902e+07	53.313	51.2678
4056	1.38902e+07	51.961	49.9944
4128	1.38902e+07	51.558	49.5938
4146	1.38902e+07	52.559	50.5489
4100	1.38902e+07	52.559	50.5489
4117	1.38902e+07	51.935	49.9533
4090	1.38902e+07	52.1755	50.1895
4102	1.38902e+07	51.701	49.7376
4206	1.38902e+07	51.9155	49.9225
4098	1.38902e+07	53.339	51.3089
4086	1.40251e+07	51.8375	49.8403
4064	1.39081e+07	51.8375	49.9019
4090	1.39081e+07	51.571	49.6041
4083	1.39081e+07	51.571	49.6041
4139	1.39081e+07	51.753	49.789
4167	1.39081e+07	52.494	50.4873
4157	1.39081e+07	52.494	50.4873
4157	1.39081e+07	52.897	50.8776
4104	1.39081e+07	52.13	50.1381
4164	1.39081e+07	52.5135	50.4976
4181	1.39081e+07	53.118	51.1035
4095	1.39081e+07	51.961	49.9841
4147	1.39081e+07	52.7345	50.7133
4122	1.39081e+07	52.208	50.2203
4065	1.39081e+07	52.156	50.1484
4087	1.39081e+07	51.2135	49.2446
4172	1.39081e+07	52.559	50.5489
4138	1.39081e+07	53.0075	50.9905
4144	1.39081e+07	52.2535	50.2614
4162	1.39081e+07	52.9815	50.9597
4127	1.39081e+07	52.572	50.5797
4129	1.39081e+07	52.4355	50.436
4156	1.39081e+07	52.2925	50.2922
4155	1.39081e+07	52.962	50.9495
4140	1.39081e+07	52.2795	50.2819
4192	1.39081e+07	52.611	50.6003
4077	1.39081e+07	52.9685	50.9495
4142	1.39081e+07	51.662	49.6965
4140	1.39081e+07	52.78	50.7646
4068	1.39081e+07	52.4615	50.4565
4068	1.39081e+07	51.6425	49.6554
4119	1.39081e+07	51.5255	49.5527
4232	1.39081e+07	52.273	50.2716
4149	1.39081e+07	53.8915	51.8327
4073	1.39081e+07	52.9685	50.9495
4092	1.39081e+07	51.636	49.6657
4096	1.39081e+07	51.7725	49.789
4138	1.39081e+07	51.7725	49.789
4138	1.39081e+07	52.416	50.4154
4151	1.39081e+07	52.637	50.6414
4013	1.39081e+07	51.4865	49.5322
4092	1.39081e+07	51.207	49.2446
4030	1.39081e+07	51.428	49.4706
4053	1.39081e+07	51.038	49.0906
3937	1.39081e+07	51.389	49.4192
3312	1.39081e+07	42.9975	41.3676
3293	1.39081e+07	40.17	38.6357
3321	1.39081e+07	40.43	28.6995
3273	1.39081e+07	40.105	38.5844
3248	1.39081e+07	40.04	38.5125
2989	1.39081e+07	37.3555	35.945
3005	1.39081e+07	35.88	34.5226
2987	1.39081e+07	35.88	34.5226
3045	1.39081e+07	35.958	34.5996
3026	1.39081e+07	36.582	35.1902
2920	1.39081e+07	35.802	34.4456
2871	1.39081e+07	34.489	33.1772
2852	1.4e+07	33.9625	32.674
2908	1.38932e+07	33.7545	32.484
2877	1.38932e+07	34.684	33.3672
2822	1.38932e+07	33.9625	32.6637
2752	1.38932e+07	33.2605	31.9962
2777	1.38932e+07	32.2855	31.0565
2833	1.38932e+07	32.7275	31.4827
2770	1.38932e+07	33.462	32.1862
2768	1.40247e+07	32.682	31.4365
2778	1.39119e+07	32.513	31.2773
2738	1.39119e+07	32.682	31.4467
2750	1.39119e+07	32.331	31.1078
2750	1.39119e+07	32.331	31.1078
2770	1.39119e+07	32.76	31.5135
2721	1.39119e+07	31.8695	30.6559
2685	1.39119e+07	31.6355	30.4403
2725	1.39119e+07	31.525	30.3324
2739	1.39119e+07	32.448	31.2105
2691	1.39119e+07	31.8695	30.6662
2685	1.39119e+07	31.2845	30.0962
2689	1.39119e+07	31.473	30.276
2659	1.39119e+07	31.265	30.0706
2668	1.39119e+07	31.2	30.0192
2654	1.39119e+07	31.2	30.0192
2596	1.39119e+07	30.5305	29.3671
2654	1.39119e+07	30.4525	29.2952
2687	1.39119e+07	31.1545	29.973
2683	1.39119e+07	31.473	30.2811
2688	1.39119e+07	31.3365	30.1424
2678	1.39119e+07	31.4275	30.2297
2708	1.4007e+07	31.4275	30.2297
2692	1.3894e+07	31.6095	30.4043
2667	1.3894e+07	31.6095	30.4043
2674	1.3894e+07	31.0505	29.86
2702	1.3894e+07	31.408	30.2092
2690	1.3894e+07	31.5965	30.3941
2705	1.3894e+07	31.447	30.2554
2686	1.3894e+07	31.5835	30.3787
2684	1.3894e+07	31.4925	30.2914
2711	1.3894e+07	31.4925	30.2914
2674	1.3894e+07	31.6615	30.4608
2689	1.3894e+07	31.33	30.1322
2678	1.3894e+07	31.499	30.3016
2678	1.3894e+07	31.252	30.05
2691	1.3894e+07	31.6355	30.4403
2685	1.3894e+07	31.278	30.086
2652	1.3894e+07	30.901	29.7162
2653	1.3894e+07	30.966	29.783
2665	1.3894e+07	30.966	29.783
2717	1.3894e+07	31.6095	30.4043
2687	1.3894e+07	31.5575	30.4043
1079	1.3894e+07	23.5755	22.6197
521	1.3894e+07	0	0
517	1.3894e+07	0	0
517	1.3894e+07	0	0
520	1.3894e+07	0	0
520	1.3894e+07	0	0
523	1.3894e+07	0	0
518	1.3894e+07	0	0
523	1.3894e+07	0	0
522	1.3894e+07	0	0
529	1.3894e+07	0	0
525	1.3894e+07	0	0
528	1.3894e+07	0	0
526	1.3894e+07	0	0
529	1.3894e+07	0	0
526	1.3894e+07	0	0
525	1.3894e+07	0	0
522	1.3894e+07	0	0
523	1.3894e+07	0	0
525	1.3894e+07	0	0
520	1.3894e+07	0	0
526	1.3894e+07	0	0
526	1.3894e+07	0	0
525	1.3894e+07	0	0
527	1.3894e+07	0	0
524	1.3894e+07	0	0
525	1.3894e+07	0	0
521	1.3894e+07	0	0
524	1.3894e+07	0	0
521	1.3894e+07	0	0
522	1.3894e+07	0	0
520	1.3894e+07	0	0
521	1.3894e+07	0	0
518	1.3894e+07	0	0
523	1.3894e+07	0	0
521	1.3894e+07	0	0
521	1.3894e+07	0	0
522	1.3894e+07	0	0
521	1.3894e+07	0	0
521	1.3894e+07	0	0
524	1.3894e+07	0	0
522	1.39667e+07	0	0
519	1.38959e+07	0	0
524	1.38959e+07	0	0
525	1.38959e+07	0	0
527	1.38959e+07	0	0
528	1.38959e+07	0	0
529	1.38959e+07	0	0
524	1.38959e+07	0	0
527	1.38959e+07	0	0
522	1.38959e+07	0	0
528	1.38959e+07	0	0
1703	1.38959e+07	0	0
1703	1.38959e+07	0.78	0.6162
2693	1.38959e+07	1.95	1.5405
2689	1.38959e+07	3.9	3.081
2695	1.38959e+07	7.8	6.162
2674	1.38959e+07	19.5	15.405
2719	1.38959e+07	38.9727	30.81
2668	1.38959e+07	48.5407	46.7716
2685	1.38959e+07	46.5465	44.9467
2669	1.38959e+07	30.7645	29.6341
2658	1.38959e+07	30.9595	29.6341
2672	1.38959e+07	30.8685	29.7419
2684	1.38959e+07	31.0602	29.9242
2676	1.38959e+07	31.2032	30.0629
2719	1.38959e+07	31.0667	29.9293
2667	1.38959e+07	31.6842	30.5276
2662	1.38959e+07	30.8457	29.7188
2636	1.38959e+07	30.8457	29.7188
2665	1.38959e+07	30.5208	29.4056
2681	1.38959e+07	30.9042	29.7753
2686	1.38959e+07	31.2065	30.0629
2678	1.38959e+07	31.2065	30.0629
2667	1.38959e+07	31.1122	29.9756
2654	1.38959e+07	31.1122	29.9756
2664	1.38959e+07	30.706	29.5853
2663	1.38959e+07	30.8848	29.5853
2687	1.38959e+07	30.953	29.8189
2674	1.38959e+07	31.174	30.0346
2694	1.38959e+07	31.0537	29.9242
2688	1.38959e+07	31.3202	30.1758
2720	1.38959e+07	31.3202	30.1758
2658	1.38959e+07	31.473	30.3222
2658	1.38959e+07	31.0082	29.8754
2678	1.38959e+07	31.0082	29.8754
2653	1.38959e+07	30.8165	29.688
2690	1.38959e+07	30.8165	29.9627
2693	1.38959e+07	31.3398	29.9627
2682	1.38959e+07	31.3398	29.8652
2684	1.38959e+07	31.2617	29.8652
2703	1.38959e+07	31.2617	30.2426
2696	1.38959e+07	31.3885	30.2426
2692	1.38959e+07	31.3885	30.4043
2652	1.38959e+07	30.94	30.4043
2591	1.38959e+07	30.94	29.1668
2616	1.38959e+07	30.2738	29.1668
2609	1.38959e+07	30.2153	29.1077
2634	1.38959e+07	30.2153	29.1077
2602	1.38959e+07	30.2153	29.1719
2637	1.38959e+07	30.2803	29.1719
2680	1.38959e+07	30.1567	29.0487
2619	1.38959e+07	30.823	29.7573
2617	1.38959e+07	30.8848	29.7573
2617	1.38959e+07	30.1567	29.0538
2604	1.38959e+07	30.2867	29.0538
2632	1.38959e+07	30.2867	28.9922
2687	1.38959e+07	30.0982	28.9922
2629	1.38959e+07	30.4525	29.9242
2646	1.38959e+07	31.0602	29.9242
2627	1.38959e+07	30.4525	29.3388
2605	1.38959e+07	30.5955	29.4775
2679	1.38959e+07	30.3387	29.2336
2614	1.38959e+07	30.1145	29.0153
2663	1.38959e+07	31.0635	29.9319
2663	1.38959e+07	30.4395	29.5622
2656	1.38959e+07	30.6833	29.5622
2646	1.38959e+07	30.901	29.7727
2587	1.38959e+07	30.901	29.7727
2649	1.38959e+07	30.0203	29.2541
2638	1.38959e+07	30.3615	29.2541
2629	1.38959e+07	31.0115	29.8754
2673	1.38959e+07	30.42	29.3106
2672	1.38959e+07	30.8002	29.6726
2643	1.38959e+07	31.0895	29.955
2621	1.38959e+07	31.0895	29.955
2620	1.38959e+07	30.615	29.5006
2662	1.38959e+07	30.251	29.1437
2669	1.38959e+07	30.615	29.4929
2632	1.38959e+07	31.1838	30.0423
2626	1.40024e+07	30.9075	29.7779
2666	1.38819e+07	30.6702	29.5468
2665	1.38819e+07	30.615	30.068
2648	1.38819e+07	31.2065	30.068
2667	1.38819e+07	30.9725	29.8395
2578	1.38819e+07	30.9725	29.8395
2621	1.38819e+07	30.0072	29.8395
2631	1.38819e+07	30.0072	28.91
2648	1.38819e+07	30.3713	29.2592
2637	1.38819e+07	30.628	29.5108
2674	1.38819e+07	30.8002	29.67
2690	1.38819e+07	30.8002	29.67
2678	1.38819e+07	31.2682	30.1245
2645	1.38819e+07	31.5055	30.353
2677	1.38819e+07	31.226	30.0808
2664	1.38819e+07	30.8263	29.7008
2664	1.38819e+07	31.1675	30.0269
2670	1.38819e+07	31.0992	29.9602
2630	1.38819e+07	31.0992	29.9602
2626	1.38819e+07	30.6735	29.2875
2652	1.38819e+07	30.4005	29.2875
2658	1.38819e+07	30.7157	29.593
2677	1.38819e+07	30.8717	29.7471
2714	1.38819e+07	31.0928	29.955
2689	1.38819e+07	31.6615	30.5019
2683	1.38819e+07	31.252	30.2888
2699	1.38819e+07	31.252	30.1116
2661	1.38819e+07	31.5087	30.3581
2333	1.38819e+07	31.2325	30.0962
1876	1.38819e+07	30.8522	29.7214
1879	1.38819e+07	21.5215	20.7428
1884	1.38819e+07	19.5227	18.8146
1888	1.40083e+07	19.7437	19.0252
1797	1.38954e+07	19.7437	19.0252
1636	1.38954e+07	19.7437	19.0252
1649	1.38954e+07	17.4395	16.812
1647	1.38954e+07	16.042	15.4615
1640	1.38954e+07	16.263	15.672
1550	1.38954e+07	16.211	15.6207
1490	1.38954e+07	16.211	15.6207
1489	1.38954e+07	14.7387	14.1983
1499	1.38954e+07	13.8645	13.3638
1477	1.38954e+07	13.8645	13.3638
1412	1.38954e+07	14.0822	13.5692
1382	1.38954e+07	13.8287	13.3253
1392	1.38954e+07	12.961	12.496
1396	1.38954e+07	9.1351	11.9851
1396	1.38954e+07	12.4709	11.9851
1395	1.38954e+07	12.4709	12.0621
1347	1.38954e+07	12.5983	12.1443
1330	1.38954e+07	12.1797	11.7437
1328	1.38954e+07	11.7026	11.2816
1318	1.38954e+07	11.5804	11.1635
1321	1.38954e+07	11.5804	11.1635
1306	1.38954e+07	11.5219	11.1019
1290	1.38954e+07	11.5739	11.1584
1289	1.38954e+07	11.076	10.6782
1289	1.38954e+07	11.076	10.6782
1303	1.38954e+07	11.076	10.6782
1300	1.38954e+07	11.1423	10.7399
1287	1.38954e+07	11.1423	10.7399
1278	1.46474e+07	11.1423	10.7399
1290	1.38972e+07	11.0227	10.6243
1313	1.38972e+07	10.9369	10.5422
1300	1.38972e+07	11.1397	10.7373
1294	1.38972e+07	11.2229	10.8169
1311	1.38972e+07	11.1176	10.7167
1306	1.38972e+07	11.1176	10.7167
1301	1.38972e+07	11.2801	10.8734
1291	1.38972e+07	11.1826	10.7784
1290	1.38972e+07	11.1826	10.7784
1294	1.38972e+07	10.9928	10.5961
1298	1.38972e+07	11.0565	10.6551
1290	1.38972e+07	11.0565	10.6551
1287	1.38972e+07	11.1124	10.7116
1289	1.38972e+07	11.024	10.6269
1279	1.38972e+07	10.9499	10.555
1283	1.38972e+07	11.0162	10.6166
1283	1.38972e+07	10.8732	10.4805
1279	1.38972e+07	10.8732	10.4805
1285	1.38972e+07	10.8732	10.4805
1301	1.38972e+07	10.9525	10.5601
1303	1.38972e+07	11.1189	10.7167
1291	1.38972e+07	11.1943	10.7886
1299	1.38972e+07	11.0539	10.6551
1295	1.38972e+07	11.0539	10.6551
1280	1.38972e+07	11.0539	10.6551
1285	1.38972e+07	10.9278	10.5319
1295	1.38972e+07	10.803	10.4112
1303	1.38972e+07	11.0305	10.6346
1291	1.38972e+07	11.1553	10.7527
1286	1.38972e+07	11.0812	10.6808
1294	1.38972e+07	10.9889	10.5909
1301	1.38972e+07	10.9889	10.5909
1284	1.38972e+07	11.193	10.7886
1288	1.38972e+07	11.0669	10.668
1296	1.38972e+07	10.868	10.4754
1294	1.38972e+07	11.0136	10.6166
1288	1.38972e+07	11.0747	10.6731
1302	1.38972e+07	10.9954	10.5986
1298	1.38972e+07	10.9954	10.5986
1301	1.38972e+07	11.1046	10.7013
1295	1.38972e+07	10.9863	10.5909
1278	1.38972e+07	11.1423	10.7424
1287	1.38972e+07	11.0266	10.6294
1287	1.38972e+07	10.7978	10.4061
1302	1.38972e+07	10.8979	10.5062
1294	1.38972e+07	10.8979	10.5062
1289	1.38972e+07	11.0916	10.6936
1289	1.38972e+07	10.9902	10.5935
1292	1.38972e+07	10.8953	10.5036
1292	1.38972e+07	11.0136	10.6166
1300	1.38972e+07	11.0136	10.6166
1296	1.38972e+07	11.0136	10.6166
1285	1.38972e+07	11.0643	10.6166
1298	1.38972e+07	10.9356	10.5396
1304	1.38972e+07	10.9356	10.5396
1302	1.38972e+07	11.167	10.763
1285	1.38972e+07	11.0877	10.6885
1301	1.38972e+07	11.0877	10.6885
1297	1.38972e+07	10.9954	10.5986
1293	1.38972e+07	11.1228	10.7219
1295	1.38972e+07	10.9785	10.5832
1298	1.38972e+07	10.9785	10.5832
1306	1.38972e+07	10.9785	10.5832
1298	1.38972e+07	11.1436	10.7424
1301	1.38972e+07	11.1436	10.7424
1298	1.38972e+07	10.9811	10.5858
1306	1.38972e+07	10.9811	10.5858
1306	1.38972e+07	11.0526	10.6551
1303	1.38972e+07	11.0526	10.6551
1293	1.38972e+07	11.1514	10.7501
1293	1.38972e+07	10.9863	10.5909
1300	1.38972e+07	10.9863	10.5909
1289	1.38972e+07	11.1033	10.7013
1282	1.38972e+07	11.1033	10.7013
1295	1.38972e+07	10.9122	10.5165
1305	1.38972e+07	10.9122	10.5165
1312	1.38972e+07	10.9798	10.5832
1303	1.38972e+07	11.1137	10.7116
1303	1.38972e+07	11.2008	10.7938
1299	1.38972e+07	11.1436	10.7399
1302	1.38972e+07	11.1436	10.7399
1302	1.38972e+07	11.1436	10.7399
1281	1.38972e+07	11.1995	10.7963
1294	1.38972e+07	10.9525	10.5601
1289	1.38972e+07	11.0201	10.6217
1281	1.38972e+07	10.9434	10.5499
1285	1.38972e+07	10.9434	10.5499
1288	1.38972e+07	10.8199	10.4292
1294	1.38972e+07	11.0045	10.6063
1286	1.38972e+07	10.9213	10.5293
1293	1.38972e+07	11.0136	10.614
657	1.38972e+07	11.0136	10.614
538	1.38972e+07	8.5566	8.25708
530	1.38972e+07	0	0
533	1.38972e+07	0	0
