scalerS16b	IPM2C21A	IPM2C24A	
571	1.38972e+07	0	0
567	1.38972e+07	0	0
567	1.38972e+07	0	0
570	1.38972e+07	0	0
9632	1.38972e+07	0	0
10034	1.38972e+07	0	0
9936	1.38972e+07	0.78	0.6162
10044	1.38972e+07	1.95	1.5405
10023	1.38972e+07	3.9	3.081
10132	1.38972e+07	7.8	6.162
10107	1.38972e+07	16.6189	14.3269
10175	1.38972e+07	16.8883	16.357
10175	1.38972e+07	16.9494	16.357
10143	1.38972e+07	11.0071	10.6089
10023	1.38972e+07	11.0071	10.6089
10100	1.38972e+07	10.8589	10.4631
10100	1.40166e+07	10.9239	10.5278
10036	1.40166e+07	10.9239	10.5278
10216	1.38904e+07	10.9239	10.5278
10179	1.38904e+07	10.9239	10.5278
10184	1.38904e+07	11.1332	10.728
10120	1.38904e+07	10.9642	10.5678
10016	1.38904e+07	11.0214	10.6202
10139	1.38904e+07	10.9031	10.5072
10245	1.38904e+07	10.9031	10.5072
10234	1.38904e+07	11.0682	10.6654
10049	1.38904e+07	11.0682	10.6654
10118	1.38904e+07	11.0682	10.6654
10153	1.41682e+07	10.881	10.4857
9987	1.38895e+07	11.0136	10.614
10045	1.38895e+07	10.9135	10.5175
10100	1.38895e+07	10.9135	10.5175
9968	1.38895e+07	10.8615	10.5175
10015	1.38895e+07	10.9395	10.5175
10056	1.38895e+07	10.7939	10.4035
10204	1.38895e+07	10.7939	10.4035
10161	1.38895e+07	10.9278	10.5298
10287	1.38895e+07	11.0695	10.6716
10208	1.38895e+07	11.0097	10.6099
10020	1.38895e+07	11.1111	10.7075
9926	1.38895e+07	11.0383	10.6387
9968	1.38895e+07	10.8784	10.4846
10085	1.38895e+07	10.7627	10.3727
10085	1.38895e+07	10.7627	10.3727
10031	1.38895e+07	10.8862	10.4929
10046	1.38895e+07	10.8862	10.4929
10200	1.38895e+07	10.8862	10.4929
10257	1.38895e+07	11.0214	10.6212
10192	1.38895e+07	11.0851	10.6859
10249	1.38895e+07	11.0851	10.6859
10186	1.38895e+07	11.0344	10.6356
10196	1.38895e+07	11.0344	10.6356
10093	1.38895e+07	11.0344	10.6356
9982	1.38895e+07	11.0344	10.6356
10056	1.38895e+07	10.855	10.462
9923	1.38895e+07	10.8017	10.4117
10010	1.38895e+07	10.8017	10.4117
10033	1.38895e+07	10.6886	10.3039
9948	1.38895e+07	10.9486	10.5514
10141	1.38895e+07	10.8043	10.4128
10221	1.38895e+07	10.8043	10.4128
10307	1.38895e+07	10.9902	10.5935
9991	1.38895e+07	11.1683	10.763
10046	1.38895e+07	11.0825	10.6787
9999	1.38895e+07	10.8485	10.4579
10167	1.38895e+07	10.8485	10.4579
10178	1.38895e+07	10.8485	10.4579
10056	1.38895e+07	11.0123	10.611
10144	1.38895e+07	11.0123	10.611
10120	1.38895e+07	10.855	10.4631
10016	1.38895e+07	11.0292	10.6305
10052	1.38895e+07	10.9603	10.5617
10233	1.38895e+07	10.8381	10.4436
10233	1.38895e+07	10.9291	10.5329
10106	1.38895e+07	11.0357	10.6356
10221	1.38895e+07	10.9655	10.5678
10186	1.38895e+07	11.076	10.6746
10171	1.38895e+07	11.076	10.6746
10119	1.38895e+07	10.9616	10.5658
10133	1.38895e+07	10.9616	10.5658
10228	1.38895e+07	10.9616	10.5658
10053	1.38895e+07	11.076	10.6736
10132	1.38895e+07	11.0058	10.6079
10097	1.38895e+07	10.8537	10.4631
10257	1.38895e+07	10.9603	10.5627
10102	1.38895e+07	11.0617	10.6623
10083	1.38895e+07	10.933	10.5401
10119	1.38895e+07	10.933	10.5401
10152	1.38895e+07	10.933	10.5401
10130	1.38895e+07	10.933	10.5401
10165	1.40042e+07	10.933	10.5401
10179	1.38906e+07	11.0292	10.6274
10064	1.38906e+07	10.9668	10.5689
10069	1.38906e+07	11.0513	10.652
10207	1.38906e+07	10.8706	10.4754
10233	1.38906e+07	10.9616	10.5647
10153	1.38906e+07	11.0786	10.6777
10173	1.38906e+07	11.0786	10.6777
10170	1.38906e+07	11.0188	10.6192
10240	1.38906e+07	11.0188	10.6192
10139	1.38906e+07	11.0188	10.6192
10240	1.38906e+07	11.0188	10.6192
10129	1.38906e+07	11.0188	10.6192
10205	1.38906e+07	11.141	10.7383
10205	1.38906e+07	10.9421	10.5452
10099	1.38906e+07	11.0578	10.6562
9958	1.38906e+07	10.9421	10.5442
10057	1.38906e+07	10.8316	10.4353
10184	1.38906e+07	10.8316	10.4353
10191	1.38906e+07	10.9707	10.5719
10188	1.38906e+07	11.0747	10.6726
10222	1.38906e+07	11.0747	10.6726
9949	1.38906e+07	11.0747	10.6726
10040	1.38906e+07	10.8693	10.4775
10118	1.38906e+07	10.8693	10.4775
10038	1.38906e+07	10.8693	10.4775
10146	1.38906e+07	10.9499	10.5535
6597	1.38906e+07	10.855	10.46
526	1.38906e+07	10.855	10.46
532	1.38906e+07	1.9383	1.84757
529	1.38906e+07	0	0
537	1.38906e+07	0	0
529	1.38906e+07	0	0
534	1.38906e+07	0	0
535	1.38906e+07	0	0
534	1.38906e+07	0	0
536	1.38906e+07	0	0
538	1.38906e+07	0	0
538	1.38906e+07	0	0
532	1.38906e+07	0	0
533	1.38906e+07	0	0
529	1.38906e+07	0	0
531	1.38906e+07	0	0
527	1.40078e+07	0	0
530	1.38603e+07	0	0
530	1.38603e+07	0	0
525	1.38603e+07	0	0
529	1.38603e+07	0	0
530	1.38603e+07	0	0
534	1.38603e+07	0	0
531	1.38603e+07	0	0
532	1.38603e+07	0	0
534	1.38603e+07	0	0
530	1.38603e+07	0	0
529	1.38603e+07	0	0
529	1.38603e+07	0	0
534	1.38603e+07	0	0
532	1.38603e+07	0	0
532	1.38603e+07	0	0
531	1.38603e+07	0	0
535	1.38603e+07	0	0
527	1.38603e+07	0	0
533	1.38603e+07	0	0
528	1.38603e+07	0	0
534	1.38603e+07	0	0
532	1.38603e+07	0	0
537	1.38603e+07	0	0
531	1.38603e+07	0	0
530	1.38603e+07	0	0
528	1.38603e+07	0	0
528	1.38603e+07	0	0
530	1.38603e+07	0	0
528	1.38603e+07	0	0
529	1.38603e+07	0	0
4693	1.38603e+07	0	0
9962	1.38603e+07	0	0
9962	1.38603e+07	0.733421	0.606433
10062	1.38603e+07	1.95	1.5405
10033	1.38603e+07	3.9	3.081
10041	1.38603e+07	7.8	6.162
9823	1.38603e+07	16.6049	14.2776
9885	1.38603e+07	16.4463	15.9175
9952	1.38603e+07	16.4463	15.8158
10089	1.38603e+07	10.7601	10.3727
18149	1.38603e+07	10.881	10.4888
21339	1.38603e+07	15.7313	15.1862
20997	1.40139e+07	23.7003	22.8312
21107	1.38951e+07	23.7003	22.8312
20900	1.38951e+07	23.53	22.6721
23223	1.38951e+07	23.4715	22.6135
24016	1.38951e+07	24.2684	23.3776
24007	1.38951e+07	26.7254	25.7459
23736	1.38951e+07	26.9984	38.8771
23991	1.41408e+07	26.7644	25.8085
27495	1.38913e+07	26.7644	25.8085
28351	1.38913e+07	27.6432	26.6635
28199	1.38913e+07	31.6316	30.4891
28367	1.38913e+07	47.7165	30.8742
28300	1.38913e+07	31.4665	30.3247
27781	1.38913e+07	32.318	31.1489
28241	1.38913e+07	31.7428	30.5969
28285	1.38913e+07	31.317	30.181
28331	1.38913e+07	31.8597	30.7022
28517	1.38913e+07	31.8597	30.7022
27954	1.38913e+07	31.8597	30.7022
27946	1.38913e+07	32.071	30.9101
27721	1.38913e+07	31.5152	30.371
28145	1.38913e+07	31.4405	30.3068
28145	1.38913e+07	31.2845	30.1553
28313	1.38913e+07	31.759	30.6046
27506	1.38913e+07	31.8305	30.6816
27878	1.38913e+07	31.148	30.0192
27743	1.38913e+07	31.2	30.0783
27913	1.38913e+07	31.3918	30.2554
27571	1.38913e+07	31.3918	30.2554
27963	1.38913e+07	31.1252	29.9987
27875	1.38913e+07	31.4438	30.3042
27635	1.38913e+07	31.239	30.1065
27986	1.38913e+07	31.3202	30.1861
28046	1.38913e+07	31.3202	30.1861
27605	1.38913e+07	31.5672	30.4223
27914	1.38913e+07	31.2943	30.1656
27605	1.38913e+07	31.2943	30.1656
27780	1.38913e+07	31.083	29.9781
27683	1.38913e+07	31.1707	30.0372
27907	1.38913e+07	31.2617	30.1296
27765	1.38913e+07	31.1122	29.991
27369	1.38913e+07	31.5022	30.3633
534	1.38913e+07	31.2617	30.1296
530	1.38913e+07	22.6362	21.8648
536	1.38913e+07	0	0
533	1.38913e+07	0	0
538	1.38913e+07	0	0
537	1.38913e+07	0	0
534	1.38913e+07	0	0
534	1.38913e+07	0	0
533	1.38913e+07	0	0
533	1.38913e+07	0	0
532	1.38913e+07	0	0
533	1.38913e+07	0	0
536	1.38913e+07	0	0
534	1.38913e+07	0	0
537	1.38913e+07	0	0
532	1.38913e+07	0	0
534	1.38913e+07	0	0
534	1.38913e+07	0	0
537	1.38913e+07	0	0
537	1.38913e+07	0	0
538	1.38913e+07	0	0
533	1.38913e+07	0	0
536	1.38913e+07	0	0
534	1.38913e+07	0	0
535	1.38913e+07	0	0
534	1.38913e+07	0	0
533	1.38913e+07	0	0
534	1.38913e+07	0	0
534	1.38913e+07	0	0
534	1.38913e+07	0	0
535	1.38913e+07	0	0
537	1.38913e+07	0	0
532	1.38913e+07	0	0
534	1.38913e+07	0	0
532	1.38913e+07	0	0
533	1.38913e+07	0	0
530	1.38913e+07	0	0
535	1.38913e+07	0	0
535	1.38913e+07	0	0
531	1.38913e+07	0	0
535	1.38913e+07	0	0
531	1.38913e+07	0	0
531	1.38913e+07	0	0
528	1.38913e+07	0	0
5456	1.38913e+07	0	0
28125	1.38913e+07	0	0
28167	1.38913e+07	1.95	1.5405
28124	1.38913e+07	3.9	3.081
27934	1.38913e+07	7.8	6.162
28201	1.38913e+07	19.5	15.405
27943	1.38913e+07	39	30.81
27976	1.38913e+07	47.1393	45.795
27899	1.38913e+07	46.6927	45.0185
28269	1.38913e+07	31.6908	30.5378
27880	1.38913e+07	31.538	30.3992
27720	1.38913e+07	31.7817	30.6354
28076	1.38913e+07	31.265	30.1347
27631	1.38913e+07	31.499	30.3633
27735	1.38913e+07	31.4438	30.3042
27893	1.38913e+07	30.9042	29.783
27472	1.38913e+07	31.3625	30.2297
27947	1.38913e+07	31.07	29.9473
27943	1.38913e+07	31.1967	30.0731
27772	1.38913e+07	31.4373	30.2991
27334	1.38913e+07	31.6712	30.5276
27457	1.38913e+07	31.0863	29.9627
27354	1.38913e+07	30.8555	29.7419
28100	1.38913e+07	30.953	29.8395
27836	1.38913e+07	30.8295	29.7162
27836	1.38913e+07	31.564	30.4223
28096	1.38913e+07	31.4567	30.317
27857	1.38913e+07	31.6388	30.4968
27973	1.38913e+07	31.3755	30.24
28071	1.38913e+07	31.3755	30.24
27133	1.38913e+07	31.8533	30.6919
27528	1.38913e+07	30.4785	29.3748
27633	1.38913e+07	31.0408	29.9139
26858	1.38913e+07	31.239	30.1091
26993	1.38913e+07	30.3127	29.2156
27725	1.38913e+07	30.2087	29.1129
27743	1.38913e+07	31.122	29.9961
27666	1.38913e+07	31.265	30.1296
27442	1.38913e+07	31.0278	29.9062
27691	1.38913e+07	31.0863	29.9653
27713	1.38913e+07	31.0863	29.9653
27687	1.38913e+07	31.3235	30.1835
27884	1.38913e+07	31.1415	30.0115
27765	1.38913e+07	31.4925	30.3504
27076	1.38913e+07	31.1025	29.9807
27385	1.38913e+07	30.8652	29.7471
27576	1.38913e+07	30.6507	29.5417
28057	1.38913e+07	30.875	29.7522
27589	1.38913e+07	31.2325	30.1039
27229	1.38913e+07	31.3918	30.2529
27363	1.38913e+07	31.0537	29.937
26821	1.38913e+07	30.719	29.6084
27077	1.38913e+07	30.4362	29.3337
27316	1.38913e+07	30.3387	29.249
27494	1.38913e+07	30.5175	29.4133
27822	1.38913e+07	30.7612	29.6469
27822	1.38913e+07	30.9823	29.8575
27976	1.4011e+07	31.4535	30.3196
27369	1.38815e+07	31.356	30.2195
27442	1.38815e+07	30.8685	29.7522
27662	1.38815e+07	30.992	29.8703
27431	1.38815e+07	31.1512	30.0218
27586	1.38815e+07	30.823	29.7085
27529	1.38815e+07	30.9952	29.8729
27664	1.38815e+07	31.0895	29.9653
27687	1.38815e+07	31.1512	30.0218
27437	1.38815e+07	31.1512	30.0218
27565	1.39836e+07	31.1512	30.0218
27298	1.38843e+07	30.9237	29.8061
27228	1.38843e+07	30.719	29.6033
26763	1.38843e+07	30.7808	29.6675
27301	1.38843e+07	30.394	29.2952
27098	1.38843e+07	30.394	29.2952
27462	1.38843e+07	30.394	29.2952
27903	1.38843e+07	30.8067	29.6931
27159	1.38843e+07	31.2682	30.1347
27139	1.38843e+07	30.979	29.8626
27135	1.38843e+07	30.732	29.6238
27380	1.38843e+07	30.3842	29.2849
27601	1.38843e+07	30.745	29.6367
27525	1.38843e+07	30.745	29.6367
27471	1.38843e+07	31.1318	30.0038
27371	1.38843e+07	30.94	29.8164
27486	1.38843e+07	30.862	29.7419
27613	1.38843e+07	30.862	29.7419
27685	1.38843e+07	31.005	29.8908
27246	1.38843e+07	31.005	29.8908
27246	1.38843e+07	31.1642	30.032
27290	1.38843e+07	30.68	29.5699
27557	1.38843e+07	30.7645	29.6572
28010	1.38843e+07	31.07	29.9422
27586	1.38843e+07	31.421	30.2837
27505	1.38843e+07	31.161	30.0346
27795	1.40064e+07	30.9595	29.8421
27493	1.38942e+07	31.135	30.0115
27268	1.38942e+07	31.135	30.0115
27705	1.38942e+07	30.8035	29.688
27939	1.38942e+07	30.9692	29.8523
27937	1.38942e+07	31.4015	30.2657
28320	1.38942e+07	31.4567	30.3222
27653	1.38942e+07	31.7265	30.5841
27760	1.38942e+07	31.369	30.2426
27386	1.40098e+07	31.1252	29.9987
27716	1.38828e+07	31.1252	29.9987
28229	1.38828e+07	30.8522	29.7368
28123	1.38828e+07	31.6842	30.5378
27843	1.38828e+07	31.616	30.4711
27949	1.38828e+07	31.8077	30.6559
27696	1.38828e+07	31.1967	30.068
27597	1.38828e+07	31.1967	30.068
28017	1.38828e+07	31.096	29.9653
28043	1.38828e+07	31.1838	30.0577
27591	1.38828e+07	31.6225	30.4814
7445	1.38828e+07	31.5542	30.412
535	1.38828e+07	29.7148	28.6379
539	1.38828e+07	2.03125	1.96157
532	1.38828e+07	0	0
537	1.38828e+07	0	0
537	1.38828e+07	0	0
537	1.38828e+07	0	0
540	1.38828e+07	0	0
537	1.38828e+07	0	0
536	1.38828e+07	0	0
533	1.38828e+07	0	0
536	1.38828e+07	0	0
532	1.38828e+07	0	0
531	1.38828e+07	0	0
526	1.38828e+07	0	0
535	1.38828e+07	0	0
533	1.38828e+07	0	0
532	1.38828e+07	0	0
531	1.38828e+07	0	0
530	1.38828e+07	0	0
534	1.38828e+07	0	0
528	1.38828e+07	0	0
530	1.38828e+07	0	0
528	1.38828e+07	0	0
528	1.38828e+07	0	0
533	1.38828e+07	0	0
534	1.38828e+07	0	0
533	1.38828e+07	0	0
531	1.38828e+07	0	0
524	1.38828e+07	0	0
530	1.38828e+07	0	0
530	1.38828e+07	0	0
533	1.38828e+07	0	0
528	1.38828e+07	0	0
536	1.38828e+07	0	0
530	1.38828e+07	0	0
530	1.38828e+07	0	0
532	1.38828e+07	0	0
535	1.38828e+07	0	0
536	1.38828e+07	0	0
532	1.38828e+07	0	0
9652	1.38828e+07	0	0
28175	1.38828e+07	0.78	0.6162
28161	1.38828e+07	1.95	1.5405
28060	1.38828e+07	3.9	3.081
28422	1.38828e+07	7.8	6.162
28800	1.38828e+07	19.5	15.405
28253	1.38828e+07	39	30.81
28436	1.38828e+07	49.1881	47.3108
28803	1.38828e+07	47.268	45.7914
29734	1.38828e+07	32.1847	31.0231
38989	1.38828e+07	32.3895	31.2182
39057	1.38828e+07	41.4668	39.9272
38898	1.38828e+07	44.1252	42.5306
38897	1.38828e+07	44.5477	42.9337
39361	1.38828e+07	43.8262	42.2431
41324	1.38828e+07	44.408	42.8002
41698	1.38828e+07	46.0168	44.351
41398	1.38828e+07	46.6992	45.0083
41714	1.38828e+07	47.229	45.5115
42122	1.38828e+07	47.229	45.5115
42441	1.38828e+07	46.9072	45.2137
42249	1.38828e+07	48.4445	46.6849
42472	1.38828e+07	48.0967	46.3562
43338	1.38828e+07	47.7945	46.0686
44140	1.38828e+07	48.3795	46.6309
44275	1.38828e+07	49.1237	47.3447
44275	1.38828e+07	50.401	48.5797
43697	1.38828e+07	50.2808	48.459
43952	1.38828e+07	49.7185	47.9198
44023	1.38828e+07	50.076	48.269
44460	1.38828e+07	49.9622	48.1509
45128	1.38828e+07	50.2808	48.4667
45263	1.38828e+07	51.2168	49.3602
44918	1.38828e+07	51.4735	49.6118
44762	1.38828e+07	50.999	49.1599
45304	1.38828e+07	50.7098	48.8775
45700	1.38828e+07	51.1973	49.3473
45813	1.38828e+07	52.065	50.1818
46247	1.38828e+07	51.9123	50.038
46188	1.38828e+07	52.481	50.5875
45697	1.38828e+07	52.585	50.6824
46260	1.38828e+07	51.714	49.8454
45641	1.38828e+07	52.6662	50.7543
45414	1.38828e+07	52.091	50.2049
45910	1.38828e+07	51.9025	50.0277
45717	1.38828e+07	51.6522	49.7864
45469	1.38828e+07	52.1138	50.2331
45561	1.38828e+07	52.1138	50.2331
46343	1.38828e+07	51.7238	49.8506
46479	1.38828e+07	52.0325	50.1561
45941	1.38828e+07	52.728	50.8237
45738	1.38828e+07	52.4907	50.5977
45366	1.38828e+07	52.0715	50.1921
45987	1.38828e+07	51.7952	49.9302
45550	1.38828e+07	51.7952	49.9302
45485	1.38828e+07	51.9675	50.0919
45715	1.38828e+07	51.6847	49.8146
45715	1.38828e+07	51.5807	49.7196
45389	1.38828e+07	51.8635	49.9995
46134	1.38828e+07	51.675	49.8069
46139	1.38828e+07	52.2632	50.3769
44983	1.38828e+07	52.4193	50.5258
45584	1.38828e+07	51.2297	49.3782
45355	1.38828e+07	51.6263	49.7633
44633	1.38828e+07	51.6263	49.7633
45713	1.38828e+07	50.8885	49.0495
45564	1.38828e+07	51.7238	49.8249
44983	1.38828e+07	51.5872	49.7248
46232	1.38828e+07	51.3597	49.5065
45620	1.38828e+07	52.3737	50.5002
45190	1.38828e+07	51.7627	49.8917
45303	1.38828e+07	51.7627	49.8917
45542	1.38828e+07	51.1615	49.314
45236	1.38828e+07	51.493	49.6375
44871	1.38828e+07	51.7952	49.925
45541	1.38828e+07	50.817	48.9853
45473	1.38828e+07	51.3305	49.468
45742	1.38828e+07	52.0617	50.1792
46207	1.38828e+07	51.4897	49.6246
46157	1.38828e+07	52.091	50.2049
45456	1.38828e+07	52.5915	50.6927
45720	1.38828e+07	52.1235	50.246
45960	1.38828e+07	51.2038	49.3576
45374	1.38828e+07	52.3672	50.4745
45301	1.38828e+07	51.9772	50.1048
45903	1.38828e+07	51.363	49.5014
45605	1.38828e+07	51.558	49.6965
45899	1.38828e+07	52.156	50.2716
45899	1.38828e+07	51.4475	49.5913
46077	1.38828e+07	52.2048	50.3179
45301	1.38828e+07	52.312	50.4206
45556	1.38828e+07	51.2882	49.4372
44962	1.38828e+07	51.7725	49.9019
45114	1.38828e+07	51.025	49.1779
44511	1.38828e+07	51.3402	49.486
44920	1.38828e+07	50.635	48.8082
45390	1.38828e+07	51.0153	49.1779
45482	1.38828e+07	51.4345	49.5784
44626	1.38828e+07	51.6782	49.8095
45005	1.38828e+07	50.986	49.1419
44784	1.38828e+07	51.181	49.3294
45101	1.38828e+07	51.181	49.3294
45502	1.38828e+07	50.9307	49.0932
45578	1.38828e+07	51.6522	49.7838
45593	1.38828e+07	51.532	49.6657
45551	1.38828e+07	52.0617	50.1869
45832	1.38828e+07	51.649	49.7838
46267	1.38828e+07	51.8667	49.9918
45394	1.38828e+07	52.4615	50.5695
45148	1.38828e+07	52.0163	50.1433
60025	1.38828e+07	51.727	49.8557
68120	1.38828e+07	52.8353	50.9007
68003	1.38828e+07	76.2158	73.4433
67963	1.38828e+07	78.0325	118.696
67515	1.38828e+07	122.772	74.704
74912	1.38828e+07	77.5125	74.5499
80242	1.38828e+07	77.2005	74.2521
79731	1.38828e+07	89.154	85.7956
77935	1.38828e+07	91.8775	88.3733
77935	1.38828e+07	91.2795	87.8034
78889	1.38828e+07	89.505	86.0934
79387	1.38828e+07	90.2395	86.802
81071	1.38828e+07	91.026	87.5518
81737	1.38828e+07	93.184	89.6366
80659	1.38828e+07	93.886	90.3246
80232	1.38828e+07	92.456	88.9331
79778	1.38828e+07	92.6055	89.0871
79129	1.38828e+07	91.377	87.8958
79091	1.38828e+07	90.6555	87.2026
80652	1.38828e+07	90.7335	87.2899
79638	1.38828e+07	92.0985	88.589
80228	1.38828e+07	91.416	87.9471
79558	1.40059e+07	92.0855	88.5839
79987	1.39017e+07	91.598	88.1166
81059	1.39017e+07	91.2405	87.7674
80359	1.39017e+07	92.677	89.1385
81467	1.39017e+07	93.015	89.4825
80810	1.39017e+07	92.5535	89.0255
81492	1.39017e+07	93.054	89.5185
80570	1.39017e+07	93.2945	89.7547
80990	1.39017e+07	93.0995	89.5544
81378	1.39017e+07	92.287	88.7687
80431	1.39017e+07	93.2295	89.6776
81058	1.39017e+07	92.9825	89.4414
82041	1.39017e+07	91.793	88.3169
81458	1.39017e+07	93.7885	90.2219
81697	1.39017e+07	93.7235	90.1552
81316	1.39017e+07	93.1645	89.6263
80181	1.39017e+07	94.2305	90.6687
80379	1.39017e+07	92.7485	89.2104
80379	1.39017e+07	92.1245	88.625
81628	1.39017e+07	92.3975	88.8714
80206	1.39017e+07	93.808	90.2374
79053	1.39017e+07	91.7865	88.3117
81321	1.39017e+07	90.9025	87.4336
80843	1.39017e+07	93.0735	89.5339
81457	1.39017e+07	92.8525	89.313
81947	1.39017e+07	93.288	89.7393
80103	1.39017e+07	93.691	90.1295
80243	1.39017e+07	92.4105	88.892
81593	1.39017e+07	92.339	88.8201
80122	1.39017e+07	92.8135	89.2771
80467	1.39017e+07	92.079	88.5787
80968	1.39017e+07	92.3975	88.8868
79191	1.39017e+07	92.3975	88.8868
79398	1.39017e+07	91.4485	87.9574
81031	1.39017e+07	91.1495	87.6801
81616	1.39017e+07	91.7865	88.3015
82924	1.39017e+07	93.0605	89.5133
81643	1.39017e+07	94.1395	90.5557
83132	1.39017e+07	94.289	90.7046
82489	1.39017e+07	94.744	91.1411
81182	1.39017e+07	95.134	91.5108
81815	1.39017e+07	94.172	90.5763
82767	1.39017e+07	93.405	89.8522
83263	1.39017e+07	93.912	90.34
83395	1.39017e+07	95.29	91.67
83029	1.39017e+07	95.3485	91.7214
81887	1.39017e+07	95.6995	92.0551
82729	1.39017e+07	95.0495	91.4389
82729	1.39017e+07	94.016	90.4427
82511	1.39017e+07	94.965	91.3465
80075	1.39017e+07	94.0095	90.4376
82569	1.39017e+07	92.1375	88.625
81955	1.39017e+07	94.4775	90.8844
82945	1.39017e+07	94.081	90.4941
80563	1.39017e+07	94.9455	91.3465
81463	1.39017e+07	92.651	89.1179
81805	1.39017e+07	92.7355	89.2155
81668	1.39017e+07	94.016	90.4376
82371	1.39017e+07	93.366	89.806
82425	1.39017e+07	94.549	90.946
82176	1.39017e+07	94.549	90.946
82799	1.39017e+07	94.3605	90.7663
82487	1.39017e+07	94.4255	90.833
80451	1.39017e+07	95.03	91.4081
81470	1.39017e+07	92.664	89.1487
82228	1.39017e+07	92.56	89.0255
82264	1.39017e+07	94.3735	90.7868
81690	1.39017e+07	94.211	90.6225
81260	1.39017e+07	94.5555	90.9614
81551	1.39017e+07	92.651	89.1282
81882	1.39017e+07	93.6455	90.0782
83909	1.39017e+07	93.5545	89.9909
83572	1.39017e+07	94.666	91.059
80651	1.39017e+07	96.226	92.5686
80718	1.39017e+07	94.978	91.3516
81705	1.39017e+07	92.079	88.5787
92586	1.39017e+07	92.7355	89.2001
92662	1.39017e+07	96.304	92.6251
92831	1.39017e+07	105.768	101.781
92831	1.39017e+07	106.561	102.525
92075	1.39017e+07	106.119	102.094
92053	1.39017e+07	105.866	101.842
96476	1.39017e+07	106.138	102.084
97720	1.39017e+07	110.5	106.325
97356	1.39017e+07	111.839	107.609
97554	1.39017e+07	111.521	107.306
98915	1.39017e+07	111.793	107.563
102626	1.39017e+07	113.106	108.836
105516	1.39017e+07	117.52	113.073
101919	1.39017e+07	120.913	116.333
102461	1.39017e+07	117.169	112.739
103879	1.39017e+07	118.118	113.653
103567	1.39017e+07	118.729	114.254
106988	1.39017e+07	118.963	114.464
106720	1.39017e+07	121.413	116.837
104827	1.39017e+07	123.578	118.921
105755	1.39017e+07	120.887	116.328
106487	1.39017e+07	120.25	115.702
106402	1.39017e+07	121.914	117.309
107836	1.39017e+07	122.427	117.812
106379	1.39017e+07	123.201	118.552
106272	1.39017e+07	122.447	117.828
107887	1.39017e+07	122.09	117.473
108735	1.39017e+07	122.765	118.131
107388	1.39017e+07	124.793	120.051
108708	1.39017e+07	124.007	119.322
108033	1.39017e+07	123.006	118.372
106644	1.39017e+07	125.248	120.513
107723	1.39017e+07	123.156	118.516
106292	1.39017e+07	122.74	118.1
106292	1.39017e+07	123.52	118.85
107727	1.39017e+07	122.031	117.422
106728	1.39017e+07	123.441	118.778
107916	1.39017e+07	122.564	117.91
109126	1.39017e+07	123.812	119.132
107726	1.39017e+07	124.924	120.205
106759	1.39017e+07	123.5	118.829
107768	1.39017e+07	122.902	118.274
108695	1.39017e+07	123.936	119.255
108304	1.39017e+07	124.41	119.707
107592	1.39017e+07	124.234	119.543
108084	1.39017e+07	123.493	118.844
106938	1.39017e+07	124.339	119.651
107980	1.39017e+07	122.362	117.74
107996	1.39017e+07	124.488	119.789
106378	1.39017e+07	123.987	119.322
107742	1.39017e+07	121.901	117.299
107304	1.39017e+07	123.422	118.762
108704	1.39017e+07	123.708	119.045
107565	1.39017e+07	124.319	119.651
109700	1.39017e+07	124.319	119.651
107582	1.39017e+07	124.455	119.758
105073	1.39017e+07	124.553	119.856
105443	1.39017e+07	123.045	118.387
108274	1.39017e+07	120.737	116.159
107717	1.39017e+07	121.693	117.093
106768	1.39017e+07	124.273	119.589
108669	1.39017e+07	123.325	118.665
108503	1.39017e+07	122.941	118.29
108442	1.39017e+07	125.508	120.76
108520	1.39017e+07	123.987	119.312
108520	1.39017e+07	124.8	120.082
107969	1.39017e+07	124.534	119.835
109495	1.39017e+07	124.312	119.62
109588	1.39017e+07	125.944	121.207
109734	1.39017e+07	125.469	120.739
108611	1.39017e+07	126.113	121.355
109128	1.39017e+07	124.8	120.113
109877	1.39017e+07	125.073	120.354
107705	1.39017e+07	126.269	121.509
108826	1.39017e+07	123.708	119.034
107827	1.39017e+07	125.125	120.395
106922	1.40129e+07	123.552	118.891
107924	1.38678e+07	123.168	118.506
110275	1.38678e+07	122.843	118.192
109265	1.38678e+07	125.463	120.719
109129	1.38678e+07	126.704	121.936
106430	1.38678e+07	125.645	120.909
108601	1.38678e+07	122.603	117.977
109875	1.38678e+07	123.441	118.783
109430	1.38678e+07	126.711	121.936
110702	1.38678e+07	124.631	119.928
109951	1.38678e+07	125.795	121.037
107597	1.38678e+07	126.938	122.136
109905	1.38678e+07	125.105	120.395
110090	1.38678e+07	124.273	119.574
109139	1.38678e+07	126.62	121.838
110906	1.38678e+07	125.574	120.832
112145	1.38678e+07	126.562	121.797
109667	1.38678e+07	128.134	123.296
109996	1.39433e+07	128.134	183.094
111263	1.39433e+07	125.372	120.642
111263	1.39433e+07	126.899	122.1
108160	1.39433e+07	127.621	122.798
110726	1.39433e+07	124.917	120.19
108260	1.39433e+07	126.711	121.936
110379	1.39433e+07	124.195	119.491
109273	1.39433e+07	127.224	122.429
109264	1.39433e+07	125.938	120.785
108350	1.39433e+07	125.274	120.529
109372	1.39433e+07	124.423	119.707
108077	1.39433e+07	125.82	121.052
108074	1.39433e+07	123.559	118.886
107234	1.39433e+07	124.852	120.108
107022	1.39433e+07	122.759	118.115
107523	1.39433e+07	123.22	118.547
109641	1.39433e+07	123.22	118.547
109348	1.39433e+07	123.818	119.122
114897	1.39433e+07	126.262	121.484
116959	1.39433e+07	128.277	123.363
117575	1.39433e+07	134.81	129.731
118261	1.38523e+07	134.141	129.073
117562	1.38523e+07	135.837	130.727
124409	1.38523e+07	135.206	130.1
123394	1.38523e+07	137.215	132.041
125475	1.38523e+07	143.578	138.183
125366	1.38523e+07	142.135	136.796
124644	1.38523e+07	144.475	139.046
128213	1.38523e+07	142.824	137.443
132504	1.38523e+07	144.391	138.963
131875	1.38523e+07	148.921	143.328
131727	1.38523e+07	152.581	146.851
131727	1.38523e+07	150.624	144.971
132922	1.38523e+07	151.073	145.413
132056	1.38523e+07	153.257	147.508
131194	1.38523e+07	151.6	145.916
131001	1.38523e+07	150.507	144.848
133566	1.38523e+07	150.872	145.218
134710	1.38523e+07	153.238	147.487
132750	1.38523e+07	154.635	148.843
131022	1.38523e+07	152.119	146.419
130827	1.38523e+07	151.326	145.649
133356	1.38523e+07	150.143	144.499
134311	1.38523e+07	152.743	147.005
133244	1.38523e+07	154.525	148.74
130189	1.38523e+07	152.477	146.758
132625	1.38523e+07	151.255	145.546
129892	1.38523e+07	150.326	144.684
131765	1.38523e+07	150.326	144.684
136753	1.38523e+07	150.696	145.043
135264	1.38523e+07	154.615	148.843
132994	1.38523e+07	155.512	149.696
133958	1.38523e+07	153.133	147.395
134438	1.38523e+07	153.998	148.227
136722	1.38523e+07	153.101	147.364
134626	1.38523e+07	156.708	150.846
135307	1.38523e+07	230.841	149.942
134358	1.38523e+07	153.712	148.34
136074	1.38523e+07	154.245	148.853
136689	1.38523e+07	154.297	148.905
138458	1.38523e+07	156.481	151.031
138381	1.39296e+07	157.3	151.811
137760	1.39296e+07	158.626	153.085
137760	1.39296e+07	158.522	153.002
137216	1.39296e+07	157.56	152.068
133942	1.39296e+07	156.481	151.02
137429	1.40029e+07	154.271	148.874
137947	1.38891e+07	157.04	151.554
139034	1.38891e+07	158.08	152.571
135333	1.38891e+07	158.86	153.341
136444	1.38891e+07	155.012	149.603
137387	1.38891e+07	156.026	150.599
136850	1.38891e+07	157.43	151.924
136899	1.38891e+07	156.637	151.164
137977	1.38891e+07	156.572	151.113
135747	1.38891e+07	158.366	152.838
135527	1.38891e+07	155.935	150.476
137879	1.38891e+07	154.856	149.428
136518	1.38891e+07	157.261	151.801
138080	1.38891e+07	156.832	151.37
133436	1.38891e+07	158.093	152.581
134490	1.38891e+07	153.933	148.566
132478	1.38891e+07	153.647	148.278
133661	1.38891e+07	153.426	148.052
134824	1.38891e+07	151.658	146.358
136409	1.38891e+07	152.984	147.631
135749	1.38891e+07	155.714	150.281
136158	1.38891e+07	156.364	150.907
137227	1.38891e+07	154.57	149.182
136109	1.38891e+07	157.352	151.852
137153	1.38891e+07	157.157	151.667
135933	1.38891e+07	155.844	150.404
137180	1.38891e+07	157.248	151.739
135264	1.38891e+07	155.922	150.466
135264	1.38891e+07	155.753	150.322
133750	1.38891e+07	155.454	150.024
134329	1.38891e+07	152.867	147.518
136136	1.38891e+07	153.517	148.124
136322	1.38891e+07	155.909	150.455
135765	1.38891e+07	156.403	150.938
135035	1.38891e+07	155.415	149.983
136924	1.38891e+07	154.791	149.387
136495	1.38891e+07	157.027	151.544
136553	1.38891e+07	156.325	150.887
136731	1.38891e+07	155.571	150.137
136790	5.55416e+06	157.703	152.201
132261	1.38481e+07	156.39	150.938
131845	1.38481e+07	151.983	146.676
133142	1.38481e+07	151.034	145.762
134954	1.38481e+07	152.581	147.241
136345	1.38481e+07	154.336	148.966
133759	1.38481e+07	155.285	149.87
134476	1.38481e+07	153.816	148.443
134204	1.38481e+07	153.413	148.073
133670	1.38481e+07	154.622	149.233
134202	1.38481e+07	152.906	147.57
133581	1.38481e+07	154.375	148.977
135990	1.38481e+07	153.53	148.165
134893	1.38481e+07	153.14	147.785
134850	1.38481e+07	156.247	150.794
136566	1.38481e+07	154.414	149.028
133763	1.38481e+07	155.207	149.767
135199	1.39263e+07	154.57	149.182
134683	1.39263e+07	154.323	148.936
126307	1.39263e+07	154.323	148.936
126307	1.39263e+07	154.648	149.254
564	1.39263e+07	119.015	114.849
566	1.39263e+07	0	0
563	1.39263e+07	0	0
