187    0    0    0
188    1    0    0
188    1    0    0
188.5    0    0    0
188.5    0    0    0
187    0    0    0
187    0    0    0
188    0    0    0
188    0    0    0
187.5    4    0    0
187.5    4    0    0
187.5    2    0    0
187.5    2    0    0
186.5    3.5    0    0
186.5    3.5    0    0
187.5    1.5    0    0
187.5    1.5    0    0
188.5    1    0    0
188.5    1    0    0
187.5    1.5    0    0
187.5    1.5    0    0
188    0    0    0
188    0    0    0
188    0    0    0
188    0    0    0
187    3    0    0
187    3    0    0
2052.5    30971    0    0
2052.5    30971    0.78    1.5405
2432    36146    1.95    2.59651
2432    36146    2.74131    2.59651
2389.5    35165    2.68021    2.53951
2389.5    35165    2.68021    2.53951
2534    37527    2.68021    2.53951
2534    37527    2.68021    2.53951
2861.5    43024    3.11116    2.93876
2861.5    43024    3.22491    3.04557
4254    66072    3.22491    3.04557
4254    66072    4.90977    4.60969
4599.5    71710.5    5.05538    4.74474
4599.5    71710.5    5.05538    4.74474
4901    75410    5.50355    5.15734
4901    75410    5.61795    5.26594
4869.5    73916.5    5.564    5.21485
4869.5    73916.5    5.564    5.21485
4870    73916.5    5.564    5.21485
4870    73916.5    5.564    5.21485
4877.5    73916.5    5.564    5.21485
4877.5    73916.5    5.564    5.21485
4909.5    74803.5    5.564    5.21485
4909.5    74803.5    5.564    5.21485
4904    74803.5    5.564    5.21485
4904    74803.5    5.564    5.21485
4904    74803.5    5.62445    5.27236
4897    74803.5    5.62445    5.27236
4897    74803.5    5.52207    5.17685
4869    74425.5    5.52207    5.17685
4869    74425.5    5.52207    5.17685
4849    74425.5    5.52207    5.17685
4849    74425.5    5.52207    5.17685
4879.5    74425.5    5.52207    5.17685
4879.5    74425.5    5.5809    5.23179
4847    74425.5    5.5809    5.23179
4847    74425.5    5.52207    5.17711
4792.5    73414.5    5.45545    5.11523
4792.5    73414.5    5.45545    5.11523
4790.5    73414.5    5.45545    5.11523
4790.5    73414.5    5.45545    5.11523
4794    73414.5    5.45545    5.11523
4794    73414.5    5.45545    5.11523
4698    71867    5.45545    5.11523
4698    71867    5.34202    5.00996
4698    71867    5.34202    5.00996
4698    71867    5.39435    5.00996
4731    72507    5.39435    5.00996
4731    72507    5.39435    5.06542
4767.5    72975.5    5.39435    5.06542
4767.5    72975.5    5.39435    5.06542
5847.5    90711    5.99918    5.61743
5847.5    90711    6.73855    6.30655
5918    92011    6.81492    6.37408
5918    92011    6.81492    6.37408
5819    90690    6.7535    6.31964
5819    90690    6.64983    6.22413
6659.5    104400    6.64983    6.22413
6659.5    104400    7.13147    6.66677
7846.5    124466    9.11462    8.51229
7846.5    124466    9.03825    8.4368
8896    142343    9.03825    8.4368
8896    142343    10.3928    9.69693
9084.5    146358    10.5307    9.82479
9084.5    146358    10.5307    9.82479
9068.5    146358    10.4032    9.70618
9068.5    146358    10.4032    9.70618
9074.5    147478    10.5144    9.81093
9074.5    147478    10.4578    9.75804
9034.5    146404    10.4045    9.75804
9034.5    146404    10.4045    9.69642
9125    147822    10.4045    9.69642
9125    147822    10.4923    9.78936
9070.5    146850    10.5508    9.84431
9070.5    146850    10.4501    9.75085
9057    146850    10.4501    9.75085
9057    146850    10.4501    9.75085
9055    146850    10.4501    9.75085
9055    146850    10.4501    9.75085
8961.5    145648    10.4501    9.75085
8961.5    145648    10.3415    9.64969
9179    149274    10.3415    9.64969
9179    149274    10.3415    9.64969
11709.5    192167    10.8413    10.1134
11709.5    192167    13.4121    12.496
11709.5    192167    13.5473    12.6218
11628    192167    13.4277    12.514
11628    192167    13.4277    12.514
11796.5    195007    13.5947    12.665
11796.5    195007    13.5947    12.665
12510    207279    13.4153    12.4986
12510    207279    15.2516    14.2003
13459.5    224476    15.6032    14.532
13459.5    224476    15.5363    14.4725
14158    236380    16.1993    15.0897
14158    236380    16.3683    15.2407
14259.5    238640    16.4736    15.3413
14259.5    238640    16.5399    15.4009
14226.5    238640    16.3124    15.1904
14226.5    238640    16.5451    15.405
14264.5    238640    16.5451    15.405
14264.5    238640    16.5451    15.405
14179    238640    16.4229    15.292
14179    238640    16.4229    15.292
14035.5    235269    16.2253    15.1113
14035.5    235269    16.2253    15.1113
14125    236885    16.289    15.1688
14125    236885    16.4034    15.2735
14216.5    238349    16.3345    15.2109
14216.5    238349    16.4749    15.3413
14203.5    238349    16.3748    15.2468
14203.5    238349    16.4372    15.3064
14164.5    238349    16.4372    15.3064
14164.5    238349    16.4372    15.3064
14149.5    238349    16.4372    15.3064
14149.5    238349    16.3501    15.2253
14169.5    238349    16.3501    15.2253
14169.5    238349    16.3501    15.2253
13972.5    233878    16.3501    15.2253
13972.5    233878    16.1148    15.0086
14304    239372    16.1148    15.0086
14304    239372    16.2305    15.1123
16276    273645    17.8412    16.6148
16276    273645    18.8422    17.5381
16701.5    282053    18.7811    17.4816
16701.5    282053    19.2725    17.9376
16857.5    285230    19.6547    18.2929
16857.5    285230    19.3869    18.0423
19241.5    327188    20.3372    18.9153
19241.5    327188    22.2989    20.7464
19538.5    331759    22.3496    20.7464
19538.5    331759    22.659    21.0833
19288.5    328148    22.6018    21.0299
19288.5    328148    22.4081    20.8471
19210.5    326194    22.2105    20.6643
19210.5    326194    22.1442    20.6026
19327    328122    22.3977    20.8389
19327    328122    22.3977    20.8389
19384    329955    22.3977    20.8389
19384    329955    22.3977    20.8389
19351.5    329955    22.477    20.9128
19351.5    329955    22.425    20.8625
19198    325862    22.425    20.8625
19198    325862    22.3275    20.7731
19340.5    328315    22.1624    20.6191
19340.5    328315    22.2833    20.7331
19340.5    328315    22.5017    20.9344
19215    326420    22.2339    20.6858
19215    326420    22.3184    20.7629
19306.5    326420    22.3184    20.7629
19306.5    326420    22.4393    20.8748
19306    322543    22.3158    20.7608
19306    322543    22.4029    20.8409
19265.5    322543    22.3353    20.7793
19265.5    322543    22.3353    20.7793
19202.5    320802    22.3353    20.7793
19202.5    320802    22.2066    20.6612
19529.5    326188    22.4796    20.9149
19529.5    326188    22.6798    21.0997
19297.5    322432    22.4627    20.8964
19297.5    322432    22.3197    20.767
19378.5    322432    22.4133    20.8512
19378.5    322432    22.4133    20.8512
19465.5    325374    22.555    20.9826
19465.5    325374    22.555    20.9826
20878.5    349754    22.4484    20.8861
20878.5    349754    24.869    23.1373
22027.5    370459    25.428    23.6477
22027.5    370459    25.4813    23.6991
22568    379836    26.078    24.2547
22568    379836    26.156    24.3265
22681    382376    26.156    24.3265
22681    382376    26.3237    24.4827
22598    382376    26.4004    24.5525
22598    382376    26.1872    24.3543
22590.5    382376    26.0065    24.1869
22590.5    382376    26.1079    24.2824
22855    384482    26.5317    24.6778
22855    384482    26.5317    24.6778
22470    378162    26.3289    24.4862
22470    378162    26.0364    24.2115
23702.5    399881    26.338    24.4914
23702.5    399881    27.4924    25.5646
23905.5    403312    27.7316    25.7854
23905.5    403312    27.5483    25.6108
24141    408364    27.9708    26.0062
24141    408364    27.9708    26.0062
23885.5    404644    27.9708    26.0062
23885.5    404644    27.6926    25.7495
23900    404644    27.6926    25.7495
23900    404644    27.7459    25.7495
23727    400090    27.5795    25.6468
23727    400090    27.5795    25.6468
23796    400090    27.4534    25.5235
23796    400090    27.4534    25.5235
23874.5    403176    27.7849    25.8368
23874.5    403176    27.664    25.7238
23882    403176    27.664    25.7238
23882    403176    27.664    25.7238
19152    324349    27.7524    25.8085
19152    324349    27.9422    25.978
182    0    14.4521    13.446
182    0    0    0
183.5    0    0    0
183.5    0    0    0
183.5    0    0    0
183.5    0    0    0
183.5    0    0    0
184    0    0    0
184    0    0    0
182.5    0    0    0
182.5    0    0    0
184    0    0    0
184    0    0    0
183    0    0    0
183    0    0    0
183.5    0    0    0
183.5    0    0    0
183    0    0    0
183    0    0    0
183.5    0    0    0
183.5    0    0    0
183.5    0    0    0
183.5    0    0    0
184    0    0    0
184    0    0    0
183.5    0    0    0
183.5    0    0    0
184    0    0    0
184    0    0    0
183    0    0    0
183    0    0    0
183    0    0    0
183    0    0    0
183.5    0    0    0
183.5    0    0    0
183    0    0    0
183    0    0    0
183.5    0    0    0
183.5    0    0    0
183    0    0    0
183    0    0    0
184    0    0    0
184    0    0    0
183    0    0    0
183    0    0    0
184    0    0    0
184    0    0    0
184    0    0    0
184    0    0    0
184.5    0    0    0
184.5    0    0    0
185    0    0    0
185    0    0    0
184    0    0    0
184    0    0    0
184    0    0    0
184    0    0    0
6377.5    100974    0    0
6377.5    100974    0    0
19136    305417    0.78    1.5405
19136    305417    1.95    3.081
19179    312404    3.9    6.162
19179    312404    7.8    15.405
19449.5    319614    19.5    20.7346
19449.5    319614    22.6103    21.034
19449.5    319614    22.4471    20.8779
20873.5    345446    24.0058    22.3342
20873.5    345446    24.3906    22.6905
21044    350206    24.3906    22.6905
21044    350206    24.3906    22.6905
21205.5    353198    24.6831    22.9606
21205.5    353198    24.4972    22.7902
22622    378988    25.7452    23.9517
22622    378988    26.4797    24.6275
23212    390280    26.4797    24.6275
23212    390280    27.1037    25.1846
23777    399637    27.5275    25.6005
23777    399637    27.5964    25.6596
23156    390046    27.3897    25.4696
23156    390046    26.5681    24.7045
22890.5    385302    26.6383    24.7712
22890.5    385302    26.494    24.6403
22892.5    385302    26.3627    24.5171
22892.5    385302    26.5993    24.7379
22860.5    385302    26.7384    24.8637
22860.5    385302    26.3952    24.5479
22957.5    388082    26.3952    24.5479
22957.5    388082    26.7085    24.8329
22909    388082    26.7878    24.9099
22909    388082    26.468    24.6146
22648.5    382526    26.3692    24.5248
22648.5    382526    26.2431    24.4015
22811.5    384790    26.2431    24.4015
22811.5    384790    26.4797    24.6249
23049.5    389538    26.5967    24.7327
23049.5    389538    26.78    24.9022
23192    392153    26.78    24.9022
23192    392153    26.8749    24.9895
23278    394638    26.9464    25.0588
23278    394638    27.0348    25.141
23233.5    394638    26.8333    24.951
23233.5    394638    26.9139    25.0254
23580.5    400207    27.1076    25.2077
23580.5    400207    27.2493    25.3335
23769.5    403137    27.599    25.6647
23769.5    403137    27.599    25.6647
27368    466224    28.5571    26.5351
27368    466224    31.8604    29.6238
26792.5    457064    32.0775    29.8241
26792.5    457064    31.46    29.2464
26009    443093    30.1307    28.0166
26009    443093    30.1925    28.0756
25912.5    443093    30.095    27.9832
25912.5    443093    29.9683    27.8625
26235.5    446173    30.2997    28.1655
26235.5    446173    30.2997    28.1655
26464.5    449314    30.5012    28.3632
26464.5    449314    30.7092    28.5583
26391.5    449314    30.654    28.5044
26391.5    449314    30.654    28.5044
26800    455738    30.654    28.5044
26800    455738    30.8652    28.6944
27101    462050    31.3657    29.1617
27101    462050    31.5087    29.2952
27061.5    462050    31.3853    29.1796
27061.5    462050    31.5607    29.3465
27061.5    462050    31.2097    29.0153
27159    462050    31.369    29.1668
27159    462050    31.6355    29.4081
27194.5    462050    31.5737    29.3517
27194.5    462050    31.512    29.2926
27136.5    462050    31.512    29.2926
27136.5    462050    31.512    29.2926
27254    462050    31.616    29.3927
27254    462050    31.616    29.3927
27560.5    469446    31.7622    29.5314
27560.5    469446    32.123    29.8626
27234    464383    31.746    29.5134
27234    464383    31.4958    29.2823
27121    464383    31.5737    29.3517
27121    464383    31.3787    29.1745
27248.5    464383    31.9377    29.6931
27248.5    464383    31.3853    29.1771
26734    456300    31.0212    28.8459
26734    456300    31.0212    28.8459
26560    452606    30.8328    28.6661
26560    452606    30.8328    28.6661
18294.5    310944    31.096    28.9049
18294.5    310944    22.2137    20.635
184    0    0    0
184    0    0    0
183.5    0    0    0
183.5    0    0    0
183.5    0    0    0
183.5    0    0    0
184    0    0    0
184    0    0    0
185    0    0    0
185    0    0    0
2535.5    39845.5    0    0
2535.5    39845.5    0    0
26170    430248    0.78    1.5405
26170    430248    1.95    3.081
26522    443396    3.9    6.162
26522    443396    7.8    15.405
26240    440660    19.5    28.4659
26240    440660    30.5728    28.4659
26097    440660    30.2653    28.1398
26097    440660    30.2653    28.1398
25972.5    438048    30.3563    28.222
25972.5    438048    30.3004    28.222
27325.5    463506    29.6751    27.5904
27325.5    463506    31.7473    29.5417
28032    476277    32.4707    30.1861
28032    476277    32.578    30.2914
27678    469930    32.3278    30.0526
27678    469930    32.1068    29.8523
27989    475646    32.1068    29.8523
27989    475646    32.409    30.127
27930.5    475646    32.5877    30.2965
27930.5    475646    32.396    30.1168
27895.5    475646    32.396    30.1168
27895.5    475646    32.3407    30.1168
27783    475646    32.3407    30.1168
27783    475646    32.3407    30.0269
27877.5    475646    32.1782    29.9114
27877.5    475646    32.2887    30.0192
27877.5    475646    32.3732    30.0962
27722.5    471310    32.2692    30.0038
27722.5    471310    32.0515    29.801
27715    471310    32.1295    29.8703
27715    471310    32.1295    29.8703
27603.5    467482    32.1295    29.8703
27603.5    467482    31.8988    29.6572
27636.5    467482    31.9702    29.7239
27636.5    467482    32.1165    29.8549
27729    467482    32.1945    29.9345
27729    467482    32.1165    29.8575
27098.5    458458    31.7817    29.5417
27098.5    458458    31.2617    29.0641
29724    505054    33.111    30.7972
29724    505054    35.048    32.5816
30195    510118    35.126    32.6535
30195    510118    34.9277    32.4712
30073.5    510118    35.0382    32.5739
30073.5    510118    34.8042    32.3531
32230.5    541670    35.503    33.0155
32230.5    541670    38.1712    35.4854
32645.5    549906    38.1712    35.4854
32645.5    549906    37.7845    35.1234
32714.5    549906    37.9405    35.2697
32714.5    549906    38.0315    35.3468
32631.5    547114    37.9015    35.2364
32631.5    547114    37.83    35.1619
32777    551246    37.9665    35.2903
32777    551246    38.0933    35.4007
32652    551246    37.8592    35.1876
32652    551246    37.7845    35.126
33045.5    551246    38.3143    35.6112
33045.5    551246    38.3792    35.6703
32872.5    551246    38.2427    35.5445
32872.5    551246    38.1193    35.4341
33197    554348    38.2362    35.547
33197    554348    38.545    35.8269
33139    554348    38.597    35.8269
33139    554348    38.3695    35.6626
33404    554348    38.4248    35.7165
33404    554348    38.7238    35.9963
33361.5    554348    39.1073    36.3481
33361.5    554348    38.7465    36.0143
32959    545672    38.3988    35.6934
32959    545672    38.1908    35.4983
33380.5    553686    38.3402    35.6318
33380.5    553686    38.6328    35.9091
33703    560072    39.1007    36.3455
33703    560072    39.1007    36.3455
33601    560072    39.039    36.2839
33601    560072    38.974    36.2249
33551    560072    38.974    36.2249
33551    560072    38.8927    36.1504
33592    560072    38.9577    36.212
33592    560072    38.844    36.099
34081    566068    39.2145    36.4482
34081    566068    39.6922    36.8898
33735.5    561176    39.3542    36.5766
33735.5    561176    39.1235    36.3661
33510    555682    39.195    36.4303
33510    555682    38.8732    36.1376
33510    555682    38.8732    36.1376
33383.5    551239    38.74    36.0066
33383.5    551239    38.74    36.0066
33764.5    559616    39.13    36.3712
33764.5    559616    39.2665    36.4919
35716    592822    40.3455    37.4906
35716    592822    42.3475    39.3521
36557    607510    42.4027    39.4137
36557    607510    42.4027    39.4137
36519    607510    42.3182    39.329
36519    607510    42.4027    39.406
36790.5    611102    42.8025    39.786
36790.5    611102    42.64    39.6319
36665.5    611102    42.4905    39.4881
36665.5    611102    42.5913    39.5831
36666.5    611102    42.7765    39.7603
36666.5    611102    42.432    39.4342
36708    611102    42.432    39.4342
36708    611102    42.653    39.6448
36975    617502    43.0072    39.9708
36975    617502    43.0072    39.9708
36514    608974    42.5002    39.5036
36514    608974    42.3215    39.3341
36800.5    613915    42.5685    39.5652
36800.5    613915    42.666    39.6576
36669    613915    42.7668    39.75
36669    613915    42.562    39.56
36828.5    613915    42.263    39.2776
36828.5    613915    42.9618    39.9272
36358    610257    42.692    39.673
36358    610257    42.146    39.18
36594.5    613941    42.146    39.18
36594.5    613941    42.5457    39.5395
36312.5    613941    42.5457    39.5395
36312.5    613941    42.2695    39.2879
36283.5    613941    41.7072    38.7641
36283.5    613941    42.224    39.2468
36772.5    621544    42.224    39.2468
36772.5    621544    42.6855    39.6756
36675.5    621544    42.8382    39.8117
36675.5    621544    42.6952    39.6833
36636    621544    42.302    39.3264
36636    621544    42.4092    39.4163
36710.5    625929    42.783    39.7603
36710.5    625929    42.5783    39.578
36773    625929    42.7472    39.7295
36773    625929    42.7472    39.7295
36917.5    625929    42.3182    39.3392
36917.5    625929    42.12    39.1518
41163.5    702408    45.097    41.8965
41163.5    702408    47.8952    44.5127
40546    693637    47.5312    44.1738
40546    693637    47.3167    43.9736
40458    693637    46.6992    43.3959
40458    693637    46.8747    43.5576
41006    701894    47.2972    43.9582
41006    701894    47.749    44.3792
41154.5    701894    47.3785    44.0378
41154.5    701894    47.567    44.1995
41513    708687    48.0317    44.6437
41513    708687    48.2332    44.8285
41513    708687    48.1748    44.7746
41722.5    708687    48.49    45.0699
41722.5    708687    48.3892    44.9749
41583    708687    48.2137    44.808
41583    708687    48.3405    44.9235
41674.5    712248    48.464    45.0468
41674.5    712248    48.3145    44.903
41826.5    712248    48.5452    45.1187
41826.5    712248    48.5452    45.1187
41740    712248    48.7272    45.2856
41740    712248    48.269    44.8542
41325    708312    47.9733    44.5898
41325    708312    47.9733    44.5898
41879.5    716378    48.6167    45.1752
41879.5    716378    48.6167    45.1752
41453.5    709986    48.1292    44.7284
41453.5    709986    48.1292    44.7284
41583    709986    48.2365    44.8285
41583    709986    48.3015    44.8927
41570    709986    48.3795    44.9646
41570    709986    48.165    44.7592
41757.5    715757    48.3957    44.9775
41757.5    715757    48.5583    45.1315
41542    715757    48.2495    44.844
41542    715757    48.3145    44.903
41536.5    709167    48.009    44.6103
41536.5    709167    48.3503    44.9338
41551    709167    48.2755    44.8671
41551    709167    48.2755    44.8671
41686    709167    48.1715    44.7669
41686    709167    48.334    44.921
42147    720352    48.6882    45.2471
42147    720352    48.958    45.5012
41911.5    720352    49.1335    45.663
41911.5    720352    48.659    45.2239
44986    773448    49.9297    46.3999
44986    773448    52.3088    48.6079
45170    773448    52.3932    48.6875
45170    773448    52.559    48.8415
44784.5    773448    52.26    48.5668
44784.5    773448    51.9025    48.2382
47351.5    816752    52.6077    48.8903
47351.5    816752    55.406    51.4912
47569    821008    55.1037    51.2114
47569    821008    55.276    51.3705
47865    825404    55.341    51.4322
47865    825404    55.8025    51.8532
47319.5    818146    55.1297    51.237
47319.5    818146    54.8405    50.9623
47170    818146    55.0225    51.1318
47170    818146    54.6683    50.8057
47071    818146    54.912    51.0239
47071    818146    54.5317    50.6799
47585.5    826988    54.8145    50.9495
47585.5    826988    55.1655    51.2653
47529    826988    55.3735    51.4604
47529    826988    55.029    51.1395
47176    818328    55.354    51.4424
47176    818328    54.9478    51.0624
47069.5    818328    54.4862    50.6337
47069.5    818328    54.3075    50.4668
47069.5    818328    55.0713    51.178
47465.5    823144    55.0713    51.178
47465.5    823144    55.1882    51.2832
47136    816492    54.6097    50.7389
47136    816492    54.899    51.0162
47512    824452    55.1265    51.2293
47512    824452    55.1265    51.2293
47398.5    824452    55.003    51.1189
47398.5    824452    55.055    51.1189
47254.5    824452    55.055    51.1189
47254.5    824452    54.808    50.9289
46915    812642    54.4245    50.5772
46915    812642    54.509    50.6568
46810.5    812642    54.509    50.6568
46810.5    812642    54.2685    50.436
46925    812642    54.3205    50.436
46925    812642    54.5772    50.721
46793.5    812642    54.5772    50.721
46793.5    812642    54.2945    50.4565
47028.5    812642    54.6292    50.7697
47028.5    812642    54.6292    50.7697
20916    359922    53.404    49.6349
20916    359922    11.4432    11.22
182    0    0    0
182    0    0    0
181.5    0    0    0
181.5    0    0    0
182    0    0    0
182    0    0    0
182    0    0    0
182    0    0    0
181.5    0    0    0
181.5    0    0    0
37818.5    635946    0.724776    1.10248
37818.5    635946    1.95    3.081
43290    742086    3.9    6.162
43290    742086    7.8    15.405
43879    754095    19.5    30.81
43879    754095    39    47.3991
43586.5    746990    50.8313    47.2343
43586.5    746990    50.6805    47.0982
43846.5    756210    50.5635    46.9904
43846.5    756210    50.804    47.2112
45020.5    776072    51.5677    47.925
45020.5    776072    52.4258    48.7132
45664    790402    51.974    48.2998
45664    790402    52.6045    48.8775
46273.5    798163    54.2295    50.4
46273.5    798163    53.768    49.9661
46954    812234    53.6348    49.8429
46954    812234    54.431    50.5823
47159.5    812234    54.7755    50.9007
47159.5    812234    54.964    51.0855
47005    812234    54.3952    50.5541
47005    812234    54.3952    50.5541
47382.5    817866    54.912    51.0291
47382.5    817866    55.1655    51.2601
47230    817866    54.8145    50.9315
47230    817866    54.6715    50.8057
47046.5    811458    55.094    51.1985
47046.5    811458    55.4808    51.5605
47046.5    811458    53.5957    49.8095
45631.5    788850    52.7897    49.0572
45631.5    788850    53.2025    49.4398
49139.5    849502    56.238    52.2769
49139.5    849502    57.8597    53.766
49862.5    865548    57.7817    53.6941
49862.5    865548    58.0223    53.9175
50062    865548    58.0223    53.9175
50062    865548    58.2302    54.1126
51399.5    894516    59.007    54.829
51399.5    894516    60.1478    55.8893
51840    901219    60.1478    55.8893
51840    901219    60.1478    55.8893
51961    901219    60.6418    56.3566
51961    901219    60.1867    55.9304
52027.5    901219    59.8942    55.6583
52027.5    901219    60.671    56.3874
52795.5    920666    60.931    56.6211
52795.5    920666    61.5745    57.2219
51979    901943    61.1325    56.8008
51979    901943    60.1087    55.8662
51718    901943    59.943    55.7045
51718    901943    60.1737    55.9201
51458.5    892438    59.9007    55.6634
51458.5    892438    59.7642    55.5402
51480    892438    59.449    55.2449
51480    892438    60.0762    55.8251
51703.5    899682    59.7967    55.571
51703.5    899682    60.047    55.7995
51612    899682    60.3882    56.1178
51612    899682    59.7415    55.5196
51728    899682    59.9398    55.6993
51728    899682    60.1217    55.8688
51390    899682    59.761    55.5376
51390    899682    59.5465    55.3399
52101    909633    59.943    55.7045
52101    909633    60.5735    56.2899
52106.5    909633    60.9473    56.6365
52106.5    909633    60.385    56.1178
51962.5    904937    60.2972    56.0357
51962.5    904937    60.2972    56.0357
52498.5    917263    60.4857    56.2051
52498.5    917263    60.9245    56.6134
52360.5    917263    61.3177    56.9831
52360.5    917263    60.775    56.4799
52458.5    917263    60.6353    56.3361
52458.5    917263    60.9895    56.675
52108.5    917263    60.931    56.6159
52108.5    917263    60.8465    56.5389
50645    889576    59.6765    55.4503
50645    889576    58.89    54.7263
53195    932873    58.552    54.4105
53195    932873    61.347    56.9908
54538.5    959076    63.154    58.6828
54538.5    959076    63.154    58.7418
54984    964582    63.635    59.127
54984    964582    63.7585    59.2476
55528.5    974373    63.908    59.3863
55528.5    974373    64.1095    59.5763
55922.5    974373    65.0195    60.421
55922.5    974373    65.1755    60.5673
55922.5    974373    64.6425    60.0769
55908    974373    65.1332    60.5314
55908    974373    64.7042    60.1308
55678.5    974373    64.4703    59.9152
55678.5    974373    64.8603    60.2746
56062    981262    64.9675    60.3748
56062    981262    65.1852    60.5725
56581.5    988740    65.7052    61.05
56581.5    988740    65.7052    61.05
56446    988740    65.7052    61.05
56446    988740    65.4095    60.7779
55618    976137    64.6815    60.1052
55618    976137    64.5677    59.9999
55288    968072    64.5125    59.9999
55288    968072    64.0218    59.489
54787    959020    63.7878    59.2836
54787    959020    63.5505    59.0551
55315.5    969080    63.7617    59.2553
55315.5    969080    64.4865    59.9229
56043    981204    64.6555    60.0821
56043    981204    65.2373    60.611
56002.5    981204    65.5525    60.9114
56002.5    981204    64.7952    60.2233
55684.5    981204    64.571    59.9999
55684.5    981204    64.571    59.9999
55561    976308    65.1072    60.5006
55561    976308    64.402    59.851
55991    982768    64.207    59.6687
55991    982768    65.1235    60.5185
56490.5    989874    65.6338    60.991
56490.5    989874    65.4648    60.8343
56200.5    989874    65.5232    60.8908
56200.5    989874    65.247    60.6315
56398.5    989874    65.5492    60.9062
56398.5    989874    65.5492    60.9062
56320.5    989874    65.1917    60.5827
56320.5    989874    65.4323    60.8035
55829.5    979134    65.6273    60.9833
55829.5    979134    64.74    60.1668
56357    987684    64.4053    59.8459
56357    987684    65.221    60.611
58333    1.02123e+06    67.1125    62.3902
58333    1.02123e+06    67.6227    62.8319
57931    1.01301e+06    67.7527    62.9551
57931    1.01301e+06    67.3465    62.5751
58540    1.02231e+06    67.0085    62.2619
58540    1.02231e+06    67.951    63.14
60643.5    1.05982e+06    69.0105    64.1413
60643.5    1.05982e+06    70.4242    65.4456
60788.5    1.05982e+06    70.5185    65.5329
60788.5    1.05982e+06    70.785    65.7794
60338.5    1.05392e+06    70.0667    65.1015
60338.5    1.05392e+06    70.1772    65.2196
60160.5    1.05392e+06    70.0212    65.0759
60160.5    1.05392e+06    69.8197    64.8807
60125.5    1.05392e+06    69.8913    64.9475
60125.5    1.05392e+06    69.7645    64.8294
60611.5    1.05392e+06    69.9498    64.9988
60611.5    1.05392e+06    70.3722    65.3891
60918    1.06111e+06    70.3722    65.3891
60918    1.06111e+06    70.525    65.538
60918    1.06111e+06    71.0775    66.0412
60914.5    1.06111e+06    70.9573    65.9231
60914.5    1.06111e+06    70.486    65.4969
60664    1.05525e+06    70.7103    65.7023
60664    1.05525e+06    70.1967    65.2248
60262    1.04902e+06    69.8067    64.8653
60262    1.04902e+06    70.1707    65.2145
60394    1.04902e+06    70.5672    65.5688
60394    1.04902e+06    69.7612    64.814
60349    1.04902e+06    69.9498    64.9937
60349    1.04902e+06    70.1123    65.1477
60170    1.04902e+06    70.2487    65.2812
60170    1.04902e+06    69.6572    64.7267
59918    1.04902e+06    69.6572    64.7267
59918    1.04902e+06    69.4297    64.5213
60870.5    1.0668e+06    70.8597    65.8461
60870.5    1.0668e+06    70.4632    65.4867
60972.5    1.0668e+06    70.7168    65.7126
60972.5    1.0668e+06    70.8402    65.8256
60738    1.0668e+06    70.2975    65.3275
60738    1.0668e+06    70.5867    65.5945
61942    1.08324e+06    71.8932    66.8064
61942    1.08324e+06    71.8932    66.8064
62944.5    1.10131e+06    72.0492    66.9553
62944.5    1.10131e+06    73.4825    68.2852
63235    1.10131e+06    73.853    68.6293
63235    1.10131e+06    73.2647    68.085
64052    1.11861e+06    73.8497    68.6241
64052    1.11861e+06    74.438    69.1736
64223    1.11861e+06    74.438    69.1736
64223    1.11861e+06    74.3763    69.1171
63811.5    1.11861e+06    74.9482    69.6511
63811.5    1.11861e+06    74.0317    68.7885
63892.5    1.11861e+06    73.8335    68.6087
63892.5    1.11861e+06    74.074    68.8398
64255    1.11861e+06    74.503    69.2352
64255    1.11861e+06    74.6817    69.3944
63923    1.11861e+06    74.4542    69.189
63923    1.11861e+06    74.0675    68.8347
64710    1.12952e+06    74.6395    69.3584
64710    1.12952e+06    75.205    69.8873
64418    1.12952e+06    75.075    69.7692
64418    1.12952e+06    74.9645    69.6614
64594.5    1.12952e+06    74.8118    69.5176
64594.5    1.12952e+06    74.9873    69.6871
64315.5    1.12059e+06    74.7467    69.4611
64315.5    1.12059e+06    74.7467    69.4611
63768    1.11308e+06    74.4672    69.1993
63768    1.11308e+06    74.1097    68.8706
63614.5    1.11308e+06    73.9733    68.7474
63614.5    1.11308e+06    73.8725    68.6447
63296.5    1.10477e+06    73.8725    68.6447
63296.5    1.10477e+06    73.502    68.3006
63409.5    1.10477e+06    73.45    68.3006
63409.5    1.10477e+06    73.7295    68.5112
63277.5    1.10477e+06    73.4402    68.2441
63277.5    1.10477e+06    73.4402    68.2441
64072    1.11801e+06    73.7262    68.5112
64072    1.11801e+06    74.6233    69.343
63219    1.10436e+06    74.0577    68.8295
63219    1.10436e+06    73.5768    68.3674
63219    1.10436e+06    73.2127    68.0285
63710    1.11081e+06    73.2127    68.0285
63710    1.11081e+06    75.075    69.759
69058.5    1.19162e+06    80.3465    74.6578
69058.5    1.19162e+06    79.95    74.2829
67548    1.17248e+06    79.3845    73.7745
67548    1.17248e+06    77.519    72.0338
65999.5    1.14668e+06    76.947    71.5151
65999.5    1.14668e+06    76.5635    71.1557
70423.5    1.20854e+06    80.7495    75.0275
70423.5    1.20854e+06    82.1145    76.3164
70271    1.20854e+06    81.874    76.0956
70271    1.20854e+06    81.3475    75.6077
70003.5    1.20854e+06    81.3475    75.5564
70003.5    1.20854e+06    81.2305    75.4999
70568    1.20854e+06    81.744    75.9621
70568    1.20854e+06    82.0625    76.2547
70679    1.21622e+06    82.0625    76.2547
70679    1.21622e+06    82.0625    76.2547
70690    1.21622e+06    82.1275    76.3318
70690    1.21622e+06    82.0625    76.2701
70301.5    1.21622e+06    81.51    75.7515
70301.5    1.21622e+06    81.822    76.0391
70534    1.21622e+06    81.822    76.0391
70534    1.21622e+06    81.9    76.1212
70527.5    1.21622e+06    81.51    75.7515
70527.5    1.21622e+06    82.095    76.2958
70495.5    1.21622e+06    81.8415    76.0596
70495.5    1.21622e+06    81.9065    76.1264
70091.5    1.20865e+06    81.9065    76.1264
70091.5    1.20865e+06    81.2825    75.5359
70111    1.20865e+06    81.0355    75.3202
70111    1.20865e+06    81.4515    75.6899
70441    1.20865e+06    81.6465    75.8799
70441    1.20865e+06    81.9455    76.1572
70206    1.20865e+06    81.471    75.7156
70206    1.20865e+06    81.471    75.7156
70385    1.21503e+06    81.7765    76.0083
70385    1.21503e+06    81.5425    75.7823
70369.5    1.21503e+06    81.9065    76.1212
70369.5    1.21503e+06    81.6465    75.885
70371    1.21503e+06    81.8935    76.1161
70371    1.21503e+06    81.757    75.9929
50312.5    866884    81.5035    75.7412
50312.5    866884    78.663    73.2097
179.5    0    9.0805    8.20059
179.5    0    0    0
179.5    0    0    0
179.5    0    0    0
180.5    0    0    0
180.5    0    0    0
181    0    0    0
181    0    0    0
181    0    0    0
181    0    0    0
182.5    0    0    0
182.5    0    0    0
181.5    0    0    0
181.5    0    0    0
181.5    0    0    0
181.5    0    0    0
181.5    0    0    0
181.5    0    0    0
181.5    0    0    0
180    0    0    0
180    0    0    0
181    0    0    0
181    0    0    0
180.5    0    0    0
180.5    0    0    0
180    0    0    0
180    0    0    0
181    0    0    0
181    0    0    0
181.5    0    0    0
181.5    0    0    0
181.5    0    0    0
181.5    0    0    0
181    0    0    0
181    0    0    0
180    0    0    0
180    0    0    0
180.5    0    0    0
180.5    0    0    0
182    0    0    0
182    0    0    0
180.5    0    0    0
180.5    0    0    0
179.5    0    0    0
179.5    0    0    0
181    0    0    0
181    0    0    0
181.5    0    0    0
181.5    0    0    0
182    0    0    0
182    0    0    0
181    0    0    0
181    0    0    0
181    0    0    0
181    0    0    0
181    0    0    0
181    0    0    0
180.5    0    0    0
180.5    0    0    0
181    0    0    0
181    0    0    0
181.5    0    0    0
181.5    0    0    0
181    0    0    0
181    0    0    0
179.5    0    0    0
179.5    0    0    0
180    0    0    0
180    0    0    0
180    0    0    0
180    0    0    0
180    0    0    0
180    0    0    0
