186    4849    0    0
186.5    4887.5    0    0
186.5    4887.5    0    0
186    4734.5    0    0
186    4734.5    0    0
184    4818    0    0
184    4818    0    0
184    4751    0    0
184    4751    0    0
184.5    4751    0    0
184.5    4751    0    0
184    4867.5    0    0
184    4867.5    0    0
184    5076.5    0    0
184    5076.5    0    0
183.5    5021.5    0    0
183.5    5021.5    0    0
183.5    4805.5    0    0
183.5    4805.5    0    0
184    4738    0    0
184    4738    0    0
184    5007    0    0
184    5007    0    0
183.5    5007    0    0
183.5    5007    0    0
184    5060.5    0    0
184    5060.5    0    0
184    4898.5    0    0
184    4898.5    0    0
182.5    5013    0    0
182.5    5013    0    0
183    4911.5    0    0
183    4911.5    0    0
183    4844    0    0
183    4844    0    0
182.5    4914.5    0    0
182.5    4914.5    0    0
182.5    4914.5    0    0
184    4766.5    0    0
184    4766.5    0    0
184    4791    0    0
184    4791    0    0
184.5    4884    0    0
184.5    4884    0    0
184    1147    0    0
184    1147    0    0
184    0    0    0
184    0    0    0
185    0    0    0
185    0    0    0
184.5    0    0    0
184.5    0    0    0
185    0    0    0
185    0    0    0
185    0    0    0
185    0    0    0
183.5    0    0    0
183.5    0    0    0
184    0    0    0
184    0    0    0
186    0    0    0
186    0    0    0
341.5    25072    0.78    1.38848
341.5    25072    1.95    2.57654
414    35569    2.69431    2.57654
414    35569    2.69431    2.57654
412    34962.5    2.69431    2.57654
412    34962.5    2.69431    2.57654
413.5    35198    2.69431    2.57654
413.5    35198    2.69431    2.57654
439    39367    2.89939    2.74106
439    39367    3.16927    2.99473
466.5    43599.5    3.16927    2.99473
466.5    43599.5    3.75342    3.5393
639    71128    5.2156    4.89365
639    71128    5.26988    4.94423
649    72107.5    5.32447    4.9961
649    72107.5    5.32447    4.9961
654.5    71134.5    5.41743    5.08108
654.5    71134.5    5.34365    5.01304
655.5    71134.5    5.3989    5.06414
655.5    71134.5    5.3989    5.06414
654    70595    5.3989    5.06414
654    70595    5.3989    5.06414
654    70595    5.3989    5.06414
654    70595    5.3989    5.06414
647.5    69673.5    5.32545    4.99507
647.5    69673.5    5.27085    4.94475
651    70152.5    5.32253    4.94475
651    70152.5    5.32253    5.0133
650    70152.5    5.32253    5.0133
650    70152.5    5.32253    5.0133
649.5    70152.5    5.32253    5.0133
649.5    70152.5    5.32253    5.0133
642.5    69255    5.22437    4.90315
642.5    69255    5.22437    4.90315
641.5    68782.5    5.22437    4.90315
641.5    68782.5    5.22437    4.90315
641.5    68782.5    5.22437    4.90315
642    69191.5    5.22437    4.90315
642    69191.5    5.22437    4.90315
652    70688.5    5.35665    5.02408
652    70688.5    5.3053    5.02408
648.5    70306.5    5.3053    4.9599
648.5    70306.5    5.3053    4.9599
648    70306.5    5.3053    4.9599
648    70306.5    5.3053    4.9599
649.5    70306.5    5.3053    4.9599
649.5    70306.5    5.3053    4.9599
655    70968    5.3053    4.9599
655    70968    5.37843    5.04462
655.5    70968    5.37843    5.04462
655.5    70968    5.25882    4.93294
648    69793.5    5.25882    4.93294
648    69793.5    5.25882    4.93294
649    69793.5    5.25882    4.93294
649    69793.5    5.25882    4.93294
645.5    69224.5    5.18895    4.86849
645.5    69224.5    5.25297    4.92857
658    71071    5.34235    5.01099
658    71071    5.34235    5.01099
659    71071    5.34235    5.01099
659    71071    5.34235    5.01099
722    80937.5    5.9605    5.58354
722    80937.5    6.60465    6.18254
774    89330    6.60465    6.18254
774    89330    6.60465    6.18254
774    89330    6.60465    6.18254
774    89330    6.60465    6.18254
833.5    98844.5    7.00212    6.55123
833.5    98844.5    7.9391    7.42162
889    108262    7.9391    7.42162
889    108262    8.16985    7.63677
1050    133891    9.7318    9.08844
1050    133891    9.8124    9.16084
1110.5    144014    9.94825    9.28562
1110.5    144014    11.063    10.3203
1181    155978    11.2008    10.4492
1181    155978    11.2008    10.4492
1180.5    155978    11.2008    10.4492
1180.5    155978    11.2008    10.4492
1203.5    160496    11.377    10.6125
1203.5    160496    11.5622    10.784
1190    159010    11.2899    10.5319
1190    159010    11.375    10.612
1178.5    157830    11.2092    10.4564
1178.5    157830    11.2092    10.4564
1197    161171    11.4237    10.6551
1197    161171    11.4777    10.7054
1199    161171    11.5297    10.7054
1199    161171    11.4198    10.6526
1186    160004    11.4198    10.6526
1186    160004    11.2879    10.5309
1194    161518    11.4276    10.6587
1194    161518    11.4276    10.6587
1204    163362    11.4985    10.7234
1204    163362    11.555    10.7768
1192    161432    11.555    10.7768
1192    161432    11.3899    10.6233
1192    161432    11.3899    10.6233
1177.5    159868    11.2554    10.5
1177.5    159868    11.2554    10.5
1189.5    161926    11.505    10.7301
1189.5    161926    11.505    10.7301
1186    161926    11.3626    10.5986
1186    161926    11.3626    10.5986
1175.5    160308    11.2736    10.5155
1175.5    160308    11.2736    10.5155
1183    161364    11.4179    10.6505
1183    161364    11.4179    10.6505
1189    162664    11.5024    10.7286
1189    162664    11.3314    10.5719
1188    162664    11.4985    10.7244
1188    162664    11.4985    10.7244
1189.5    162664    11.4361    10.6685
1189.5    162664    11.5472    10.7696
1188    162664    11.4101    10.6423
1188    162664    11.4946    10.7234
1183    162664    11.3243    10.5617
1183    162664    12.6763    11.8038
1449.5    206599    14.4241    13.4403
1449.5    206599    14.5691    13.5677
1475.5    212148    14.69    13.6868
1475.5    212148    14.7881    13.7782
1466    212148    14.6074    13.6108
1466    212148    14.9831    13.9538
1623    237720    16.5776    15.4368
1623    237720    16.5776    15.4368
1669.5    245902    16.9598    15.7912
1669.5    245902    16.9598    15.7912
1666    245902    16.8402    15.6823
1666    245902    17.0599    15.8877
1679.5    248829    17.0599    15.8877
1679.5    248829    17.1262    15.9462
1678.5    248829    17.0105    15.8404
1678.5    248829    17.1808    15.9976
1681.5    250152    17.1808    15.9976
1681.5    250152    17.0547    15.8805
1679    250152    17.0547    15.8805
1679    250152    17.0547    15.8805
1679    250152    17.173    15.9904
1679    250152    17.0144    15.8456
1690    250152    17.2497    16.0654
1690    250152    17.1808    15.9976
1668.5    247715    16.9936    15.825
1668.5    247715    16.9936    15.825
1658    245844    16.9    15.7357
1658    245844    16.8376    15.6792
1648.5    245844    16.8376    15.6792
1648.5    245844    16.6829    15.5385
1638    242502    16.5997    15.4574
1638    242502    16.6868    15.5395
1648    244894    16.7518    15.6012
1648    244894    16.7518    15.6012
1638    242917    16.7518    15.6012
1638    242917    16.5958    15.4553
1639.5    242917    16.5958    15.4553
1639.5    242917    16.7245    15.5745
1631    241536    16.5633    15.4276
1631    241536    16.5633    15.4276
1631    241536    16.5633    15.4276
1636    241536    16.6478    15.5026
1636    241536    16.7739    15.6217
1644    243939    16.6998    15.5519
1644    243939    16.6179    15.4748
1658    246226    17.0391    15.8651
1658    246226    17.0391    15.8651
1667.5    247743    17.0391    15.8651
1667.5    247743    18.7824    17.496
1907    288410    19.7626    18.3936
1907    288410    19.8354    18.4634
1963    299034    20.4906    19.0663
1963    299034    20.9365    19.4842
2005    306244    20.8364    19.3939
2005    306244    20.6336    19.2039
1981    301929    20.5634    19.1412
1981    301929    20.6765    19.2439
1990    303928    20.6765    19.2439
1990    303928    20.566    19.1412
1974.5    301814    20.4633    19.0437
1974.5    301814    20.5439    19.1197
1983    301814    20.618    19.1895
1983    301814    20.618    19.1895
2002.5    307024    20.8546    19.4093
2002.5    307024    20.7857    19.3446
1999    307024    20.8637    19.4165
1999    307024    20.7961    19.3538
2018.5    309606    21.0652    19.6023
2018.5    309606    20.9456    19.4904
2006.5    307876    20.8832    19.4319
2006.5    307876    20.8832    19.4319
2008.5    307876    20.9352    19.4319
2008.5    307876    20.9352    19.4319
1999    307876    20.8078    19.3651
1999    307876    20.8078    19.3651
1995.5    305512    20.748    19.3097
1995.5    305512    20.748    19.3097
2002.5    305512    20.8403    19.3939
2002.5    305512    20.8403    19.3939
1996    305512    20.7441    19.3055
1996    305512    20.8221    19.3785
1977    302708    20.6115    19.1792
1977    302708    20.4724    19.0508
1995.5    305578    20.7506    19.3127
1995.5    305578    20.7506    19.3127
1990.5    305578    20.6726    19.2388
1990.5    305578    20.7246    19.2388
1979.5    302938    20.6271    19.2388
1979.5    302938    20.5699    19.1443
1984    302938    20.5699    19.1443
1984    302938    20.7012    19.2634
1980.5    302938    20.6011    19.1731
1980.5    302938    20.6011    19.1731
1982    302938    20.7064    19.2717
1982    302938    20.6284    19.1998
2273.5    354298    23.3142    21.6666
2273.5    354298    24.1306    22.4492
2281    354298    23.8693    22.2058
2281    354298    24.1514    22.4687
2293.5    358552    24.1514    22.4687
2293.5    358552    24.2138    22.5252
2293.5    358552    26.1196    24.2978
2563.5    405182    27.6224    25.6894
2563.5    405182    27.7927    25.8445
2594.5    410646    27.4807    25.5569
2594.5    410646    27.4807    25.5569
2585.5    410646    27.4807    25.5569
2585.5    410646    27.6146    25.6827
2578.5    408516    27.3078    25.4003
2578.5    408516    27.3078    25.4003
2571    408516    27.3637    25.4003
2571    408516    27.2857    25.4003
2582.5    408516    27.4885    25.5646
2582.5    408516    27.131    25.236
2537    400793    26.9542    25.0716
2537    400793    26.7735    24.9022
2519.5    397698    26.6786    24.8098
2519.5    397698    26.8567    24.9766
2525    397698    26.7462    24.8765
2525    397698    26.8632    24.9843
2521    397698    26.7163    24.8483
2521    397698    26.8255    24.951
2517    397698    26.7384    24.8662
2517    397698    26.7384    24.8662
2534.5    400794    26.9581    25.0691
2534.5    400794    26.8801    24.9946
2527    400794    26.8801    24.9946
2527    400794    26.7709    24.897
2532    400794    26.9074    25.0229
2532    400794    26.9074    25.0229
2515.5    397814    26.7644    24.8919
2515.5    397814    26.6214    24.7584
2498    394562    26.4992    24.6429
2498    394562    26.4992    24.6429
2498    394562    26.4992    24.6429
2498    394562    26.572    24.7122
2484.5    392460    26.3861    24.5376
2484.5    392460    26.2392    24.4067
2468.5    390046    26.0845    24.2603
2468.5    390046    26.3497    24.5042
2509    395988    26.6383    24.7764
2509    395988    26.6383    24.7764
2512    395988    26.6383    24.7764
2512    395988    26.7033    24.8329
2519    395988    26.6162    24.7533
2519    395988    26.897    25.0126
2517    395988    26.7592    24.8842
2517    395988    26.6656    24.7969
2495    391505    26.5135    24.6531
2495    391505    26.4069    24.5607
2469.5    386054    26.091    24.2654
2469.5    386054    26.3029    24.4606
2706    427183    28.1086    26.1449
2706    427183    29.5048    27.4312
2764    437417    29.4307    27.3644
2764    437417    29.6062    27.5287
2797.5    443308    29.8792    27.7803
2797.5    443308    29.9767    27.8753
2936    468061    30.5344    28.3863
2936    468061    32.0944    29.8395
3014    482216    32.3537    30.0911
3014    482216    32.4123    30.0911
3014    482216    32.266    30.0012
3008    482216    32.266    30.0012
3008    482216    32.6495    30.353
3028    482216    32.5293    30.24
3028    482216    32.149    29.8883
2990.5    478882    32.201    29.8883
2990.5    478882    32.123    29.8883
2997.5    478882    32.2367    29.9704
2997.5    478882    32.1035    29.8498
2998.5    478882    32.3245    30.0552
2998.5    478882    32.3245    30.0552
3008.5    482690    32.4123    30.1347
3008.5    482690    32.136    29.8754
3000.5    482690    32.292    30.0218
3000.5    482690    32.292    30.0218
3030.5    487024    32.7925    30.4839
3030.5    487024    32.383    30.1014
3005    482741    32.2497    29.9858
3005    482741    32.5293    30.2477
3007.5    482741    32.2627    29.9987
3007.5    482741    32.149    29.8908
2976.5    478043    31.9605    29.7188
2976.5    478043    31.7428    29.516
2963    478043    31.889    29.6521
2963    478043    31.8305    29.5956
2969    478043    32.0352    29.7907
2969    478043    31.8565    29.6212
2998    482598    32.2497    29.9858
2998    482598    32.3472    30.0757
3005    482598    32.435    30.1553
3005    482598    32.1035    29.8498
2989.5    482598    32.1035    29.8498
2989.5    482598    32.3862    30.1142
3011    482598    32.3862    30.1142
3011    482598    32.4707    30.1912
3032.5    487518    32.7048    30.4069
3032.5    487518    32.4383    30.1604
2995    480784    32.6235    30.3299
2995    480784    25.532    23.6878
184.5    0    0    0
184.5    0    0    0
186    0    0    0
186    0    0    0
186    0    0    0
186    0    0    0
185    0    0    0
185    0    0    0
185    0    0    0
185    0    0    0
184.5    0    0    0
184.5    0    0    0
185    0    0    0
185    0    0    0
184.5    0    0    0
184.5    0    0    0
183.5    0    0    0
183.5    0    0    0
183.5    0    0    0
183.5    0    0    0
184    5.5    0    0
184    5.5    0    0
184    5.5    0    0
184    0    0    0
184    0    0    0
183.5    0    0    0
183.5    0    0    0
184    0    0    0
184    0    0    0
182.5    0    0    0
182.5    0    0    0
182    0    0    0
182    0    0    0
181.5    0    0    0
181.5    0    0    0
183.5    0    0    0
183.5    0    0    0
183    1    0    0
183    1    0    0
184.5    0    0    0
184.5    0    0    0
184.5    4.5    0    0
184.5    4.5    0    0
185    0    0    0
185    0    0    0
457.5    45586    0    0
457.5    45586    0.78    1.5405
2917.5    443532    1.95    3.081
2917.5    443532    3.9    6.162
2918.5    455341    7.8    15.405
2918.5    455341    19.5    29.1694
2895    455341    31.1278    28.9501
2895    455341    30.9335    28.7663
2871.5    455341    30.8048    28.6405
2871.5    455341    30.7489    28.5891
2892    460282    31.083    28.9023
2892    460282    31.083    28.9023
2966    473403    31.3872    29.1771
2966    473403    32.708    30.3992
3063    490842    32.9842    30.6662
3063    490842    32.9258    30.6149
2976.5    477542    32.045    29.7907
2976.5    477542    31.8533    29.6212
2927.5    468354    31.499    29.2823
2927.5    468354    31.3463    29.1437
2919    468354    31.2423    29.0513
2919    468354    31.4827    29.2695
2951    472798    31.7167    29.48
2951    472798    31.7167    29.534
2930    470048    31.6518    29.4338
2930    470048    31.278    29.0795
2878    459946    30.9432    28.774
2878    459946    30.836    28.6713
2894    463441    31.044    28.8664
2894    463441    31.044    28.8664
2911.5    463441    31.1772    28.9896
2911.5    463441    31.304    29.1052
2933.5    469567    31.4535    29.2464
2933.5    469567    31.551    29.3337
2918    466837    31.2715    29.0769
2918    466837    31.3853    29.1873
2918    466837    31.4893    29.2798
2919    466837    31.239    29.0436
2919    466837    31.239    29.0436
2921.5    466837    31.4438    29.2387
2921.5    466837    31.7525    29.516
3162    508897    35.49    32.9872
3162    508897    35.6167    33.1079
3289    530984    35.555    33.0566
3289    530984    35.503    33.0052
3304    535252    35.7825    33.2645
3304    535252    36.205    33.6599
3440.5    558292    37.8073    35.1465
3440.5    558292    37.7227    35.0695
3504.5    571736    38.1712    35.4828
3504.5    571736    38.1712    35.4828
3525.5    571736    38.2265    35.4828
3525.5    571736    38.5872    35.868
3563.5    582062    38.7335    36.0041
3563.5    582062    38.5482    35.832
3566    582062    38.5482    35.832
3566    582062    39.0065    36.2557
3550.5    582062    38.5255    35.8064
3550.5    582062    38.3695    35.6626
3555.5    582062    38.7367    36.0092
3555.5    582062    38.2168    35.5265
3516.5    575384    38.2168    35.5265
3516.5    575384    38.0868    35.4033
3517.5    575384    38.1517    35.4674
3517.5    575384    38.3337    35.6343
3526.5    575384    38.2297    35.5393
3526.5    575384    38.168    35.4828
3521.5    575384    38.3402    35.642
3521.5    575384    37.921    35.2441
3506    575384    37.921    35.2441
3506    575384    38.2948    35.601
3540.5    579638    38.3662    35.66
3540.5    579638    38.5547    35.8372
3529.5    579638    38.3565    35.6574
3529.5    579638    38.1128    35.4289
3507    571728    38.0315    35.3519
3507    571728    38.0315    35.3519
3509.5    571728    38.0315    35.3519
3509.5    571728    38.0998    35.4161
3501    571728    38.0998    35.4161
3501    571728    37.9437    35.2723
3583    585232    38.6652    35.945
3583    585232    39.2048    36.4431
3638    594012    39.3055    36.5407
3638    594012    39.819    37.0079
3720    609630    40.235    37.3982
3720    609630    40.7062    37.8321
3785.5    618862    41.0573    38.1659
3785.5    618862    41.3855    38.4663
3837    628208    41.4603    38.533
3837    628208    42.0648    39.0928
4114    678675    45.045    41.858
4114    678675    44.8695    41.7013
4094    674152    44.8695    41.7013
4094    674152    44.655    41.5011
4061.5    670589    44.655    41.5011
4061.5    670589    44.2    41.08
4061.5    670589    44.0798    40.9722
4027.5    665020    43.9108    40.8207
4027.5    665020    44.057    40.9491
4057.5    671868    44.4145    41.2803
4057.5    671868    44.733    41.5755
4083.5    676608    44.5672    41.4292
4083.5    676608    44.6842    41.5242
4087.5    676608    44.6842    41.5242
4087.5    676608    44.6842    41.5242
4081.5    676608    44.6128    41.4677
4081.5    676608    44.408    41.27
4048.5    671518    44.174    41.0569
4048.5    671518    44.3787    41.2495
4073.5    675891    44.6128    41.4677
4073.5    675891    44.4372    41.2982
4056.5    675891    44.239    41.1159
4056.5    675891    44.3918    41.2649
4044    671312    44.2195    41.0954
4044    671312    44.0147    40.9105
4040    671312    44.1903    41.0723
4040    671312    44.122    41.0081
4052    671312    44.291    41.1622
4052    671312    44.4113    41.2751
4041.5    671312    44.0993    40.985
4041.5    671312    43.9595    40.8618
4035    666648    44.0602    40.9542
4035    666648    44.33    41.2032
4054.5    666648    44.3853    41.2032
4054.5    666648    44.1903    41.0697
4071    672234    44.551    41.4035
4071    672234    44.4632    41.3188
4024    664684    43.9075    40.813
4024    664684    43.9075    40.813
4046    664684    44.2878    41.1622
4046    664684    44.1577    41.0389
4026    664684    43.9627    40.8669
4026    664684    43.7938    40.7026
3976.5    653674    43.4232    40.356
3976.5    653674    43.4232    40.356
4106.5    677052    43.888    40.7822
4106.5    677052    46.6375    43.342
4252    701765    46.6375    43.342
4252    701765    46.4945    43.2136
4300    710828    47.112    43.7887
4300    710828    47.2095    43.8786
4386.5    723408    47.307    43.9659
4386.5    723408    49.088    45.6245
4535    751493    49.4585    45.9634
4535    751493    50.219    46.672
4573    758995    50.3197    46.767
4573    758995    50.1215    46.5744
4522.5    750740    49.634    46.1277
4522.5    750740    49.634    46.1277
4546    750740    49.8225    46.3049
4546    750740    50.0175    46.4795
4559    758852    50.2385    46.69
4559    758852    49.8843    46.3562
4582    758852    50.1182    46.577
4582    758852    50.4562    46.8954
4603    767266    50.5115    46.8954
4603    767266    50.583    47.0058
4603    767266    49.8127    46.2997
4524    753442    49.6112    46.102
4524    753442    49.738    46.2201
4540    757910    49.9395    46.4101
4540    757910    49.5983    46.0918
4525.5    757910    49.751    46.2355
4525.5    757910    49.3545    45.8684
4496    750577    49.2895    45.8042
4496    750577    49.6632    46.1534
4564.5    762736    50.2938    46.7465
4564.5    762736    50.0467    46.5051
4533    762736    49.6112    46.102
4533    762736    49.6112    46.102
4521.5    756838    49.6112    46.102
4521.5    756838    49.725    46.215
4536.5    756838    49.8713    46.3511
4536.5    756838    49.7055    46.1996
4489.5    750857    49.2668    45.7837
4489.5    750857    48.8117    45.3677
4465.5    750857    48.9352    45.4756
4465.5    750857    49.1888    45.7118
4489    750857    49.2733    45.7965
4489    750857    49.439    45.9428
4491.5    750857    49.3155    45.8324
4491.5    750857    49.0522    45.586
4483.5    750857    49.1595    45.6887
4483.5    750857    49.3643    45.8761
4539    762632    49.4943    45.9993
4539    762632    50.6675    47.0956
4596    770672    50.5407    46.9698
4596    770672    50.908    47.3139
4911    828720    54.483    50.6157
4911    828720    54.4277    50.6157
4925    828720    54.3237    50.4847
4925    828720    54.1515    50.3281
4960    834679    54.4862    50.626
4960    834679    54.7852    50.9058
4953    834679    54.4017    50.5541
4953    834679    54.8177    50.9392
4970.5    834679    54.743    50.8724
4970.5    834679    54.743    50.8724
4944    829305    54.3107    50.4642
4944    829305    54.587    50.7287
4927.5    829305    54.132    50.2973
4927.5    829305    54.4212    50.5695
4945.5    829305    54.5643    50.703
4945.5    829305    54.3985    50.5515
4974    835428    54.7397    50.8699
4974    835428    54.8275    50.952
4969.5    835428    54.5967    50.7389
4969.5    835428    54.8372    50.9623
4969.5    835428    54.8372    50.9623
4969.5    835428    54.639    50.7749
4985    835428    55.003    51.1087
4985    835428    54.808    50.9289
4986    835428    54.808    50.9289
4986    835428    55.0452    51.1574
5030.5    844534    55.6107    51.6838
5030.5    844534    55.276    51.368
4961    833630    54.7332    50.8622
4961    833630    54.6325    50.7672
4961    833630    55.1265    51.2319
5013.5    843456    55.2663    51.3577
5013.5    843456    55.7277    51.7865
5056.5    851943    55.7277    51.7865
5056.5    851943    55.4125    51.4912
5024    846776    55.3507    51.4373
5024    846776    55.3507    51.4373
5002.5    846776    54.9965    51.1112
5002.5    846776    54.9022    51.0214
5003.5    846776    55.198    51.2935
5003.5    846776    55.419    51.5015
5032.5    846776    55.419    51.5015
5032.5    846776    55.6335    51.7017
5041    846776    55.6335    51.7017
5041    846776    55.211    51.3064
5018    846776    55.211    51.3064
5018    846776    55.3247    51.4142
4970.5    838407    54.7463    50.8724
4970.5    838407    53.8655    50.0611
4991    838407    54.2002    50.3795
4991    838407    59.0817    54.8906
5365    910855    59.2248    55.0369
5365    910855    59.059    54.8777
5302    898698    58.1945    54.087
5302    898698    58.2887    54.1665
5278    893561    58.2887    54.1665
5278    893561    58.448    54.3155
5323.5    901006    58.89    54.7237
5323.5    901006    58.4935    54.3488
5289.5    893636    58.2855    54.164
5289.5    893636    58.422    54.2949
5271    887297    58.214    54.0972
5271    887297    57.9897    53.8867
5280.5    887297    58.2432    54.1178
5280.5    887297    58.4155    54.2846
5285    887297    58.2757    54.1563
5285    887297    58.448    54.3155
5334.5    898981    58.7405    54.5825
5334.5    898981    59.1857    54.9958
5342    898981    59.0785    54.8983
5342    898981    58.8055    54.6492
5335    898981    58.9062    54.7417
5335    898981    58.9062    54.7417
5323.5    898981    58.7113    54.5619
5323.5    898981    58.8672    54.7057
5329    898981    58.929    54.7622
5329    898981    58.708    54.5542
5307    898981    58.6268    54.4746
5307    898981    58.5455    54.4028
5300    898981    58.3765    54.2538
5300    898981    58.7113    54.5619
5321    898981    58.7113    54.5619
5321    898981    58.812    54.6492
5325    898981    58.9615    54.7904
5325    898981    58.604    54.4592
5345    905614    58.8153    54.6569
5345    905614    59.1955    55.0087
5335.5    905614    59.0785    54.9034
5335.5    905614    58.7957    54.6415
5333    905614    58.5422    54.4028
5333    905614    59.0622    54.888
5333    905614    60.086    55.838
5437.5    923752    60.138    55.838
5437.5    923752    59.6245    55.3989
5507.5    935524    61.7533    57.3785
5507.5    935524    62.218    57.8201
5674.5    964518    62.9622    58.4979
5674.5    964518    64.5872    60.0204
5841.5    993981    64.6815    60.1052
5841.5    993981    64.8635    60.2772
5872.5    1.00124e+06    65.1332    60.5288
5872.5    1.00124e+06    64.896    60.308
5870    1.00124e+06    64.9577    60.3645
5870    1.00124e+06    65.4355    60.801
5881.5    1.00124e+06    64.9642    60.3645
5881.5    1.00124e+06    64.8245    60.2387
5874    1.00124e+06    65.1235    60.5185
5874    1.00124e+06    65.39    60.7573
5897.5    1.00124e+06    65.39    60.7573
5897.5    1.00124e+06    65.0423    60.4389
5883    1.00124e+06    65.2308    60.6161
5883    1.00124e+06    65.416    60.783
5946    1.00994e+06    66.1277    61.4454
5946    1.00994e+06    65.4355    60.8087
5907    1.0025e+06    65.4355    60.8087
5907    1.0025e+06    65.4355    60.8087
5894    1.0025e+06    65.1755    60.5673
5894    1.0025e+06    65.4453    60.8138
5931.5    1.0025e+06    65.8418    61.181
5931.5    1.0025e+06    64.9545    60.3183
1915.5    303452    13.9522    13.0172
1915.5    303452    0    0
183    0    0    0
183    0    0    0
182.5    0    0    0
182.5    0    0    0
183.5    0    0    0
183.5    0    0    0
183    0    0    0
183    0    0    0
182    0    0    0
182    0    0    0
182.5    0    0    0
182.5    0    0    0
182    0    0    0
182    0    0    0
182    0    0    0
182    0    0    0
4185.5    674058    0.78    1.5405
4185.5    674058    1.95    3.081
5960.5    996351    3.9    6.162
5960.5    996351    7.8    15.405
5960.5    1.00337e+06    19.5    30.81
5960.5    1.00337e+06    39    61.1691
5885    992194    65.0208    60.4261
5885    992194    65.3315    60.7239
5979.5    1.00766e+06    65.9717    61.2991
5979.5    1.00766e+06    66.5242    61.8228
5918.5    999813    65.7377    61.1219
5918.5    999813    65.416    60.7779
5886    992451    64.974    60.3722
5886    992451    65.325    60.6957
5886    992451    65.5167    60.8703
5889    992451    65.052    60.4492
5889    992451    65.6468    61.0089
5893.5    992451    64.9545    60.3568
5893.5    992451    65.4323    60.7984
5939    1.0048e+06    65.9555    61.2862
5939    1.0048e+06    66.2188    61.5327
5939.5    1.0048e+06    65.5265    60.8754
5939.5    1.0048e+06    65.3542    60.7214
5897.5    996640    65.3542    60.7214
5897.5    996640    65.3542    60.7214
5911.5    996640    65.468    60.8343
5911.5    996640    65.8775    61.2092
5905    996640    65.234    60.6084
5905    996640    65.0293    60.4235
5910.5    996640    65.5915    60.9473
5910.5    996640    65.8158    61.1578
5919    996640    65.5102    60.8806
5919    996640    65.7312    61.0757
5938.5    1.00198e+06    65.9782    61.3068
5938.5    1.00198e+06    65.5297    60.8908
5942    1.00198e+06    65.8385    61.1784
5942    1.00198e+06    65.8905    61.2297
5956.5    1.00198e+06    66.118    61.4351
5956.5    1.00198e+06    66.001    61.317
5978.5    1.00856e+06    66.1472    61.4608
5978.5    1.00856e+06    66.755    62.0257
6002.5    1.01498e+06    66.5372    61.8203
6002.5    1.01498e+06    66.3325    61.6405
6230    1.05249e+06    69.4167    64.4956
6230    1.05249e+06    70.525    65.538
6354.5    1.07545e+06    70.4405    65.461
6354.5    1.07545e+06    70.6095    65.6048
6347.5    1.07545e+06    70.4925    65.5021
6347.5    1.07545e+06    70.6485    65.6407
6400    1.08115e+06    71.1555    66.1183
6400    1.08115e+06    71.084    66.0515
6393    1.08115e+06    70.9865    65.9591
6393    1.08115e+06    70.9865    65.9591
6354.5    1.07247e+06    70.6517    65.6458
6354.5    1.07247e+06    70.109    65.1477
6308.5    1.0626e+06    69.8652    64.9167
6308.5    1.0626e+06    70.3105    65.3326
6377.5    1.07725e+06    70.7135    65.7075
6377.5    1.07725e+06    70.902    65.8769
6371    1.07725e+06    70.8175    65.8102
6371    1.07725e+06    70.5965    65.5996
6353.5    1.07725e+06    70.2975    65.3223
6353.5    1.07725e+06    70.824    65.805
6410    1.08606e+06    71.331    66.2774
6410    1.08606e+06    70.9638    65.9334
6393    1.08606e+06    71.1198    66.0874
6393    1.08606e+06    70.7687    65.7639
6353.5    1.07238e+06    70.4145    65.425
6353.5    1.07238e+06    70.5965    65.5945
6328    1.07238e+06    70.4242    65.4353
6328    1.07238e+06    70.0505    65.1015
6360.5    1.07878e+06    70.3755    65.3942
6360.5    1.07878e+06    70.7947    65.7845
6374    1.07878e+06    70.4112    65.4199
6374    1.07878e+06    71.0482    66.0156
6374    1.07878e+06    70.9215    65.8975
6405.5    1.08503e+06    71.2075    66.1593
6405.5    1.08503e+06    71.8152    66.7242
6439    1.0917e+06    71.318    66.2723
6439    1.0917e+06    71.1068    66.072
6418.5    1.08517e+06    71.3895    66.3339
6418.5    1.08517e+06    71.3895    66.3339
6420    1.08517e+06    71.175    66.1388
6420    1.08517e+06    71.721    66.642
6447    1.09217e+06    71.5033    66.4366
6447    1.09217e+06    71.5033    66.4366
6463    1.09217e+06    71.9062    66.8166
6463    1.09217e+06    71.9583    66.8166
6457.5    1.09217e+06    71.6495    66.5804
6457.5    1.09217e+06    71.9485    66.8474
6520.5    1.10336e+06    72.592    67.4636
6520.5    1.10336e+06    72.3808    67.2582
6468    1.09322e+06    72.3808    67.2582
6468    1.09322e+06    68.7602    63.8743
6148.5    1.0391e+06    68.2207    63.3864
6148.5    1.0391e+06    68.4775    63.6175
6525.5    1.10191e+06    73.3655    68.1466
6525.5    1.10191e+06    75.504    70.1595
6806    1.14952e+06    75.92    70.5446
6806    1.14952e+06    73.4955    68.2904
6472    1.09597e+06    71.9095    66.8115
6472    1.09597e+06    71.6332    66.565
6681    1.12925e+06    73.8108    68.5676
6681    1.12925e+06    77.48    71.9927
7020.5    1.17819e+06    78.13    72.5935
7020.5    1.17819e+06    78.286    72.7321
6965.5    1.17139e+06    77.5255    72.044
6965.5    1.17139e+06    77.2265    71.7668
6950    1.17139e+06    77.2265    71.7668
6950    1.17139e+06    77.519    72.0338
6946    1.17139e+06    77.311    71.8438
6946    1.17139e+06    77.077    71.6332
6965.5    1.17139e+06    77.363    71.8951
6965.5    1.17139e+06    77.844    72.3419
6978.5    1.17139e+06    77.7725    72.2751
6978.5    1.17139e+06    77.4215    71.9465
6969    1.17139e+06    77.4735    71.9978
6969    1.17139e+06    77.701    72.2032
6973    1.17139e+06    77.701    72.2032
6973    1.17139e+06    77.493    72.0184
6992    1.17139e+06    77.818    72.3059
6992    1.17139e+06    77.818    72.3059
6937.5    1.17139e+06    77.3565    71.89
6937.5    1.17139e+06    76.9405    71.4997
6964    1.17139e+06    77.389    71.9054
6964    1.17139e+06    77.6425    72.1519
7002.5    1.17736e+06    78.104    72.573
7002.5    1.17736e+06    77.727    72.2238
6941.5    1.16888e+06    77.3175    71.8438
6941.5    1.16888e+06    77.181    71.7308
6847.5    1.15469e+06    76.7065    71.2738
6847.5    1.15469e+06    75.725    70.37
6870.5    1.15469e+06    75.9915    70.6114
6870.5    1.15469e+06    76.6935    71.2738
7170    1.20165e+06    79.4625    73.831
7170    1.20165e+06    80.0605    74.4113
7170    1.20165e+06    80.3335    74.6475
7178    1.20165e+06    79.638    74.0005
7178    1.20165e+06    79.2805    73.6667
7115    1.19409e+06    79.144    73.5435
7115    1.19409e+06    78.7735    73.1994
7103    1.19409e+06    79.2805    73.6616
7103    1.19409e+06    79.2805    73.6616
7130.5    1.19409e+06    79.2805    73.6616
7130.5    1.19409e+06    79.7225    74.0826
7152.5    1.19409e+06    79.547    73.9183
7152.5    1.19409e+06    79.7485    74.1032
7103    1.19409e+06    78.5395    72.9992
7103    1.19409e+06    79.1115    73.5127
7104    1.19409e+06    79.0205    73.4356
7104    1.19409e+06    78.7475    73.1686
7060.5    1.18645e+06    78.7475    73.1686
7060.5    1.18645e+06    77.9805    72.4703
6977.5    1.17553e+06    77.519    72.0389
6977.5    1.17553e+06    77.974    72.4548
7040.5    1.18488e+06    78.286    72.7424
7040.5    1.18488e+06    78.598    73.0402
7047.5    1.18488e+06    78.377    72.8297
7047.5    1.18488e+06    78.377    72.8297
7085    1.18488e+06    79.0335    73.451
7085    1.18488e+06    78.8255    73.2559
7050.5    1.18488e+06    78.4225    72.8605
7050.5    1.18488e+06    78.273    72.7373
7095.5    1.19101e+06    79.027    73.4408
7095.5    1.19101e+06    79.274    73.677
7094    1.19101e+06    78.923    73.3432
7094    1.19101e+06    78.923    73.3432
7122.5    1.19101e+06    79.326    73.7232
7122.5    1.19101e+06    79.2675    73.6616
7129.5    1.19755e+06    79.339    73.7232
7129.5    1.19755e+06    79.404    73.7899
7045.5    1.18552e+06    78.507    72.9529
7045.5    1.18552e+06    78.091    72.573
7104    1.19422e+06    79.3455    73.7283
7104    1.19422e+06    79.274    73.6667
7171    1.20022e+06    79.729    74.0878
7171    1.20022e+06    79.963    74.3034
7181    1.20022e+06    79.963    74.3034
7181    1.20022e+06    79.963    74.3034
7143.5    1.20022e+06    79.443    73.8208
7143.5    1.20022e+06    79.586    73.9491
7131.5    1.20022e+06    79.3845    73.7745
7131.5    1.20022e+06    79.3845    73.7745
7136.5    1.19398e+06    79.651    74.021
7136.5    1.19398e+06    79.183    73.5897
7075.5    1.18589e+06    78.7215    73.1429
7075.5    1.18589e+06    78.78    73.2097
7074.5    1.18589e+06    78.78    73.2097
7074.5    1.18589e+06    78.78    73.2097
7124    1.19211e+06    79.521    73.8978
7124    1.19211e+06    79.0985    73.4973
7115.5    1.19211e+06    79.3975    73.7745
7115.5    1.19211e+06    78.9815    73.3946
7078.5    1.18499e+06    78.7215    73.1532
7078.5    1.18499e+06    78.806    73.2251
7112.5    1.18499e+06    78.884    73.3073
7112.5    1.18499e+06    79.4235    73.8054
7112.5    1.18499e+06    79.7095    73.8054
7163.5    1.19629e+06    79.781    74.134
7163.5    1.19629e+06    79.5795    73.9389
7187    1.19629e+06    80.3465    74.6629
7187    1.19629e+06    82.6865    76.8555
7444    1.23103e+06    82.888    77.0301
7444    1.23103e+06    82.888    76.5731
7398    1.23103e+06    82.4135    76.5731
7398    1.23103e+06    82.784    76.9326
7441.5    1.23103e+06    82.94    77.0712
7441.5    1.23103e+06    82.94    77.0712
7434    1.23103e+06    82.8035    77.0712
7434    1.23103e+06    82.069    76.2599
7388    1.2244e+06    82.446    76.6039
7388    1.2244e+06    82.3875    76.5526
7377    1.2244e+06    82.3875    76.3472
7377    1.2244e+06    82.589    76.7374
7457    1.23211e+06    82.589    77.3434
7457    1.23211e+06    83.3105    77.3434
7415    1.23211e+06    82.4785    76.6399
7415    1.23211e+06    82.069    76.6399
7390.5    1.22544e+06    82.316    76.4961
7390.5    1.22544e+06    82.9075    76.4961
7509    1.23645e+06    82.9075    77.8517
7509    1.23645e+06    83.564    77.8517
7395.5    1.22584e+06    82.186    76.3626
7395.5    1.22584e+06    82.186    76.2445
2677    421974    18.46    17.4076
2677    421974    18.46    0
187.5    0    0    0
187.5    0    0    0
188    0    0    0
188    0    0    0
188    0    0    0
188    0    0    0
187.5    0    0    0
187.5    0    0    0
187    0    0    0
187    0    0    0
187    0    0    0
187    0    0    0
186.5    0    0    0
186.5    0    0    0
186.5    0    0    0
186.5    0    0    0
186.5    0    0    0
186.5    0    0    0
186.5    0    0    0
186.5    0    0    0
186.5    0    0    0
186.5    0    0    0
186.5    0    0    0
186.5    0    0    0
186.5    0    0    0
186.5    0    0    0
185.5    4    0    0
185.5    4    0    0
187    0    0    0
187    0    0    0
187    0    0    0
187    0    0    0
187    0    0    0
187    0    0    0
187    0    0    0
185.5    1    0    0
185.5    1    0    0
186    0    0    0
186    0    0    0
188.5    0    0    0
188.5    0    0    0
189    0.5    0    0
189    0.5    0    0
188    0    0    0
188    0    0    0
188.5    3.5    0    0
188.5    3.5    0    0
188.5    0    0    0
188.5    0    0    0
188.5    4    0    0
188.5    4    0    0
188    0    0    0
188    0    0    0
188    0    0    0
188    0    0    0
188.5    0    0    0
188.5    0    0    0
189.5    0    0    0
189.5    0    0    0
188.5    0    0    0
188.5    0    0    0
189    1.5    0    0
189    1.5    0    0
186.5    3    0    0
186.5    3    0    0
188.5    0    0    0
188.5    0    0    0
188.5    0    0    0
188.5    0    0    0
189    0    0    0
189    0    0    0
189.5    0    0    0
189.5    0    0    0
188.5    0    0    0
188.5    0    0    0
188.5    0    0    0
188.5    0    0    0
187    0    0    0
187    0    0    0
188.5    0    0    0
188.5    0    0    0
187    0    0    0
187    0    0    0
188    0    0    0
188    0    0    0
188.5    2.5    0    0
188.5    2.5    0    0
188    0    0    0
188    0    0    0
188    0.5    0    0
188    0.5    0    0
188    0    0    0
188    0    0    0
188    0    0    0
187    11    0    0
187    11    0    0
187.5    0    0    0
187.5    0    0    0
188    0    0    0
188    0    0    0
187    0    0    0
