scalerS16b	IPM2C21A	IPM2C24A	
151	1.39062e+07	0	0
150	1.39062e+07	0	0
153	1.39062e+07	0	0
152	1.39062e+07	0	0
152	1.39062e+07	0	0
152	1.39062e+07	0	0
152	1.39062e+07	0	0
154	1.39062e+07	0	0
152	1.39062e+07	0	0
149	1.39062e+07	0	0
154	1.39062e+07	0	0
154	1.39062e+07	0	0
154	1.39062e+07	0	0
154	1.39062e+07	0	0
156	1.39062e+07	0	0
155	1.39062e+07	0	0
153	1.39062e+07	0	0
149	1.39062e+07	0	0
150	1.39062e+07	0	0
148	1.39062e+07	0	0
148	1.39062e+07	0	0
149	1.39062e+07	0	0
149	1.39062e+07	0	0
149	1.39062e+07	0	0
144	1.39062e+07	0	0
143	1.39062e+07	0	0
145	1.39062e+07	0	0
149	1.39062e+07	0	0
2023	1.39062e+07	0	0
5069	1.39062e+07	0	0.6162
4897	1.39062e+07	1.95	1.5405
4924	1.39062e+07	3.9	3.081
4986	1.39062e+07	7.8	6.162
5022	1.39062e+07	19.5	15.405
4816	1.39062e+07	34.9615	30.4778
4815	1.39062e+07	38.7894	36.8025
4893	1.39062e+07	35.49	35.0643
4682	1.39062e+07	24.2027	23.3642
4713	1.39062e+07	24.0077	23.1563
4649	1.39062e+07	23.4812	22.5221
4886	1.39062e+07	23.335	22.6787
4680	1.39062e+07	23.5495	23.1845
4649	1.39062e+07	24.336	23.2359
4649	1.39062e+07	23.3545	22.4605
4749	1.39062e+07	23.4097	23.223
4594	1.39062e+07	23.7705	22.5529
4803	1.39062e+07	23.0685	22.2654
4732	1.39062e+07	23.517	22.9868
4589	1.39062e+07	23.6535	22.7763
4348	1.39062e+07	23.179	22.3013
4564	1.39062e+07	22.2917	21.2923
4655	1.39062e+07	22.5875	21.9855
4675	1.39062e+07	22.997	22.3552
4675	1.39062e+07	22.8865	22.9021
4622	1.39062e+07	23.777	22.6094
4596	1.39062e+07	23.1335	22.2268
4550	1.39062e+07	22.4608	22.119
4612	1.39062e+07	22.841	22.0497
4542	1.39062e+07	23.1887	22.3552
4481	1.39062e+07	22.7305	21.7698
4468	1.39062e+07	22.6687	21.947
4657	1.39062e+07	22.1423	21.5002
4608	1.39062e+07	22.5745	22.3141
4487	1.39062e+07	23.2668	22.3758
4577	1.39062e+07	23.1173	22.1498
4535	1.39062e+07	22.2397	21.8006
4469	1.39062e+07	22.8638	22.0035
4415	1.39062e+07	22.3958	21.6235
4447	1.39062e+07	22.295	21.1896
4488	1.39062e+07	21.8888	21.5285
4410	1.39062e+07	22.2528	21.7416
4432	1.39062e+07	22.5875	21.8212
4439	1.39062e+07	21.8498	20.7428
4533	1.39062e+07	22.0058	21.4951
4533	1.39062e+07	22.2365	22.0394
4467	1.39062e+07	22.6687	21.9675
4386	1.39062e+07	22.3632	21.4797
4572	1.39062e+07	22.1292	21.3796
4533	1.39062e+07	22.6427	22.2756
4591	1.39062e+07	22.9255	22.101
4519	1.39062e+07	22.8573	21.9983
4317	1.39062e+07	22.8573	21.8571
4319	1.39062e+07	22.0058	20.6145
4503	1.39062e+07	21.099	21.1921
4410	1.39062e+07	22.2593	21.5105
4393	1.39062e+07	22.1455	21.6029
4557	1.39062e+07	22.2722	21.3411
4638	1.39062e+07	22.334	21.9624
4633	1.39062e+07	22.88	22.6967
4557	1.39062e+07	23.465	22.2345
4629	1.39062e+07	22.9125	22.0933
4682	1.39062e+07	22.9125	22.4836
4569	1.39062e+07	23.3188	22.6248
4670	1.39062e+07	22.867	21.9881
4508	1.39062e+07	23.036	22.5118
4583	1.39062e+07	23.1302	22.0728
4639	1.39062e+07	22.5875	22.1473
4532	1.39062e+07	23.4065	22.5401
4461	1.39062e+07	22.685	22.0317
4503	1.39062e+07	22.5452	21.6902
4608	1.39062e+07	22.3048	21.6902
4498	1.39062e+07	22.5192	21.9033
4684	1.39062e+07	22.8962	21.9033
4607	1.39062e+07	22.555	22.3732
4714	1.39062e+07	23.2992	22.5991
4714	1.39062e+07	23.179	22.6762
4596	1.39062e+07	23.6567	22.6043
4631	1.39062e+07	23.036	22.5529
4663	1.39062e+07	23.036	22.024
4593	1.39062e+07	23.3123	22.7763
4468	1.39062e+07	23.0425	21.8392
4656	1.39062e+07	22.2495	21.8392
4516	1.39062e+07	22.9352	22.2628
4589	1.39062e+07	22.6558	21.9829
4585	1.39062e+07	23.0457	22.4066
4453	1.39062e+07	23.0457	22.0009
4502	1.39062e+07	22.3535	21.5619
4462	1.39062e+07	22.1877	21.6671
4431	1.39062e+07	22.2885	21.5798
4390	1.39062e+07	22.4023	21.4746
4467	1.39062e+07	21.996	21.3257
4449	1.39062e+07	21.7393	21.5054
4404	1.39062e+07	22.5128	21.5054
4504	1.39062e+07	21.9375	21.5054
4600	1.39062e+07	22.3925	21.6312
4488	1.39062e+07	22.6427	22.1421
4474	1.39062e+07	22.8767	21.9213
4364	1.39062e+07	22.477	21.644
4463	1.39062e+07	22.0903	21.1228
4413	1.39062e+07	21.9602	21.6338
4118	1.39062e+07	22.256	21.395
4251	1.39062e+07	21.671	20.4835
4309	1.49432e+07	20.761	20.1908
4462	1.3906e+07	21.4012	20.9149
4496	1.3906e+07	21.4727	21.3488
4442	1.3906e+07	22.3438	21.6671
4442	1.3906e+07	22.4478	21.7673
4524	1.3906e+07	22.2755	21.6132
4444	1.3906e+07	22.4835	21.7929
4424	1.3906e+07	22.204	21.4489
4312	1.3906e+07	22.2755	21.6466
4303	1.3906e+07	21.736	20.4424
4381	1.3906e+07	21.1348	20.9149
4500	1.3906e+07	22.0805	21.3025
4523	1.3906e+07	22.0805	21.8469
4556	1.3906e+07	22.6395	21.6209
4549	1.3906e+07	22.1423	21.9701
4615	1.3906e+07	22.789	22.2602
4483	1.3906e+07	22.9742	22.2602
4580	1.3906e+07	22.7305	21.7621
4613	1.3906e+07	22.7305	22.0985
4475	1.3906e+07	22.8345	22.2089
4480	1.3906e+07	22.7305	21.7955
4454	1.3906e+07	22.3535	21.6158
4525	1.3906e+07	21.8627	21.4129
4562	1.3906e+07	22.646	22.0702
4523	1.3906e+07	22.776	22.0702
4616	1.3906e+07	22.4998	21.8366
4519	1.3906e+07	22.9125	22.3578
4623	1.3906e+07	22.828	21.7827
4497	1.3906e+07	22.5322	22.0497
4546	1.3906e+07	23.0815	22.1755
4417	1.3906e+07	22.7045	21.9881
4410	1.3906e+07	22.7695	21.6877
4507	1.3906e+07	21.84	21.0894
4454	1.3906e+07	22.2105	21.8725
4561	1.3906e+07	22.4088	21.6492
4561	1.3906e+07	22.4835	22.0394
4543	1.3906e+07	22.7598	22.0394
4544	1.3906e+07	22.62	22.0394
4520	1.3906e+07	22.7857	21.9829
4701	1.3906e+07	22.6427	21.929
4533	1.3906e+07	23.3188	22.5889
4652	1.3906e+07	22.8215	22.214
4569	1.3906e+07	23.2245	22.5272
4688	1.3906e+07	23.0165	22.3552
4691	1.3906e+07	23.4357	22.422
4609	1.3906e+07	23.2797	22.6351
4441	1.3906e+07	23.1595	22.2551
4553	1.3906e+07	22.529	21.6338
4594	1.40002e+07	22.3632	22.0009
4729	1.39033e+07	22.8865	22.1601
4640	1.39033e+07	23.3837	22.9278
4711	1.39033e+07	23.5105	22.6582
4627	1.39033e+07	23.2342	22.7249
4563	1.39033e+07	23.5365	22.4733
4557	1.39033e+07	22.867	21.9008
4441	1.39033e+07	22.6103	21.9932
4572	1.39033e+07	22.49	21.5619
4571	1.39033e+07	22.49	22.1421
4474	1.39033e+07	22.737	22.0574
4621	1.39033e+07	22.6623	21.6286
4631	1.39033e+07	22.542	22.1421
4689	1.39033e+07	23.0002	22.5529
4556	1.39033e+07	23.4228	22.6171
4665	1.39033e+07	23.3025	22.5247
4532	1.39033e+07	22.867	22.2859
4580	1.39033e+07	23.0782	22.1652
4580	1.39033e+07	22.7792	22.1652
4565	1.39033e+07	22.9775	22.2602
4656	1.39033e+07	22.9775	22.024
4527	1.39033e+07	23.1205	22.766
4589	1.39033e+07	22.8507	21.644
4758	1.39033e+07	22.659	22.6325
4690	1.39033e+07	23.7283	22.956
4715	1.39033e+07	23.556	22.6299
4654	1.39033e+07	23.3967	22.6941
4702	1.39033e+07	23.2505	22.6941
4592	1.39033e+07	23.3577	22.3732
4647	1.39033e+07	23.2375	22.6171
4594	1.39033e+07	23.348	22.5041
4614	1.39033e+07	23.0912	22.4451
4555	1.39033e+07	23.2342	22.327
4500	1.39033e+07	23.0457	22.1421
4649	1.39033e+07	22.3925	21.852
4448	1.39033e+07	23.1205	22.5889
4440	1.39033e+07	22.6427	21.5156
4539	1.39033e+07	22.3632	21.5156
4417	1.39033e+07	22.1975	21.8982
4544	1.39033e+07	22.7175	21.4977
4551	1.39033e+07	22.0187	21.8931
4465	1.39033e+07	22.5095	21.8931
4535	1.39033e+07	23.0068	21.8931
4537	1.39033e+07	22.0837	21.6543
4580	1.39033e+07	22.6265	21.8802
4656	1.39033e+07	22.7955	22.1627
4441	1.39033e+07	22.7955	22.2294
4424	1.39033e+07	23.3415	22.2833
4493	1.39033e+07	22.1065	21.223
4493	1.39033e+07	22.1715	21.5516
4462	1.39033e+07	22.5128	21.8931
4529	1.39033e+07	22.347	21.8931
4534	1.39033e+07	22.6947	21.6877
4497	1.39033e+07	22.4478	21.9829
4624	1.39033e+07	22.6947	21.9829
4573	1.39033e+07	22.7955	22.4399
4485	1.39033e+07	23.0847	21.9393
4301	1.39033e+07	22.4185	21.2101
4601	1.39033e+07	21.2843	21.4515
4721	1.39033e+07	23.036	22.6197
4584	1.39033e+07	23.504	22.7814
4514	1.39033e+07	23.244	21.9008
4623	1.39033e+07	22.4185	22.0548
4622	1.39033e+07	22.9872	22.2808
4546	1.39033e+07	22.9872	22.3424
4668	1.39033e+07	22.7337	22.2705
4639	1.39033e+07	23.2407	22.481
4558	1.39033e+07	23.2407	22.5478
4727	1.39033e+07	23.335	22.3681
4590	1.39033e+07	23.062	22.5632
4627	1.39033e+07	23.062	22.481
4552	1.39033e+07	23.2083	22.2217
2261	1.39033e+07	22.8573	22.1396
2156	1.39033e+07	20.6115	14.016
2153	1.39033e+07	10.4	9.99528
2098	1.39033e+07	7.6752	7.43034
2072	1.39033e+07	10.3779	9.97114
1739	1.39033e+07	10.0217	9.5624
1733	1.39033e+07	9.8774	8.86506
1746	1.39033e+07	8.3759	8.04038
1746	1.39033e+07	8.177	7.95001
1720	1.39033e+07	8.2797	7.95001
1705	1.39033e+07	8.177	8.00238
1529	1.39033e+07	8.177	7.46321
1479	1.39033e+07	7.241	6.90349
1497	1.39033e+07	7.0148	6.7135
1532	1.39033e+07	6.9225	6.86755
1474	1.39033e+07	7.1409	6.86755
1316	1.39033e+07	6.9901	6.47729
1356	1.39033e+07	6.2036	5.88882
1340	1.39033e+07	6.2036	6.086
1303	1.39033e+07	6.2036	6.01925
1299	1.39033e+07	6.1178	5.84363
1264	1.39033e+07	6.0424	5.84363
1253	1.39033e+07	5.8838	5.65364
1228	1.39033e+07	5.733	5.56839
1252	1.39033e+07	5.733	5.48007
1270	1.39033e+07	5.6602	5.56737
1213	1.39033e+07	5.7707	5.62077
1229	1.39033e+07	5.7707	5.46159
1231	1.39033e+07	5.5757	5.41126
1218	1.39033e+07	5.5757	5.47494
1218	1.39033e+07	5.5757	5.38251
1174	1.39033e+07	5.5757	5.43591
1183	1.39033e+07	5.5094	5.20586
1211	1.39033e+07	5.3222	5.20586
1211	1.39033e+07	5.4158	5.36299
1164	1.39033e+07	5.4912	5.36299
1149	1.39033e+07	5.4912	5.25927
1164	1.39033e+07	5.2936	5.08468
1158	1.39033e+07	5.2351	5.08468
1158	1.39033e+07	5.2923	5.08468
1148	1.39033e+07	5.2923	5.08468
1127	1.39033e+07	5.2039	5.01381
1150	1.39033e+07	5.0973	5.01381
1125	1.39033e+07	3.69915	5.01381
1147	1.39033e+07	5.1012	4.94809
1149	1.39033e+07	5.1883	5.08365
1145	1.39033e+07	5.1883	5.02306
1169	1.39033e+07	5.1883	5.02306
1146	1.39033e+07	5.1883	5.16889
1158	1.39033e+07	5.3079	5.0323
1186	1.39033e+07	5.1935	5.14424
1123	1.39033e+07	5.3638	5.14424
1137	1.39033e+07	5.14085	4.87209
1143	1.39033e+07	5.02125	4.95425
1155	1.39033e+07	5.09015	4.95425
1122	1.39033e+07	5.2026	5.09187
1145	1.39033e+07	5.2026	4.95733
1158	1.39033e+07	5.1012	4.95733
1144	1.39033e+07	5.20065	5.02203
1178	1.39033e+07	5.1259	5.02203
1192	1.39033e+07	5.1974	5.12576
1150	1.39033e+07	5.2962	5.19354
1113	1.39033e+07	5.35535	5.05387
1109	1.39033e+07	5.09145	4.93576
1141	1.39033e+07	5.0349	4.81252
1125	1.39033e+07	5.0349	4.99122
1113	1.39033e+07	5.0882	4.9183
1131	1.39033e+07	5.0882	4.9183
1135	1.39033e+07	4.9985	4.84641
1131	1.39033e+07	5.13955	5.03333
1131	1.39033e+07	5.0661	4.87517
1116	1.39033e+07	5.0661	4.94603
1114	1.39033e+07	5.0661	4.88749
1109	1.39033e+07	5.0661	4.88749
1120	1.39033e+07	5.0661	4.88749
1139	1.39033e+07	4.99785	4.88749
1127	1.39033e+07	5.0973	4.97992
1109	1.39033e+07	5.0973	4.92344
1125	1.39033e+07	4.9985	4.80533
1113	1.39033e+07	4.9985	4.96041
1131	1.39033e+07	5.0713	4.87825
1103	1.39033e+07	5.0713	4.983
1116	1.39033e+07	4.99135	4.76014
1130	1.39033e+07	4.9322	4.9029
1132	1.39033e+07	5.1129	4.9029
1127	1.39033e+07	4.9608	4.9029
1133	1.39033e+07	5.1077	4.9029
1137	1.39033e+07	5.1662	4.9029
1149	1.39033e+07	5.0219	4.9029
1141	1.39033e+07	5.10835	4.99327
1146	1.39033e+07	5.10835	4.99327
1108	1.39033e+07	5.10835	4.99327
1101	1.39033e+07	5.10835	4.88338
1099	1.39033e+07	5.00955	4.81355
1097	1.39033e+07	4.89255	4.74987
1140	1.39033e+07	4.89255	4.74987
1154	1.39033e+07	4.89255	4.87517
1112	1.39033e+07	5.096	4.99533
1098	1.39033e+07	5.096	4.89982
1115	1.39033e+07	5.0011	4.7622
1073	1.39033e+07	4.8828	4.81252
1073	1.39033e+07	4.953	4.71906
1123	1.39033e+07	4.85225	4.79404
1121	1.39033e+07	5.0063	4.89571
1142	1.39033e+07	5.0063	4.89571
1142	1.39033e+07	5.0063	4.95527
1144	1.39033e+07	5.10315	4.95527
1121	1.40228e+07	5.10315	5.05387
1118	1.3908e+07	5.10315	4.85566
1101	1.3908e+07	4.9764	4.85566
1142	1.3908e+07	4.9764	4.77041
1094	1.3908e+07	4.9764	4.93679
1116	1.3908e+07	4.9764	4.77863
1152	1.3908e+07	4.9764	4.8423
1143	1.3908e+07	5.1519	4.99225
1117	1.3908e+07	5.0583	4.99225
1121	1.3908e+07	5.1285	4.92036
1122	1.3908e+07	5.0375	4.92036
1154	1.3908e+07	5.0375	4.92036
1123	1.3908e+07	5.09405	5.01381
1127	1.3908e+07	5.09405	4.91728
1134	1.3908e+07	5.09405	4.91728
1141	1.3908e+07	5.09405	4.98711
1125	1.3908e+07	5.09405	4.91933
1106	1.3908e+07	5.09405	4.91933
1136	1.3908e+07	5.03815	4.77863
1108	1.3908e+07	5.03815	4.93987
1140	1.3908e+07	5.03815	4.84847
1157	1.3908e+07	5.03815	4.91111
1140	1.3908e+07	5.2026	5.05797
1162	1.3908e+07	5.1415	4.9943
1154	1.3908e+07	5.1415	5.04462
1154	1.3908e+07	5.1415	4.94911
1127	1.3908e+07	5.1415	5.00354
1150	1.3908e+07	5.0609	4.91419
1151	1.3908e+07	5.13305	5.05181
1147	1.3908e+07	5.1896	5.05181
1159	1.3908e+07	5.1896	5.00149
1143	1.3908e+07	5.1896	5.00149
1117	1.3908e+07	5.1896	5.00149
1102	1.3908e+07	5.0024	4.945
1091	1.3908e+07	5.05245	4.70777
1122	1.3908e+07	4.8217	4.70777
1109	1.3908e+07	4.95105	4.91625
1126	1.3908e+07	4.95105	4.91625
1081	1.3908e+07	5.0921	4.91625
1136	1.3908e+07	4.95885	4.72625
1116	1.3908e+07	4.95885	4.91317
1099	1.3908e+07	5.04855	4.91317
1137	1.3908e+07	4.97185	4.79917
1165	1.3908e+07	4.97185	4.94911
1156	1.3908e+07	5.24875	5.07338
1118	1.3908e+07	5.12785	5.07338
1188	1.3908e+07	5.12785	4.87414
1166	1.3908e+07	5.0544	5.09905
1159	1.3908e+07	5.3833	5.21716
1109	1.3908e+07	5.29815	5.06106
1149	1.3908e+07	5.14865	4.945
1150	1.3908e+07	4.93675	4.82279
1144	1.3908e+07	5.1168	5.01895
1185	1.3908e+07	5.2351	5.08468
1179	1.3908e+07	5.0778	4.99841
1173	1.3908e+07	5.343	5.19457
1173	1.3908e+07	5.23055	5.07954
1136	1.3908e+07	5.2871	5.02306
1149	1.3908e+07	5.06285	4.89776
1180	1.3908e+07	5.12655	5.09803
1158	1.3908e+07	5.2845	5.09803
1167	1.3908e+07	5.20845	5.09803
1151	1.3908e+07	5.20845	5.09803
1183	1.3908e+07	5.20845	5.09803
1154	1.3908e+07	5.20845	5.09803
1171	1.3908e+07	5.15125	5.09803
1135	1.3908e+07	5.2962	5.09803
1134	1.3908e+07	5.1441	4.98095
1143	1.3908e+07	5.1441	4.88236
1188	1.3908e+07	5.01215	4.97992
1144	1.3908e+07	5.3703	5.20689
1149	1.3908e+07	5.22665	4.99635
1161	1.3908e+07	5.11355	4.99635
1142	1.3908e+07	5.18245	5.10214
1165	1.3908e+07	5.25525	4.99841
1174	1.3908e+07	5.06545	5.07851
1162	1.3908e+07	5.35405	5.07851
1194	1.3908e+07	5.1675	5.07851
1143	1.3908e+07	5.3131	5.18327
1136	1.3908e+07	5.3131	5.09392
1157	1.3908e+07	5.14085	4.9296
1162	1.3908e+07	5.14085	5.059
1152	1.3908e+07	5.14085	5.059
1181	1.3908e+07	5.2637	5.059
1150	1.3908e+07	5.19285	5.059
1191	1.3908e+07	5.28125	5.059
1177	1.3908e+07	5.1857	5.059
1177	1.3908e+07	5.31635	5.17403
1180	1.3908e+07	5.3937	5.29316
1171	1.3908e+07	5.3937	5.08673
1128	1.3908e+07	5.24615	4.983
1143	1.3908e+07	5.0752	4.983
1137	1.3908e+07	5.16295	5.06516
1161	1.3908e+07	5.16295	5.0056
1156	1.3908e+07	5.16295	5.0056
1145	1.3908e+07	5.26955	5.07338
1170	1.3908e+07	5.14085	5.02306
1200	1.3908e+07	5.24355	5.15246
1161	1.3908e+07	5.42815	5.20278
1138	1.3908e+07	5.2689	5.05695
1168	1.3908e+07	5.1623	4.95527
1139	1.3908e+07	5.08495	5.04668
1091	1.3908e+07	5.1441	4.93268
1128	1.3908e+07	5.031	4.81355
1116	1.3908e+07	5.031	4.91317
1114	1.3908e+07	5.031	4.91317
1135	1.3908e+07	4.97445	4.91317
1153	1.3908e+07	5.1337	4.98198
1121	1.3908e+07	5.1337	5.04873
1126	1.3908e+07	5.1337	4.92446
1131	1.3908e+07	5.03035	4.92446
1151	1.3908e+07	5.03035	4.92446
1162	1.3908e+07	5.03035	4.99738
1165	1.3908e+07	5.23835	5.11651
1163	1.3908e+07	5.23835	5.11651
1167	1.3908e+07	5.23835	5.11651
1129	1.3908e+07	5.23835	5.11651
1162	1.3908e+07	5.23835	5.01279
1162	1.3908e+07	5.0804	4.93987
1161	1.3908e+07	5.23315	5.15759
1144	1.3908e+07	5.23315	4.99841
1127	1.3908e+07	5.1675	4.99841
1144	1.3908e+07	5.09405	4.93987
1109	1.3908e+07	5.1597	5.01689
1176	1.3908e+07	5.0739	4.91522
1170	1.3908e+07	5.2221	5.17608
1148	1.3908e+07	5.30075	5.17608
1164	1.3908e+07	5.30075	5.02203
1088	1.3908e+07	5.30075	5.02203
1133	1.3908e+07	5.0141	4.72831
1113	1.3908e+07	4.9348	4.95014
1161	1.3908e+07	5.0843	4.88749
1151	1.3908e+07	5.1766	5.06106
1155	1.37708e+07	5.1766	5.06106
1166	1.39053e+07	5.25395	5.11857
1164	1.39053e+07	5.31375	5.11857
1158	1.39053e+07	5.19935	5.11857
1156	1.39053e+07	5.3534	5.11857
1142	1.39053e+07	5.1961	5.11857
1158	1.39053e+07	5.2559	5.11857
1136	1.38347e+07	5.16945	5.05181
1147	1.38347e+07	5.16945	4.99635
1158	1.39068e+07	5.0986	4.99635
1175	1.39068e+07	5.2	5.07646
1136	1.39068e+07	5.2806	5.15759
1101	1.39068e+07	5.2806	5.03538
1144	1.39068e+07	5.1116	4.87722
1125	1.39068e+07	4.96535	4.87722
1133	1.39068e+07	5.17985	4.96657
1133	1.39068e+07	5.02905	4.96657
1133	1.39068e+07	5.11355	4.96657
1152	1.39068e+07	5.11355	4.96657
1155	1.39068e+07	5.187	5.06414
1130	1.39068e+07	5.187	5.06414
1143	1.39068e+07	5.1155	4.91009
1139	1.39068e+07	5.1155	5.00149
1148	1.39068e+07	5.1155	5.05592
1125	1.39068e+07	5.23055	5.05592
1152	1.39068e+07	5.12135	4.87517
1131	1.39068e+07	5.12135	5.10522
1092	1.39068e+07	5.12135	4.87517
1080	1.39068e+07	4.9231	4.77452
1097	1.39068e+07	4.9231	4.66669
1105	1.39068e+07	4.74695	4.8156
1104	1.39068e+07	5.0258	4.8156
1105	1.39068e+07	5.0258	4.8156
1125	1.39068e+07	4.94455	4.8156
1116	1.39068e+07	5.01345	4.88647
1104	1.39068e+07	5.01345	4.88647
1096	1.39068e+07	4.862	4.70674
1079	1.39068e+07	4.862	4.76323
1121	1.39068e+07	4.862	4.66771
1091	1.39068e+07	4.9647	4.87003
1104	1.39068e+07	4.9647	4.75501
1090	1.39068e+07	4.90295	4.81252
1137	1.39068e+07	4.90295	4.67388
1127	1.39068e+07	4.90295	4.94192
1859	1.39068e+07	5.0869	4.94192
2673	1.39068e+07	5.0869	5.84671
2572	1.39068e+07	9.7058	12.2408
2572	1.39068e+07	12.9467	12.2408
2614	1.39068e+07	12.5405	12.2408
2594	1.39068e+07	12.634	12.2408
2515	1.39068e+07	12.634	12.2408
2464	1.39068e+07	12.3377	11.6318
2413	1.39068e+07	11.9288	11.5425
2328	1.39068e+07	11.7858	11.2549
2334	1.39068e+07	11.4257	10.8903
2297	1.39068e+07	11.2281	10.9951
2355	1.39068e+07	11.2281	10.9951
2206	1.39068e+07	11.4263	10.9951
2258	1.39068e+07	10.9486	10.4518
2376	1.39068e+07	11.0168	10.7773
2305	1.39068e+07	11.4081	11.1697
2136	1.39068e+07	11.4081	10.7722
2129	1.39068e+07	10.7049	9.91877
2199	1.39068e+07	10.0861	10.0903
2267	1.39068e+07	10.5918	10.3481
2149	1.39068e+07	10.8504	10.6911
2191	1.39068e+07	10.8504	10.1673
2153	1.39068e+07	10.3129	10.1673
2186	1.39068e+07	10.4552	10.0328
2119	1.39068e+07	10.6034	10.3891
2145	1.39068e+07	10.3994	9.85817
2187	1.39068e+07	10.1673	10.0174
2176	1.39068e+07	10.5638	10.2186
2208	1.39068e+07	10.4286	10.1683
2249	1.39068e+07	10.4799	10.27
2137	1.39068e+07	10.7965	10.4816
2145	1.39068e+07	10.7341	10.1057
2207	1.39068e+07	10.2954	10.0174
2207	1.39068e+07	10.4325	10.2659
2219	1.39068e+07	10.5716	10.4415
2150	1.39068e+07	10.7432	10.1478
2091	1.39068e+07	10.3116	9.8859
2111	1.39068e+07	10.0529	9.70926
2221	1.39068e+07	10.2063	10.002
2166	1.39068e+07	10.5125	10.2371
2221	1.39068e+07	10.5125	10.2371
2166	1.39068e+07	10.764	10.3429
2161	1.39068e+07	10.4299	10.1252
2182	1.39068e+07	10.4299	10.1817
2184	1.39068e+07	10.569	10.2597
2140	1.39068e+07	10.569	10.2597
2099	1.39068e+07	10.4656	9.9506
2036	1.39068e+07	10.1108	9.74007
2050	1.39068e+07	9.98595	9.52953
2109	1.39068e+07	9.815	9.60758
2156	1.39068e+07	10.0366	9.86536
2060	1.39068e+07	10.1939	10.0461
2166	1.39068e+07	10.1939	9.65791
2181	1.39068e+07	10.1939	10.0615
2112	1.39068e+07	10.2622	9.99784
2187	1.39068e+07	10.4032	9.99784
2096	1.39068e+07	10.5007	10.2751
2047	1.39068e+07	10.3967	9.82634
2063	1.39068e+07	10.1283	9.69591
2066	1.39068e+07	9.7539	9.53467
2084	1.39068e+07	9.86375	9.53467
2150	1.39068e+07	10.0087	9.89104
2083	1.39068e+07	10.1296	9.89104
2131	1.39068e+07	10.2947	9.7678
2131	1.39068e+07	10.0613	9.87871
2138	1.39068e+07	10.2446	9.95882
2101	1.39068e+07	10.3265	9.95882
2115	1.39068e+07	10.1601	9.95882
2078	1.39068e+07	10.1601	9.67639
2096	1.39068e+07	10.0568	9.67639
2016	1.39068e+07	10.0568	9.67639
2070	1.39068e+07	9.71295	9.44429
2119	1.39068e+07	9.9203	9.63326
2114	1.39068e+07	9.9931	9.9773
2005	1.39068e+07	10.2492	9.60861
2094	1.39068e+07	9.685	9.46278
2060	1.39068e+07	9.94955	9.70412
2121	1.39068e+07	9.87285	9.70412
2114	1.39068e+07	10.1146	9.93212
2133	1.40333e+07	10.3038	9.8746
2155	1.39093e+07	10.3038	10.0348
2163	1.39093e+07	10.359	10.117
2188	1.39093e+07	10.4838	10.0163
2109	1.39093e+07	10.4007	10.2053
2176	1.39093e+07	10.4007	9.99682
2121	1.39093e+07	10.4007	10.1088
2143	1.39093e+07	10.3486	9.93417
2111	1.39093e+07	10.1757	9.93417
2136	1.39093e+07	10.3077	9.93417
2091	1.39093e+07	10.0848	9.93417
2139	1.39093e+07	10.2505	9.81607
2152	1.39093e+07	10.0334	9.81607
2201	1.39093e+07	10.207	10.0009
2167	1.39093e+07	10.2928	10.0738
2177	1.39093e+07	10.6756	10.3213
2177	1.39093e+07	10.4988	10.1334
2178	1.39093e+07	10.3714	9.99579
2105	1.39093e+07	10.3714	9.99579
2085	1.39093e+07	10.1432	9.69077
2604	1.39093e+07	10.0113	9.69077
3655	1.39093e+07	11.9873	15.7552
3622	1.39093e+07	18.0323	17.3768
3629	1.39093e+07	27.7654	17.3768
3614	1.39093e+07	17.888	17.4672
3651	1.39093e+07	17.888	17.268
3467	1.39093e+07	17.9621	16.9219
3414	1.39093e+07	17.1574	16.5943
3398	1.39093e+07	16.9871	16.3314
3444	1.4029e+07	16.6101	16.0951
3462	1.39177e+07	16.8545	16.6918
3439	1.39177e+07	17.4382	16.4813
3481	1.39177e+07	16.8272	16.3806
3224	1.40259e+07	16.8272	16.3806
3240	1.3863e+07	16.6244	15.6833
3258	1.3863e+07	15.9185	15.4738
3158	1.3632e+07	16.3176	15.5673
3135	1.39117e+07	15.7963	15.2931
3214	1.39117e+07	15.2932	14.7867
3334	1.39117e+07	15.548	15.2181
3214	1.39117e+07	16.1343	15.9206
3228	1.35434e+07	16.1343	15.3639
3116	1.39158e+07	15.8665	15.4379
3208	1.39158e+07	15.6468	14.8648
3183	1.39158e+07	15.4557	15.2345
3153	1.39158e+07	15.9276	15.2345
3279	1.39158e+07	15.496	14.9778
3279	1.39158e+07	15.6182	15.4184
3315	1.39158e+07	16.2383	15.6659
3285	1.39158e+07	16.2383	15.6659
3252	1.39158e+07	16.2383	15.8302
3242	1.39158e+07	16.0914	15.6833
3230	1.39158e+07	16.0212	15.328
3172	1.39158e+07	15.9497	15.139
3153	1.39158e+07	15.5597	15.139
3186	1.39158e+07	15.5597	15.139
3242	1.39158e+07	15.8392	15.1934
3230	1.39158e+07	15.7456	15.5765
3209	1.39158e+07	15.9315	15.3393
3131	1.39158e+07	15.8522	15.2468
3193	1.39158e+07	15.4453	14.8823
3242	1.39158e+07	15.6273	15.3824
3183	1.39158e+07	15.9783	15.4481
3173	1.39158e+07	15.8665	15.329
3181	1.39158e+07	15.6637	15.1637
3164	1.39158e+07	15.6637	15.0959
3213	1.39158e+07	15.3725	15.0959
3238	1.39158e+07	15.8886	15.4584
3077	1.39158e+07	15.8886	15.2345
3094	1.39158e+07	15.392	14.9285
3137	1.39158e+07	15.5883	14.7313
3181	1.39158e+07	15.0423	14.8247
3169	1.39158e+07	15.5311	15.1606
3211	1.39158e+07	15.4141	14.9644
3268	1.39158e+07	15.6676	15.3105
3196	1.39158e+07	15.9757	15.4296
3054	1.39158e+07	16.1473	15.5714
3047	1.39158e+07	15.6611	15.0455
3047	1.39158e+07	14.9773	14.1634
3042	1.39158e+07	14.8902	14.6255
3054	1.39158e+07	15.0774	14.5382
3124	1.39158e+07	15.0202	14.7344
3091	1.39158e+07	15.3608	14.8617
3134	1.39158e+07	15.2087	14.7436
3113	1.39158e+07	15.3777	14.7436
3178	1.39158e+07	15.2698	15.0723
3144	1.39158e+07	15.6351	15.0723
3186	1.39158e+07	15.5545	15.0723
3089	1.39158e+07	15.5545	15.0723
3167	1.39158e+07	15.4661	14.9387
3235	1.39158e+07	15.4661	15.0661
3172	1.39158e+07	15.7495	15.2787
3112	1.39158e+07	15.6208	15.2787
3122	1.39158e+07	15.5389	14.8381
3155	1.39158e+07	15.3777	14.8381
3076	1.39158e+07	15.3777	14.8381
3037	1.39158e+07	15.1346	14.6296
3137	1.39158e+07	15.0631	14.5012
3163	1.39158e+07	15.0631	14.8936
3356	1.39158e+07	15.5181	14.9942
4596	1.39158e+07	15.7586	15.8158
4506	1.39158e+07	19.0827	21.452
4466	1.39158e+07	22.7396	21.7642
4422	1.39158e+07	22.256	21.5999
4432	1.39158e+07	22.412	21.4335
4397	1.39158e+07	21.9427	21.6163
4278	1.39158e+07	22.0311	21.1141
4367	1.39158e+07	21.9219	20.8204
4340	1.39158e+07	21.2563	20.8204
4340	1.39158e+07	21.7594	21.0011
4304	1.39158e+07	21.4643	20.5369
4162	1.39158e+07	21.4019	20.5369
4124	1.39158e+07	20.6661	19.8848
4254	1.39158e+07	20.5218	20.3151
4281	1.39158e+07	21.0717	20.6838
4249	1.39158e+07	21.3655	20.2083
4309	1.39158e+07	21.1198	20.846
4253	1.39158e+07	21.3512	20.846
4391	1.39158e+07	21.3512	20.579
4310	1.39158e+07	21.5332	20.9487
4233	1.39158e+07	21.6255	20.6499
4172	1.39158e+07	21.1939	20.3829
4151	1.39158e+07	21.0418	20.3829
4265	1.39158e+07	20.9768	20.1518
4228	1.39158e+07	21.1731	20.6283
4115	1.39158e+07	20.8585	20.2904
4105	1.39158e+07	20.8585	19.8642
4148	1.39158e+07	20.5582	19.8642
4001	1.39158e+07	20.4932	19.9649
4091	1.39158e+07	20.2228	19.3466
4181	1.39158e+07	19.9706	19.6034
4204	1.39158e+07	20.4737	20.1354
4113	1.39158e+07	21.1133	20.3839
4146	1.39158e+07	20.9599	19.8971
4147	1.39158e+07	20.3775	20.0286
4126	1.39158e+07	20.8208	20.158
4066	1.39158e+07	20.4347	19.7667
4077	1.39158e+07	20.5946	19.7667
4111	1.39158e+07	20.2709	19.4062
4094	1.39158e+07	20.449	20.1436
4094	1.39158e+07	20.449	19.7441
4156	1.39158e+07	20.5244	19.9731
4210	1.39158e+07	20.7675	20.2155
4217	1.39158e+07	20.982	20.4496
4278	1.39158e+07	21.0535	20.54
4239	1.39158e+07	21.3941	20.3634
4066	1.39158e+07	20.9365	20.0019
3957	1.39158e+07	20.3749	19.5428
4105	1.39158e+07	19.7301	19.4288
4009	1.39158e+07	20.566	19.8612
4250	1.39158e+07	20.1383	19.5767
4155	1.39158e+07	20.8507	20.4044
4258	1.39158e+07	20.8507	20.2473
4130	1.39158e+07	21.1627	20.5821
4184	1.39158e+07	20.8364	19.8139
4146	1.39158e+07	20.5062	20.0912
4199	1.39158e+07	20.6817	20.0049
4096	1.39158e+07	20.8039	20.3028
4113	1.39158e+07	20.696	19.7831
4136	1.39158e+07	20.5153	19.856
4213	1.39158e+07	20.6882	20.0131
4325	1.39158e+07	20.6882	20.2976
4004	1.39158e+07	21.1913	20.7351
4043	1.39158e+07	21.0314	19.5202
4186	1.39158e+07	20.02	19.5202
4073	1.39158e+07	20.3255	19.9793
4140	1.39158e+07	20.5751	19.9793
4184	1.39158e+07	20.514	19.705
4141	1.39158e+07	20.514	20.2535
4087	1.39158e+07	20.9365	20.0152
4114	1.39158e+07	20.6557	20.0152
4114	1.39158e+07	20.3567	19.8858
4166	1.39158e+07	20.6804	20.0583
4154	1.39158e+07	20.8234	20.0583
4086	1.39158e+07	20.5114	19.6455
4093	1.39158e+07	20.6154	19.9618
4166	1.39158e+07	20.4308	19.9618
4173	1.39158e+07	20.774	20.2658
4178	1.39158e+07	20.9248	20.0758
4063	1.39158e+07	20.7259	19.9526
4084	1.39158e+07	20.5543	19.7163
4108	1.39158e+07	20.2358	19.7163
4068	1.39158e+07	20.4568	19.8016
4045	1.39158e+07	20.4568	19.5849
4155	1.39158e+07	20.0902	19.5849
4154	1.39158e+07	20.592	20.0902
4152	1.39158e+07	20.8182	19.9269
4136	1.39158e+07	20.566	20.121
4043	1.39158e+07	20.7597	19.9731
4011	1.39158e+07	20.2735	19.4627
4090	1.39158e+07	20.0629	19.3569
4035	1.39158e+07	20.3645	19.7872
4110	1.39158e+07	20.1162	19.4504
4301	1.39158e+07	20.2605	19.9238
4112	1.39158e+07	20.9105	20.425
4092	1.39158e+07	21.1848	20.2411
4194	1.39158e+07	20.371	19.7276
4793	1.40241e+07	20.6323	20.0624
4880	1.39143e+07	21.5566	22.6217
4836	1.39143e+07	24.2229	23.4865
4843	1.39143e+07	24.4699	23.6241
4692	1.39143e+07	24.1657	23.3108
4692	1.39143e+07	23.9785	22.9514
4664	1.39143e+07	23.5742	23.0058
4642	1.39143e+07	23.3623	22.4923
4630	1.39143e+07	23.2453	22.2099
4790	1.39143e+07	22.8813	22.7337
4804	1.39143e+07	24.0916	23.4495
4676	1.39143e+07	24.2398	22.9329
4618	1.39143e+07	23.4247	22.6628
4478	1.39143e+07	23.1088	22.1914
4558	1.39143e+07	22.4367	21.8145
4625	1.39143e+07	22.633	22.2325
4447	1.39143e+07	23.1023	22.1627
4300	1.39143e+07	22.698	21.4355
4500	1.39143e+07	21.5943	21.1459
4599	1.39143e+07	22.4159	21.8936
4333	1.39143e+07	22.5329	21.8936
4452	1.39143e+07	22.1767	21.2866
4454	1.39143e+07	21.9635	21.4397
4479	1.39143e+07	22.1026	21.5526
4614	1.39143e+07	22.3093	21.7662
4392	1.39143e+07	22.8696	22.3424
4252	1.39143e+07	22.6798	21.4427
4339	1.39143e+07	21.8959	20.729
4437	1.39143e+07	21.19	20.9354
4362	1.39143e+07	21.9466	21.2004
4200	1.39143e+07	21.7893	21.264
4508	1.39143e+07	21.7386	20.5256
4437	1.39143e+07	21.1471	21.2568
4525	1.39143e+07	22.4315	21.5896
4439	1.39143e+07	22.5849	21.834
4399	1.39143e+07	22.4237	21.834
4399	1.39143e+07	22.3054	21.1675
4497	1.39143e+07	22.009	21.6563
4556	1.39143e+07	22.5706	21.7703
4472	1.39143e+07	22.4848	21.833
4616	1.39143e+07	22.6655	22.1175
4575	1.39143e+07	23.0321	22.4071
4535	1.39143e+07	22.9788	22.2263
4631	1.39143e+07	22.7331	21.8885
4518	1.39143e+07	22.9905	22.1
4548	1.39143e+07	22.6811	22.1
4605	1.39143e+07	22.8111	22.0199
4383	1.39143e+07	22.9229	22.2007
4493	1.39143e+07	22.191	21.2168
4523	1.39143e+07	22.3379	21.5958
4453	1.39143e+07	22.2365	21.7775
4551	1.39143e+07	22.2365	21.6122
4439	1.39143e+07	22.5017	22.0795
4505	1.39143e+07	22.7357	21.6153
4583	1.39143e+07	22.2183	21.7334
4502	1.39143e+07	22.4497	22.0887
4520	1.39143e+07	23.1569	21.9994
4475	1.39143e+07	22.4822	21.8237
4450	1.39143e+07	22.6291	21.6594
4428	1.39143e+07	22.2625	21.6594
4480	1.39143e+07	22.1923	21.4746
4513	1.39143e+07	22.2989	21.4746
4417	1.39143e+07	22.6356	22.025
4467	1.39143e+07	22.1858	21.3031
4400	1.39143e+07	22.2872	21.6563
4499	1.39143e+07	22.2235	21.3
4436	1.39143e+07	22.2235	22.0261
4436	1.39143e+07	22.2235	21.4951
4518	1.39143e+07	22.1624	21.6625
4471	1.39143e+07	22.5888	21.6625
4640	1.39143e+07	22.5888	22.0713
4489	1.39143e+07	23.1101	21.8617
4576	1.39143e+07	22.3704	22.1514
4546	1.39143e+07	23.0867	22.1514
4518	1.39143e+07	22.7149	22.0897
4568	1.39143e+07	22.8306	21.91
4435	1.39143e+07	22.6941	21.91
4535	1.39143e+07	22.4289	21.6235
4580	1.39143e+07	22.4289	21.9367
4514	1.39143e+07	22.8345	22.4697
4405	1.39143e+07	22.9684	21.8587
4449	1.39143e+07	22.3041	21.299
4673	1.39143e+07	22.0441	21.8237
4652	1.39143e+07	23.0243	22.4235
4678	1.39143e+07	23.0243	22.5991
4718	1.39143e+07	23.569	22.823
4705	1.39143e+07	23.7471	22.9011
4628	1.39143e+07	23.7471	22.9011
4731	1.39143e+07	23.6483	22.633
4479	1.39143e+07	23.3077	22.8045
4635	1.39143e+07	23.1998	21.9069
4524	1.39143e+07	22.6031	22.3804
4574	1.39143e+07	23.088	22.1041
3212	1.39143e+07	22.9606	22.2797
154	1.39143e+07	22.9606	20.1415
155	1.39143e+07	10.1881	1.05165
156	1.39143e+07	0	0
154	1.39143e+07	0	0
154	1.39143e+07	0	0
151	1.39143e+07	0	0
152	1.39143e+07	0	0
150	1.39143e+07	0	0
150	1.39143e+07	0	0
151	1.39143e+07	0	0
149	1.39143e+07	0	0
154	1.39143e+07	0	0
151	1.39143e+07	0	0
152	1.39143e+07	0	0
149	1.39143e+07	0	0
153	1.39143e+07	0	0
148	1.39143e+07	0	0
150	1.39143e+07	0	0
154	1.39143e+07	0	0
155	1.39143e+07	0	0
153	1.39143e+07	0	0
155	1.39143e+07	0	0
154	1.39143e+07	0	0
155	1.39143e+07	0	0
157	1.39143e+07	0	0
157	1.39143e+07	0	0
163	1.39143e+07	0	0
163	1.39143e+07	0	0
161	1.39143e+07	0	0
161	1.39143e+07	0	0
159	1.39143e+07	0	0
157	1.39143e+07	0	0
159	1.39143e+07	0	0
159	1.39143e+07	0	0
159	1.39143e+07	0	0
161	1.39143e+07	0	0
