scalerS16b	IPM2C21A	IPM2C24A		
73	1.38056e+07	0	0	
76	1.38056e+07	0	0	
11715	1.38056e+07	0	0	
11699	1.38056e+07	0	0	
11699	1.38056e+07	0.78	0.6162	
11997	1.38056e+07	1.95	1.5405	
11854	1.38056e+07	3.9	3.081	
11959	1.38056e+07	7.8	6.162	
11933	1.38056e+07	18.3336	15.405	
11710	1.38056e+07	20.9638	20.0727	
11563	1.38056e+07	20.7298	19.9382	
11751	1.38056e+07	13.2951	12.6187	
11799	1.38056e+07	13.4238	12.8272	
11751	1.38056e+07	13.4849	12.8272	
11609	1.38056e+07	13.4849	12.8272	
11531	1.38056e+07	13.2821	12.8272	
11599	1.38056e+07	13.2184	12.6413	
11660	1.38056e+07	13.2184	12.6413	
11691	1.38056e+07	13.3497	12.6413	
11493	1.38056e+07	13.416	12.8139	
11600	1.34469e+07	13.1326	12.592	
11452	1.38251e+07	13.2821	12.592	
11446	1.38251e+07	13.1534	12.592	
11551	1.38251e+07	13.0494	12.4298	
11582	1.38251e+07	13.2327	12.5376	
11554	1.38251e+07	13.2327	12.6434	
16357	1.38251e+07	13.2327	12.5705	
18021	1.38251e+07	16.2201	12.8919	
18010	1.38251e+07	20.4178	18.5302	
33765	1.35601e+07	20.7116	19.7389	
37560	1.38324e+07	27.8694	20.0296	
38308	1.38324e+07	43.5461	37.5481	
37959	1.36268e+07	65.1072	61.8382	
38207	1.38172e+07	44.1577	67.5869	
42676	1.38172e+07	44.0342	42.1943	
42676	1.38172e+07	45.3115	42.4202	
43818	1.38172e+07	50.0207	46.6053	
44673	1.37177e+07	50.9795	48.4487	
59322	1.38196e+07	53.8752	49.4346	
63124	1.38196e+07	71.6852	61.05	
61916	1.38196e+07	72.982	70.1184	
76060	1.38196e+07	72.982	69.1479	
78086	1.38196e+07	89.4497	78.5398	
78821	1.38196e+07	145.184	87.0691	
82216	1.38196e+07	91.9815	86.9612	
84009	1.38196e+07	95.498	90.0884	
83049	1.38196e+07	97.3895	92.3068	
83367	1.38196e+07	96.46	93.0205	
81585	1.38196e+07	96.6095	92.3992	
83095	1.38196e+07	94.7895	91.5006	
83293	1.38196e+07	96.304	91.6392	
82778	1.38196e+07	96.902	92.6251	
82172	1.38196e+07	96.109	92.2965	
81754	1.38196e+07	95.147	91.3927	
82378	1.38196e+07	95.147	91.2592	
83440	1.38196e+07	95.3745	91.2592	
83245	1.38196e+07	96.863	92.0962	
82266	1.38196e+07	96.369	92.5019	
83308	1.38196e+07	96.1545	92.3273	
82694	1.38196e+07	95.6215	91.5416	
82452	1.33273e+07	96.3105	92.4454	
82791	1.38484e+07	96.0505	91.9216	
83255	1.38484e+07	95.953	91.8292	
83112	1.38484e+07	96.109	91.9011	
80593	1.38484e+07	96.759	92.5738	
79602	1.38484e+07	95.199	92.4711	
79602	1.38484e+07	92.924	89.9447	
81157	1.38484e+07	93.0995	88.5325	
81598	1.38484e+07	94.4515	89.9909	
80906	1.38484e+07	94.289	90.8279	
82043	1.38484e+07	94.6725	89.7598	
81515	1.38484e+07	94.9585	91.3516	
81565	1.38484e+07	94.5555	90.109	
80551	1.38484e+07	94.5555	91.0692	
80081	1.38484e+07	93.3855	90.073	
80722	1.38484e+07	92.6965	89.0152	
81548	1.38484e+07	93.8275	88.8868	
81341	1.38484e+07	94.731	90.109	
80504	1.38484e+07	94.38	91.1668	
82148	1.38484e+07	93.704	89.7444	
81116	1.38484e+07	94.926	89.8163	
81173	1.38484e+07	94.64	91.706	
80958	1.38484e+07	93.9575	89.9447	
81398	1.38484e+07	93.9575	90.2374	
80398	1.35248e+07	94.1525	89.8779	
81077	1.38206e+07	93.925	90.4376	
81972	1.38206e+07	93.509	89.4414	
81230	1.37376e+07	95.4525	90.4941	
80081	1.37376e+07	94.5165	91.1308	
81308	1.38105e+07	92.885	89.6109	
81755	1.38105e+07	93.483	89.1385	
81766	1.38105e+07	95.2445	90.643	
80725	1.38105e+07	94.965	90.8946	
82159	1.38105e+07	94.471	90.8946	
82207	1.38105e+07	94.289	89.7239	
80388	1.38105e+07	95.3355	91.2798	
80086	1.38105e+07	94.939	91.2798	
80086	1.38105e+07	92.9175	89.6725	
78700	1.38105e+07	92.2935	88.8868	
71272	1.38105e+07	88.3285	88.2296	
72121	1.38105e+07	82.8035	79.9057	
71515	1.38105e+07	83.5575	79.9057	
71191	1.38105e+07	83.3105	79.5463	
71316	1.35738e+07	82.3615	79.7363	
70945	1.37826e+07	82.6475	78.9866	
72889	1.37826e+07	82.6475	78.735	
71349	1.37826e+07	84.448	80.4295	
70899	1.37826e+07	82.602	80.0187	
71887	1.37826e+07	82.3745	78.396	
72304	1.37826e+07	83.447	79.8749	
71765	1.37826e+07	83.9865	79.7979	
71592	1.37826e+07	83.2845	80.6708	
71830	1.37826e+07	82.992	79.0482	
70994	1.37826e+07	83.5445	80.296	
71105	1.37826e+07	82.42	79.2176	
71806	1.37826e+07	82.823	79.2947	
72068	1.37826e+07	82.823	78.9917	
70748	1.37826e+07	83.7525	79.8595	
72262	1.37826e+07	82.4135	79.8595	
71729	1.37826e+07	83.668	79.0841	
72511	1.37826e+07	83.083	80.1317	
71879	1.37826e+07	83.824	79.6952	
71038	1.37826e+07	83.824	80.5271	
72155	1.37826e+07	83.343	80.0238	
72638	1.37826e+07	82.563	78.9455	
70981	1.37826e+07	84.058	80.0546	
72622	1.37826e+07	83.5445	80.64	
70858	1.37826e+07	82.9075	79.156	
70858	1.37826e+07	83.564	80.3371	
71511	1.45701e+07	82.4785	78.9455	
73872	1.38265e+07	83.9735	79.5155	
73867	1.38265e+07	86.307	81.6516	
72153	1.38265e+07	84.5715	82.5194	
72971	1.38265e+07	84.4415	80.0444	
72006	1.38265e+07	83.9215	81.4976	
72626	1.38265e+07	83.9215	79.6644	
72540	1.38265e+07	84.409	81.0919	
72624	1.38265e+07	84.1815	80.2549	
72577	1.38265e+07	84.1815	81.2973	
71802	1.38265e+07	84.2595	80.26	
72589	1.38265e+07	83.408	80.3422	
71432	1.38265e+07	84.11	80.0084	
71983	1.38265e+07	82.9205	79.8493	
72271	1.38265e+07	83.824	80.5681	
72617	1.38265e+07	83.824	79.7055	
72134	1.38265e+07	84.162	80.6657	
72493	1.38265e+07	83.811	80.3525	
72625	1.38265e+07	84.006	80.1728	
71677	1.38265e+07	84.2595	80.3833	
71445	1.38265e+07	83.525	80.64	
71676	1.38265e+07	82.7385	79.6592	
72704	1.38265e+07	82.9205	79.2433	
73715	1.38265e+07	84.2985	80.0855	
72286	1.38265e+07	85.0525	80.8198	
71090	1.38265e+07	85.0525	81.8211	
71914	1.38265e+07	83.226	80.4911	
72037	1.38265e+07	82.4395	78.9198	
67139	1.38265e+07	84.0385	79.8493	
60677	1.38265e+07	83.304	80.1573	
60677	1.38265e+07	72.7025	75.6642	
61508	1.38265e+07	70.941	67.479	
60108	1.38265e+07	70.5575	68.4393	
61641	1.38265e+07	70.1935	66.8474	
60587	1.38265e+07	71.1945	68.0644	
61245	1.38265e+07	70.811	67.6433	
60356	1.38265e+07	70.603	67.9206	
61650	1.39079e+07	70.2065	67.2531	
60770	1.3827e+07	71.695	67.9155	
61719	1.3827e+07	70.3755	68.4495	
60834	1.3827e+07	71.7145	67.5098	
61467	1.3827e+07	70.4665	68.6036	
61022	1.3827e+07	71.409	67.515	
60865	1.39389e+07	70.7005	68.3725	
61860	1.38049e+07	70.7005	67.2582	
61749	1.38049e+07	71.7535	68.429	
61675	1.38049e+07	71.7535	68.8244	
62495	1.38049e+07	71.4675	68.2596	
62302	1.38049e+07	72.2475	68.8603	
63319	1.38049e+07	72.397	69.302	
62730	1.38049e+07	73.2225	69.569	
63099	1.38049e+07	72.956	70.3444	
63091	1.38049e+07	73.1055	69.6511	
61792	1.38049e+07	73.749	70.5344	
63091	1.38049e+07	71.9615	69.6563	
62824	1.38049e+07	71.9615	68.4906	
63654	1.38049e+07	73.2745	70.2417	
63336	1.38049e+07	73.6255	69.9746	
63218	1.38049e+07	73.2875	70.6987	
63206	1.38049e+07	74.0285	70.2827	
63604	1.38049e+07	73.333	70.3752	
63604	1.38049e+07	73.6515	70.2981	
64019	1.38049e+07	73.827	70.7192	
63181	1.38049e+07	73.8855	71.0787	
62325	1.38049e+07	72.7025	70.3187	
62535	1.38049e+07	72.8585	69.1736	
62982	1.38049e+07	72.579	69.5998	
64866	1.38049e+07	73.45	69.7744	
15570	1.38049e+07	72.9105	71.4022	
82	1.38049e+07	7.943	42.0762	
81	1.38049e+07	0	0	
78	1.38049e+07	0	0	
78	1.38049e+07	0	0	
77	1.38049e+07	0	0	
81	1.38049e+07	0	0	
78	1.38049e+07	0	0	
80	1.38049e+07	0	0	
76	1.38049e+07	0	0	
78	1.38049e+07	0	0	
76	1.38049e+07	0	0	
82	1.38049e+07	0	0	
81	1.38049e+07	0	0	
78	1.38049e+07	0	0	
81	1.38049e+07	0	0	
84	1.38049e+07	0	0	
87	1.38049e+07	0	0	
834	1.38049e+07	0	0	
12013	1.38049e+07	0	0	
12005	1.38049e+07	0.78	0	
12013	1.38049e+07	1.95	1.5405	
11882	1.38049e+07	3.9	3.081	
11830	1.38049e+07	7.8	6.162	
11830	1.38049e+07	18.2377	15.405	
11813	1.38049e+07	20.958	19.8221	
11421	1.38049e+07	20.7467	20.044	
11610	1.38049e+07	13.052	12.5428	
18017	1.38049e+07	14.8694	12.5428	
18363	1.38049e+07	21.0587	17.9283	
18291	1.38049e+07	20.9846	20.1046	
37576	1.38049e+07	23.7809	19.9423	
38506	1.38049e+07	43.8737	33.3446	
38494	1.38049e+07	66.118	63.4891	
38336	1.38049e+07	44.499	68.0387	
38029	1.38049e+07	44.2812	42.8054	
46093	1.38049e+07	44.3853	42.2302	
45772	1.38049e+07	52.5298	46.4153	
45545	1.38049e+07	52.9067	51.2781	
56038	1.38049e+07	52.6435	50.2357	
55934	1.38049e+07	63.0793	55.0472	
55712	1.38049e+07	64.8473	62.267	
54955	1.38049e+07	64.5872	62.4467	
56408	1.38049e+07	63.3652	61.2914	
56465	1.38049e+07	65.026	61.7022	
56731	1.38049e+07	65.1495	62.724	
55939	1.38049e+07	65.598	62.6727	
56001	1.38049e+07	65.039	62.9962	
55851	1.38049e+07	64.3955	61.8716	
54922	1.38049e+07	64.7335	62.38	
54974	1.38049e+07	63.9242	61.8562	
54742	1.38049e+07	63.5895	61.1424	
54480	1.38049e+07	63.1312	60.9987	
55260	1.38049e+07	63.076	60.896	
54755	1.38049e+07	63.3295	60.4184	
54755	1.38049e+07	63.453	61.3478	
55280	1.38049e+07	63.6545	60.7214	
54546	1.38049e+07	63.3945	61.4043	
54936	1.38049e+07	63.3392	60.3619	
55436	1.38049e+07	63.5245	61.2657	
55391	1.38049e+07	64.0218	61.2657	
54982	1.38049e+07	63.8592	61.6765	
54923	1.38049e+07	63.6805	60.8446	
54319	1.38049e+07	63.0337	61.5019	
54433	1.38049e+07	63.0337	60.0487	
54819	1.38049e+07	62.803	60.8446	
54460	1.38049e+07	63.2547	60.3773	
54408	1.38049e+07	62.946	60.8138	
55124	1.38049e+07	62.946	60.4544	
54000	1.38049e+07	63.6187	60.7676	
53831	1.38049e+07	62.5495	60.8497	
54197	1.38049e+07	62.14	59.8176	
53798	1.38049e+07	62.7803	60.0898	
54581	1.35048e+07	62.0132	59.7457	
52856	1.38317e+07	63.0825	60.3157	
52269	1.38317e+07	61.4185	60.0692	
54134	1.38317e+07	60.4695	58.4979	
52517	1.38317e+07	62.0653	58.7136	
47489	1.38317e+07	61.958	59.8792	
47335	1.38317e+07	55.8838	57.0601	
47665	1.38317e+07	55.2305	52.8237	
48023	1.38317e+07	54.6097	52.5208	
47783	1.38317e+07	55.1265	52.9778	
45425	1.38317e+07	55.835	53.2499	
45542	1.38317e+07	53.0855	53.0343	
45608	1.37008e+07	52.6987	50.3743	
45608	1.37008e+07	52.8677	50.7338	
46482	1.38215e+07	53.0692	50.6414	
45628	1.38215e+07	53.404	51.5554	
45932	1.38215e+07	52.3088	51.0008	
45675	1.38215e+07	53.3065	50.4873	
46174	1.38215e+07	52.9295	51.0778	
44845	1.38215e+07	52.9295	51.0778	
45164	1.38215e+07	51.8602	50.1741	
45612	1.38215e+07	52.0812	49.8814	
44797	1.38215e+07	52.689	50.513	
45051	1.38215e+07	51.8765	50.1844	
45053	1.38215e+07	51.961	50.1844	
45635	1.38215e+07	51.961	49.5887	
46093	1.38215e+07	52.7962	50.6465	
45148	1.38215e+07	53.1245	50.8724	
44798	1.38215e+07	52.3022	50.8724	
44783	1.38215e+07	51.8148	49.9379	
45746	1.38215e+07	51.597	49.5476	
45091	1.38215e+07	52.6175	50.133	
45346	1.38215e+07	52.494	50.9033	
45567	1.38215e+07	52.3412	50.1946	
45336	1.38215e+07	52.5785	50.3435	
24729	1.38215e+07	52.429	50.5541	
80	1.38215e+07	45.2887	50.2614	
79	1.38215e+07	1.28375	17.9828	
83	1.38215e+07	0	0	
78	1.38215e+07	0	0	
77	1.38215e+07	0	0	
81	1.38215e+07	0	0	
75	1.38215e+07	0	0	
75	1.38215e+07	0	0	
78	1.38215e+07	0	0	
77	1.38215e+07	0	0	
77	1.38215e+07	0	0	
73	1.38215e+07	0	0	
74	1.38215e+07	0	0	
74	1.38215e+07	0	0	
78	1.38215e+07	0	0	
81	1.38215e+07	0	0	
78	1.38215e+07	0	0	
82	1.38215e+07	0	0	
83	1.38215e+07	0	0	
82	1.38215e+07	0	0	
79	1.38215e+07	0	0	
86	1.38215e+07	0	0	
82	1.38215e+07	0	0	
82	1.38215e+07	0	0	
78	1.38215e+07	0	0	
78	1.38215e+07	0	0	
76	1.38215e+07	0	0	
76	1.38215e+07	0	0	
76	1.38215e+07	0	0	
75	1.38215e+07	0	0	
74	1.38215e+07	0	0	
75	1.38215e+07	0	0	
76	1.38215e+07	0	0	
79	1.38215e+07	0	0	
74	1.38215e+07	0	0	
78	1.38215e+07	0	0	
80	1.38215e+07	0	0	
79	1.38215e+07	0	0	
79	1.38215e+07	0	0	
77	1.38215e+07	0	0	
78	1.38215e+07	0	0	
73	1.38215e+07	0	0	
72	1.38215e+07	0	0	
73	1.38215e+07	0	0	
79	1.38215e+07	0	0	
78	1.38215e+07	0	0	
80	1.38215e+07	0	0	
80	1.38215e+07	0	0	
79	1.38215e+07	0	0	
83	1.38215e+07	0	0	
83	1.38215e+07	0	0	
90	1.38215e+07	0	0	
85	1.38215e+07	0	0	
86	1.38215e+07	0	0	
81	1.38215e+07	0	0	
86	1.38215e+07	0	0	
79	1.38215e+07	0	0	
82	1.38215e+07	0	0	
81	1.38215e+07	0	0	
83	1.38215e+07	0	0	
81	1.38215e+07	0	0	
82	1.38215e+07	0	0	
82	1.38215e+07	0	0	
86	1.38215e+07	0	0	
86	1.38215e+07	0	0	
83	1.38215e+07	0	0	
82	1.38215e+07	0	0	
82	1.38215e+07	0	0	
84	1.38215e+07	0	0	
84	1.38215e+07	0	0	
83	1.38215e+07	0	0	
85	1.38215e+07	0	0	
85	1.38215e+07	0	0	
84	1.38215e+07	0	0	
82	1.38215e+07	0	0	
81	1.38215e+07	0	0	
85	1.38215e+07	0	0	
83	1.38215e+07	0	0	
85	1.38215e+07	0	0	
86	1.38215e+07	0	0	
82	1.38215e+07	0	0	
86	1.38215e+07	0	0	
87	1.38215e+07	0	0	
87	1.38215e+07	0	0	
78	1.38215e+07	0	0	
78	1.38215e+07	0	0	
80	1.38215e+07	0	0	
82	1.38215e+07	0	0	
84	1.38215e+07	0	0	
83	1.37086e+07	0	0	
84	1.38015e+07	0	0	
82	1.38015e+07	0	0	
82	1.38015e+07	0	0	
82	1.38015e+07	0	0	
80	1.38015e+07	0	0	
79	1.38015e+07	0	0	
85	1.38015e+07	0	0	
82	1.38015e+07	0	0	
87	1.38015e+07	0	0	
84	1.38015e+07	0	0	
84	1.38015e+07	0	0	
7120	1.38015e+07	0	0	
12029	1.38015e+07	1.95	0.6162	
11934	1.38015e+07	3.9	1.5405	
87	1.38015e+07	7.8	3.081	
85	1.38015e+07	0	3.25374	
83	1.38015e+07	0	0	
82	1.38015e+07	0	0	
80	1.38015e+07	0	0	
83	1.38015e+07	0	0	
88	1.38015e+07	0	0	
88	1.38015e+07	0	0	
86	1.38015e+07	0	0	
83	1.38015e+07	0	0	
88	1.38015e+07	0	0	
84	1.38015e+07	0	0	
81	1.38015e+07	0	0	
87	1.38015e+07	0	0	
84	1.38015e+07	0	0	
89	1.38015e+07	0	0	
87	1.38015e+07	0	0	
88	1.38015e+07	0	0	
89	1.38015e+07	0	0	
88	1.38015e+07	0	0	
87	1.38015e+07	0	0	
91	1.35984e+07	0	0	
447	1.38112e+07	0	0	
11984	1.38112e+07	0	0	
11922	1.38112e+07	0.78	0	
11879	1.38112e+07	1.95	1.5405	
11871	1.38112e+07	3.9	3.081	
11871	1.38112e+07	7.8	6.162	
11821	1.38112e+07	18.5471	15.405	
12037	1.38112e+07	20.9722	19.4935	
12026	1.38112e+07	21.5046	20.0409	
12074	1.32596e+07	13.8593	13.1025	
15473	1.38187e+07	13.9412	13.2082	
17285	1.38187e+07	19.2153	15.4553	
17355	1.38187e+07	19.7795	19.018	
30269	1.38187e+07	20.1513	18.8752	
38059	1.38187e+07	38.675	25.2601	
39181	1.38187e+07	66.0595	62.5546	
38898	1.38187e+07	45.1945	66.9758	
38448	1.38187e+07	44.928	43.4832	
44630	1.38187e+07	44.4632	42.8413	
45891	1.38187e+07	51.402	44.9107	
46565	1.38187e+07	53.0855	51.5503	
45689	1.38187e+07	53.7583	51.3243	
45008	1.38187e+07	52.9685	51.4732	
45486	1.38187e+07	51.8213	49.8352	
45492	1.38187e+07	52.702	50.8878	
45798	1.38187e+07	52.4452	50.2049	
45403	1.38187e+07	52.7248	50.5746	
45708	1.38187e+07	52.7248	50.7338	
44922	1.38187e+07	52.7248	50.6054	
45061	1.38187e+07	52.1007	50.477	
45872	1.38187e+07	52.1007	49.9841	
45464	1.38187e+07	52.2925	50.0354	
44911	1.38187e+07	52.91	51.0008	
45382	1.38187e+07	52.0877	50.3538	
45830	1.38187e+07	52.0877	49.9995	
45609	1.38187e+07	52.9977	50.3333	
45609	1.38187e+07	52.4972	50.9751	
45414	1.38187e+07	52.611	50.667	
45059	1.38187e+07	52.3607	50.4925	
45224	1.38187e+07	52.1917	49.9327	
45200	1.38187e+07	52.1917	50.2049	
45092	1.38187e+07	52.0293	50.3179	
44635	1.38187e+07	52.0293	49.7838	
44928	1.38187e+07	51.7595	49.6811	
45452	1.38187e+07	51.7595	50.0457	
45905	1.38187e+07	52.8027	49.9481	
46807	1.38187e+07	53.1115	51.1189	
44850	1.38187e+07	53.911	51.7043	
44409	1.38187e+07	51.688	50.9033	
44603	1.38187e+07	51.22	48.9725	
44642	1.38187e+07	51.5255	49.5579	
45289	1.38187e+07	51.753	49.5579	
45180	1.38187e+07	52.247	49.9173	
44401	1.38187e+07	52.1592	50.3898	
44115	1.38187e+07	51.2362	49.4552	
44432	1.38187e+07	50.9437	49.2087	
44688	1.38187e+07	51.5385	49.6041	
45065	1.38187e+07	51.3208	49.0187	
44788	1.38187e+07	51.9123	49.7273	
45103	1.38187e+07	51.7595	50.02	
45068	1.38187e+07	51.9837	49.7633	
44512	1.38187e+07	52.208	50.1638	
41546	1.39519e+07	51.7173	50.02	
41200	1.3813e+07	49.465	49.2601	
41407	1.3813e+07	47.5052	45.8966	
41224	1.3813e+07	47.84	45.722	
41094	1.3813e+07	47.84	45.9993	
41094	1.3813e+07	47.5475	45.7785	
38949	1.3813e+07	46.2995	45.6245	
39245	1.3813e+07	44.876	43.2264	
39456	1.3813e+07	45.4967	43.4986	
39858	1.3813e+07	45.851	43.8221	
39949	1.3813e+07	46.007	44.2329	
37408	1.3813e+07	45.37	44.3921	
37847	1.3813e+07	43.0658	41.9581	
37536	1.3813e+07	43.914	41.6448	
37328	1.3813e+07	43.1015	42.1327	
36947	1.3813e+07	42.991	41.3265	
36732	1.32598e+07	42.6465	41.0184	
37530	1.38532e+07	42.5457	40.9259	
37999	1.38532e+07	43.1763	41.1724	
36749	1.38532e+07	43.8848	41.9273	
36159	1.38532e+07	42.5457	41.6192	
37133	1.38532e+07	41.8242	40.5562	
37136	1.38532e+07	42.6855	40.3457	
36907	1.38532e+07	42.978	41.4549	
36976	1.38532e+07	42.4775	40.9362	
36571	1.38532e+07	42.8447	41.0543	
36821	1.38532e+07	42.341	40.9773	
36888	1.38532e+07	42.341	40.5562	
36698	1.38532e+07	42.5425	40.8643	
36251	1.38532e+07	42.5425	41.0646	
36034	1.38532e+07	42.2533	40.6333	
36308	1.38532e+07	41.3042	40.0119	
36572	1.38532e+07	42.107	40.1454	
36816	1.38532e+07	41.847	40.2481	
36492	1.38532e+07	42.3865	40.5614	
36133	1.36051e+07	42.3865	40.8797	
36133	1.36051e+07	42.094	40.5151	
36477	1.38165e+07	41.6	40.0992	
36820	1.38165e+07	42.3085	40.4689	
36550	1.33402e+07	42.6497	40.7822	
36173	1.38243e+07	41.8633	40.7822	
36167	1.38243e+07	41.5643	40.1198	
36866	1.38243e+07	42.276	40.0633	
36700	1.38243e+07	42.3573	40.9619	
36282	1.38243e+07	42.3573	40.5665	
36672	1.38243e+07	41.9087	40.6281	
36563	1.38243e+07	42.3638	40.4997	
36975	1.38243e+07	42.2175	40.7205	
36401	1.38243e+07	42.5913	40.7205	
35488	1.38243e+07	42.1005	40.813	
29693	1.38243e+07	40.6835	40.1454	
29475	1.38243e+07	34.4792	35.5342	
29732	1.38243e+07	33.995	32.8845	
29409	1.38243e+07	34.2777	32.7202	
29503	1.35249e+07	34.0308	32.9051	
28314	1.38114e+07	33.9755	32.6021	
28214	1.38114e+07	32.8413	32.3094	
28244	1.38114e+07	32.4707	31.2157	
28551	1.38114e+07	32.5617	31.2876	
28624	1.38114e+07	32.8705	31.4313	
27540	1.38114e+07	33.0135	31.6008	
27824	1.38114e+07	32.0417	31.5494	
27580	1.38114e+07	32.0417	30.6457	
27947	1.38114e+07	31.876	30.7432	
27316	1.38114e+07	32.0775	30.6097	
27309	1.38114e+07	31.8305	30.9538	
27111	1.38114e+07	31.4275	30.3324	
27111	1.38114e+07	31.4275	30.2554	
27142	1.38114e+07	31.4275	30.127	
26946	1.38114e+07	30.8522	30.0295	
27421	1.38114e+07	31.3918	29.8395	
27119	1.38114e+07	31.4795	30.2606	
27513	1.38114e+07	31.4242	30.1065	
27587	1.38114e+07	31.6388	30.4865	
27645	1.38114e+07	31.9702	30.4146	
27693	1.38114e+07	31.8142	30.7484	
26852	1.38114e+07	31.72	30.7484	
27110	1.38114e+07	30.979	29.9679	
27193	1.38114e+07	31.252	29.8549	
27062	1.38114e+07	31.4145	30.1579	
27240	1.38114e+07	31.1838	30.0449	
27313	1.38114e+07	31.395	30.1322	
27237	1.38114e+07	31.512	30.3016	
27513	1.38114e+07	31.3983	30.3016	
26780	1.38114e+07	31.6485	30.1476	
26631	1.38114e+07	31.0408	30.3324	
26605	1.38114e+07	30.6735	29.5571	
26971	1.38114e+07	30.5858	29.3619	
27131	1.38114e+07	31.0375	29.6392	
26700	1.38114e+07	31.2682	30.0192	
26737	1.39392e+07	30.8263	29.8189	
26782	1.38077e+07	30.8263	29.6238	
26797	1.38077e+07	30.9562	29.7419	
26688	1.38077e+07	30.8717	29.7419	
24325	1.38077e+07	30.654	29.6341	
20631	1.38077e+07	30.3452	29.5006	
21011	1.38077e+07	24.7065	26.6763	
20684	1.38077e+07	23.9492	22.8662	
20684	1.38077e+07	24.076	23.2359	
20796	1.38077e+07	23.7803	22.8353	
20637	1.38077e+07	24.1182	23.0202	
19925	1.38077e+07	23.2115	23.0202	
19611	1.38077e+07	22.7435	22.0805	
19559	1.38077e+07	22.5972	21.6954	
19889	1.38077e+07	22.5972	21.6954	
19513	1.38077e+07	22.8767	21.911	
18809	1.38077e+07	22.1292	21.8392	
19000	1.38077e+07	21.7295	20.8173	
18859	1.38077e+07	21.7295	21.0073	
19268	1.38077e+07	21.801	20.7659	
18941	1.38077e+07	22.152	21.3154	
18448	1.38077e+07	21.684	21.2281	
18171	1.38077e+07	21.1672	20.386	
18414	1.38077e+07	20.93	14.206	
18202	1.38077e+07	21.164	19.6979	
18248	1.38077e+07	20.93	19.6979	
18534	1.38077e+07	20.93	19.6106	
18647	1.38077e+07	21.1933	19.6106	
18398	1.38077e+07	21.4662	20.101	
18250	1.38077e+07	21.2257	19.97	
18364	1.38077e+07	20.995	19.7518	
18657	1.38077e+07	20.995	19.5644	
18679	1.38077e+07	21.528	20.0522	
18874	1.38077e+07	21.333	19.9726	
19028	1.38077e+07	21.7165	20.2422	
19015	1.38077e+07	21.8368	20.3474	
18944	1.38077e+07	21.7717	20.4501	
18515	1.38077e+07	21.7717	20.5451	
18438	1.38077e+07	21.5833	20.3937	
18438	1.38077e+07	21.2778	19.9135	
18797	1.38077e+07	21.3948	19.9135	
18692	1.39375e+07	21.4825	20.2473	
18750	1.38194e+07	21.5637	20.0856	
18563	1.38194e+07	21.463	20.237	
18556	1.38194e+07	21.463	20.0522	
18656	1.38194e+07	21.2875	20.0522	
18552	1.38194e+07	21.4338	20.1728	
18426	1.38194e+07	21.2875	19.9597	
18633	1.38194e+07	21.2225	19.8724	
18935	1.38194e+07	21.4305	20.0368	
18407	1.38194e+07	21.723	20.2653	
18700	1.38194e+07	21.1868	20.0804	
18828	1.38194e+07	21.5345	19.9392	
18817	1.38194e+07	21.6418	20.2704	
18721	1.38194e+07	21.6418	20.3834	
18852	1.38194e+07	21.541	20.3012	
18827	1.38194e+07	21.6385	20.1754	
18481	1.38194e+07	21.5637	20.1754	
18535	1.38194e+07	21.3428	20.2576	
18639	1.38194e+07	21.2843	19.9212	
18946	1.38194e+07	21.3525	19.9212	
19012	1.38194e+07	21.7587	20.2139	
18880	1.38194e+07	21.8465	20.4809	
14484	1.38194e+07	21.7913	20.4809	
11683	1.38194e+07	19.396	20.2781	
11571	1.38194e+07	13.3282	14.1418	
11636	1.38194e+07	13.3282	12.5628	
11447	1.38194e+07	13.2697	12.3985	
11381	1.38194e+07	13.1755	12.478	
11304	1.38194e+07	13.1137	12.2958	
11304	1.38194e+07	12.8733	12.2033	
11647	1.38194e+07	9.8683	12.1237	
11474	1.38194e+07	13.2327	12.4729	
11429	1.38194e+07	13.0559	12.3522	
11557	1.38194e+07	13.1404	12.2547	
11429	1.38194e+07	13.1404	12.3856	
11578	1.38194e+07	13.1404	12.2598	
11572	1.38194e+07	13.2015	12.4652	
11657	1.38194e+07	13.2938	12.3574	
11443	1.38194e+07	13.3588	12.5499	
11513	1.38194e+07	13.0442	12.4601	
11644	1.38194e+07	13.1612	12.247	
11532	1.38194e+07	13.3081	12.4421	
11541	1.38194e+07	13.2158	12.4421	
11514	1.38194e+07	13.2158	12.4421	
11585	1.38194e+07	13.2158	12.3831	
11585	1.38194e+07	13.2158	12.4395	
11589	1.38194e+07	13.2158	12.3728	
11566	1.38194e+07	13.2821	12.514	
11521	1.38194e+07	13.2821	12.4318	
11464	1.38194e+07	13.2054	12.4318	
11457	1.38194e+07	13.0806	12.2855	
11642	1.38194e+07	13.1599	12.3497	
11661	1.38194e+07	13.2223	12.3497	
11698	1.38194e+07	13.3601	12.5268	
11428	1.38194e+07	13.3601	12.5268	
11614	1.38194e+07	13.1807	12.5268	
11641	1.38194e+07	13.1807	12.3035	
11535	1.38194e+07	13.3887	12.478	
11548	1.38194e+07	13.2717	12.478	
11437	1.38194e+07	13.1482	12.3702	
11437	1.38194e+07	13.2275	12.3702	
11465	1.38194e+07	13.0273	12.3137	
11339	1.38194e+07	13.0273	12.3137	
11550	1.38194e+07	12.9129	12.1956	
11431	1.38194e+07	13.3081	12.3394	
11496	1.38194e+07	13.0338	12.3394	
11462	1.38194e+07	13.2197	12.2726	
11447	1.38194e+07	13.0689	12.401	
11508	1.38194e+07	13.1378	12.2495	
11540	1.38194e+07	13.1378	12.3728	
4878	1.38194e+07	13.0858	12.3728	
195	1.38194e+07	3.718	9.63069	
188	1.38194e+07	0	0	
185	1.38194e+07	0	0	
181	1.38194e+07	0	0	
187	1.38194e+07	0	0	
192	1.38194e+07	0	0	
187	1.38194e+07	0	0	
182	1.38194e+07	0	0	
186	1.38194e+07	0	0	
