341	1.38024e+07	0	0
343	1.38024e+07	0	0
744	1.38024e+07	0	0
1915	1.38024e+07	0.78	0
1902	1.38024e+07	1.95	1.5405
1886	1.38024e+07	3.9	3.081
1912	1.38024e+07	7.8	6.162
1876	1.38024e+07	19.5	15.405
1898	1.38024e+07	37.0546	30.81
1907	1.38024e+07	44.2156	42.2908
1892	1.38024e+07	43.3452	42.6154
1867	1.38024e+07	28.5642	27.747
1871	1.38024e+07	28.1157	27.1179
1880	1.38024e+07	28.431	27.2129
3287	1.38024e+07	28.223	27.2129
3964	1.38024e+07	50.882	31.6085
3967	1.38024e+07	67.2945	62.9577
3988	1.38024e+07	66.6413	103.917
3995	1.38024e+07	67.522	64.3878
4483	1.38024e+07	67.314	65.0656
4688	1.38024e+07	72.9885	65.0656
4663	1.38024e+07	79.56	76.4653
6153	1.38024e+07	128.349	76.758
6395	1.38024e+07	94.2825	78.0212
6522	1.38024e+07	113.067	105.817
7817	1.38024e+07	113.243	107.984
8225	1.38024e+07	124.241	109.858
8280	1.38024e+07	142.772	133.608
8193	1.38024e+07	146.939	204.948
8977	1.38024e+07	145.444	141.49
9096	1.38024e+07	149.435	139.169
9096	1.38024e+07	161.986	152.078
9025	1.38024e+07	243.191	155.745
9059	1.38024e+07	161.538	153.773
9069	1.38024e+07	159.991	155.344
8995	1.38024e+07	160.797	154.974
8881	1.38024e+07	157.573	152.951
9081	1.38024e+07	159.627	152.407
9010	1.38024e+07	159.926	153.937
8997	1.38024e+07	161.512	154.605
9047	1.38024e+07	159.445	155.272
8799	1.38024e+07	159.757	153.321
9007	1.38024e+07	157.547	153.321
9060	1.38024e+07	159.523	152.869
8846	1.38024e+07	159.653	152.715
9115	1.38024e+07	159.042	153.424
8962	1.38024e+07	160.732	155.015
8980	1.38024e+07	157.833	152.756
8993	1.38024e+07	158.652	152.756
8939	1.38024e+07	158.873	152.756
8943	1.38024e+07	158.067	152.212
8877	1.38024e+07	158.6	151.945
8846	1.38024e+07	157.469	153.516
9029	1.38024e+07	156.858	151.236
8889	1.38024e+07	158.522	151.883
8900	1.38024e+07	158.002	152.438
8931	1.38024e+07	156.429	151.955
8965	1.38024e+07	157.807	151.359
8972	1.38024e+07	159.133	152.551
8641	1.38024e+07	158.366	153.29
8878	1.38024e+07	156.585	151.873
8780	1.38024e+07	156.143	149.367
8780	1.38024e+07	156.091	151.657
8897	1.38024e+07	157.287	149.398
8776	1.38024e+07	156.117	151.215
8798	1.38024e+07	154.895	149.398
8885	1.38024e+07	155.922	150.117
8907	1.38024e+07	156.845	151.164
8721	1.38024e+07	156.429	152.242
8734	1.38024e+07	154.856	148.35
8709	1.38024e+07	154.375	148.289
8748	1.38024e+07	155.35	150.045
8981	1.38024e+07	154.401	148.915
8792	1.38024e+07	156.104	149.387
8706	1.38024e+07	155.558	151.185
8902	1.38024e+07	155.207	149.521
8893	1.38024e+07	157.625	150.384
9064	1.38024e+07	157.417	151.308
8906	1.38024e+07	158.678	151.975
8885	1.38024e+07	156.949	152.109
8730	1.38024e+07	157.3	151.739
8865	1.38024e+07	155.233	149.254
8962	1.38024e+07	154.752	150.527
8827	1.38024e+07	157.729	150.065
8796	1.38024e+07	156.351	151.914
8845	1.38024e+07	154.869	149.264
8689	1.38024e+07	155.883	149.439
8754	1.38024e+07	153.686	149.131
8829	1.38024e+07	155.883	148.576
8630	1.38024e+07	154.128	147.991
8720	1.38024e+07	153.4	150.045
8747	1.38024e+07	152.88	146.368
8846	1.38024e+07	154.687	147.97
8846	1.38024e+07	153.257	148.463
8601	1.39219e+07	155.792	149.521
8673	1.37986e+07	152.529	147.97
8589	1.37986e+07	153.179	147.498
8806	1.37986e+07	151.671	146.296
8727	1.37986e+07	153.894	147.939
8740	1.37986e+07	153.894	147.734
8757	1.37986e+07	153.634	148.494
8574	1.37986e+07	154.206	147.796
8638	1.37986e+07	153.322	148.74
8728	1.37986e+07	153.062	146.471
8797	1.37986e+07	153.66	148.114
8629	1.37986e+07	153.335	147.713
8608	1.37986e+07	152.698	146.625
8723	1.37986e+07	153.101	148.278
8608	1.37986e+07	152.49	146.635
8709	1.37986e+07	152.49	147.58
8590	1.37986e+07	153.361	147.426
8555	1.37986e+07	152.815	147.097
8641	1.37986e+07	151.164	146.08
8545	1.37986e+07	151.736	145.906
8670	1.37986e+07	150.787	145.218
8829	1.37986e+07	152.607	146.132
8701	1.37986e+07	153.829	147.231
8724	1.37986e+07	155.311	149.839
8906	1.37986e+07	153.881	148.391
8644	1.37986e+07	156.182	148.833
8792	1.37986e+07	153.894	150.209
8854	1.37986e+07	155.038	148.525
8689	1.37986e+07	154.375	148.617
8750	1.37986e+07	155.48	150.106
8750	1.37986e+07	153.881	147.939
8792	1.37986e+07	154.44	148.268
8792	1.37986e+07	154.141	150.117
8699	1.37986e+07	155.246	148.689
8706	1.37986e+07	153.972	149.233
8695	1.37986e+07	153.972	147.395
8855	1.37986e+07	152.828	148.391
8615	1.37986e+07	154.999	147.847
8662	1.37986e+07	152.113	148.042
8651	1.37986e+07	153.361	147.128
8688	1.37986e+07	152.672	147.57
8525	1.37986e+07	152.672	146.892
8607	1.37986e+07	151.827	146.892
8400	1.37986e+07	150.943	147.097
8385	1.37986e+07	147.563	142.198
8306	1.37986e+07	147.563	141.808
8652	1.37986e+07	148.057	142.496
8565	1.37986e+07	151.957	144.119
8501	1.37986e+07	151.151	146.923
8580	1.37986e+07	149.864	144.17
8461	1.37986e+07	150.709	145.053
8622	1.37986e+07	150.8	145.526
8518	1.37986e+07	150.397	143.349
8735	1.37986e+07	153.101	148.104
8506	1.37986e+07	150.54	145.166
8613	1.37986e+07	152.152	147.005
8835	1.37986e+07	150.735	145.228
8635	1.37986e+07	152.451	146.563
8814	1.37986e+07	153.972	147.816
8820	1.37986e+07	154.05	146.727
8815	1.37986e+07	155.402	150.004
8815	1.37986e+07	156.091	150.086
8919	1.37986e+07	156.299	149.49
8858	1.37986e+07	156.494	150.815
8811	1.37986e+07	156.676	150.199
8804	1.37986e+07	155.363	151.236
8876	1.37986e+07	155.363	149.747
8796	1.37986e+07	155.09	150.086
8734	1.37986e+07	154.7	148.401
8893	1.37986e+07	153.738	149.449
8768	1.37986e+07	156.819	149.603
8788	1.37986e+07	154.518	149.767
8968	1.37986e+07	155.935	149.613
8693	1.37986e+07	156.546	149.613
8862	1.37986e+07	153.959	149.12
8936	1.37986e+07	155.181	149.274
8748	1.37986e+07	156.949	150.117
8908	1.37986e+07	156.481	151.965
8903	1.37986e+07	155.987	150.014
8815	1.37986e+07	155.935	150.065
8877	1.37986e+07	155.987	149.911
8818	1.37986e+07	156.429	150.055
8861	1.37986e+07	156.104	150.301
8915	1.37986e+07	156.572	150.034
8884	1.37986e+07	156.247	151.39
8842	1.37986e+07	155.753	151.195
8865	1.37986e+07	156.897	150.055
8923	1.37986e+07	155.103	150.568
8866	1.37986e+07	158.158	150.26
8815	1.37986e+07	156.234	152.006
8730	1.37986e+07	157.183	150.004
8695	1.37986e+07	155.558	151.38
8695	1.37986e+07	154.219	147.241
8672	1.37986e+07	154.089	148.289
8725	1.37986e+07	152.62	148.658
8820	1.37986e+07	153.673	147.642
8815	1.37986e+07	156.793	149.511
8929	1.37986e+07	154.817	150.117
8622	1.37986e+07	154.817	149.274
8739	1.37986e+07	154.31	149.367
8738	1.37986e+07	154.921	147.734
8799	1.37986e+07	154.336	149.983
8715	1.37986e+07	153.387	148.391
8752	1.37986e+07	154.479	148.176
8713	1.37986e+07	154.024	148.381
8866	1.37986e+07	154.544	149.274
8804	1.37986e+07	155.285	149.172
8591	1.37986e+07	154.674	148.186
8661	1.37986e+07	152.438	147.765
8862	1.37986e+07	152.997	147.19
8773	1.37986e+07	156.416	148.894
8787	1.37986e+07	153.894	148.083
8674	1.37986e+07	153.114	147.775
8801	1.37986e+07	152.542	148.514
8790	1.37986e+07	156.364	148.371
8857	1.37986e+07	155.272	150.414
8789	1.37986e+07	155.662	148.463
8873	1.37986e+07	153.985	150.425
8805	1.37986e+07	155.194	149.233
8722	1.37986e+07	155.766	150.414
8709	1.37986e+07	154.531	149.706
8754	1.37986e+07	154.206	148.617
8713	1.37986e+07	155.116	148.987
8713	1.37986e+07	153.556	148.72
8680	1.37986e+07	153.049	147.826
8809	1.37986e+07	155.623	147.426
8846	1.37986e+07	154.505	150.034
8805	1.37986e+07	155.623	149.541
8891	1.37986e+07	155.623	149.295
8980	1.39475e+07	156.117	151.76
8702	1.37986e+07	156.585	150.363
8934	1.37986e+07	156.442	150.63
8832	1.37986e+07	157.17	150.948
9017	1.37986e+07	155.207	151
8899	1.37986e+07	157.924	150.301
8873	1.37986e+07	157.859	152.468
8876	1.37986e+07	156.91	152.468
8905	1.37986e+07	157.898	150.723
8900	1.37986e+07	156.078	150.877
8751	1.37986e+07	156.481	150.61
8848	1.37986e+07	155.324	150.517
8875	1.37986e+07	155.766	149.85
8798	1.37986e+07	155.922	150.404
8861	1.37986e+07	155.922	149.932
8932	1.37986e+07	156.286	150.743
8713	1.37986e+07	156.962	151.431
8884	1.37986e+07	155.844	149.059
8877	1.37986e+07	156.442	149.757
8778	1.37986e+07	155.935	151.103
8917	1.37986e+07	155.818	150.363
8845	1.37986e+07	157.872	150.209
8799	1.37986e+07	155.779	151.103
8838	1.37986e+07	157.443	150.466
9043	1.37986e+07	156.377	151.534
9043	1.37986e+07	155.649	149.819
8860	1.37986e+07	157.118	151.852
8884	1.37986e+07	157.989	150.61
9067	1.37986e+07	157.482	151.359
8771	1.37986e+07	157.157	153.362
8981	1.37986e+07	157.248	151.103
8850	1.37986e+07	157.716	151.996
8866	1.37986e+07	156.715	151.708
8963	1.37986e+07	156.559	150.856
8897	1.37986e+07	157.521	150.168
8946	1.37986e+07	157.521	152.088
8781	1.37986e+07	158.21	152.54
8964	1.37986e+07	155.909	151.678
9041	1.37986e+07	157.833	151.174
8806	1.37986e+07	158.327	150.907
9063	1.37986e+07	157.456	152.407
8702	1.37986e+07	159.146	152.643
8970	1.37986e+07	154.531	151.37
8703	1.37986e+07	156.468	149.367
8795	1.37986e+07	154.375	149.778
8847	1.37986e+07	155.61	150.651
8837	1.37986e+07	155.61	148.627
8837	1.37986e+07	157.651	151.513
8901	1.37986e+07	155.233	150.877
8887	1.37986e+07	155.129	148.299
8859	1.37986e+07	156.208	150.158
8870	1.37986e+07	155.584	150.219
8796	1.37986e+07	158.028	150.825
8913	1.37986e+07	155.909	151.103
8822	1.37986e+07	156.39	150.548
8822	1.37986e+07	156.039	150.969
8911	1.37986e+07	157.222	150.764
8915	1.37986e+07	158.301	151.729
8899	1.37986e+07	156.65	151.349
8743	1.37986e+07	154.973	151.174
8950	1.37986e+07	158.249	149.357
8873	1.37986e+07	155.766	152.787
8626	1.37986e+07	157.027	150.312
8802	1.37986e+07	153.842	149.418
8821	1.37986e+07	156.208	149.993
9093	1.37986e+07	155.337	149.819
8779	1.37986e+07	159.003	151.893
8865	1.37986e+07	155.142	150.723
8792	1.37986e+07	156.351	150.147
8773	1.37986e+07	155.22	149.767
8808	1.37986e+07	154.752	148.843
8808	1.37986e+07	155.207	149.778
8770	1.37986e+07	155.129	149.562
8699	1.37986e+07	154.999	148.586
8769	1.37986e+07	154.557	149.367
8705	1.37986e+07	154.18	148.751
8692	1.37986e+07	154.323	149.891
8852	1.37986e+07	154.206	147.919
8640	1.37986e+07	153.491	149.172
8771	1.37986e+07	154.96	148.843
8866	1.37986e+07	155.753	148.658
8639	1.37986e+07	154.206	149.079
8795	1.37986e+07	153.894	150.158
8705	1.37986e+07	156.182	147.754
8994	1.37986e+07	153.66	148.925
8734	1.37986e+07	155.675	148.473
8734	1.37986e+07	155.389	151.595
8816	1.37986e+07	155.662	148.843
8744	1.37986e+07	157.053	149.357
8845	1.37986e+07	155.74	150.117
8835	1.37986e+07	155.025	150.024
8723	1.37986e+07	154.596	149.747
8847	1.37986e+07	154.83	149.192
8919	1.37986e+07	156.598	150.712
8831	1.37986e+07	156.325	150.712
8928	1.37986e+07	156.689	149.603
8793	1.37986e+07	156.559	151.246
8834	1.37986e+07	154.622	149.367
8996	1.37986e+07	156.988	150.959
9106	1.37986e+07	158.041	151.534
8844	1.37986e+07	159.666	152.797
8948	1.37986e+07	156.39	152.345
9006	1.37986e+07	158.119	151.298
8768	1.37986e+07	157.989	152.684
8978	1.37986e+07	156.429	152.386
8724	1.37986e+07	156.637	150.445
9016	1.37986e+07	156.078	152.16
8738	1.37986e+07	157.82	150.63
8953	1.37986e+07	157.482	151.667
8890	1.37986e+07	155.402	149.624
8981	1.37986e+07	157.027	151.359
8826	1.37986e+07	157.82	151.472
9065	1.37986e+07	157.677	152.941
9016	1.37986e+07	159.718	151.154
8924	1.37986e+07	158.262	154.317
8985	1.37986e+07	158.6	152.345
8928	1.37986e+07	156.91	151.945
8928	1.37986e+07	158.639	152.191
9009	1.37986e+07	156.793	150.979
8864	1.37986e+07	158.782	153.567
9007	1.37986e+07	156.39	150.877
8834	1.37986e+07	158.548	151.842
9035	1.37986e+07	156.858	150.959
8842	1.37986e+07	158.795	152.746
8933	1.37986e+07	156.468	151.75
9047	1.37986e+07	157.989	151.092
9048	1.37986e+07	158.145	152.797
8880	1.37986e+07	157.989	153.239
8735	1.37986e+07	157.053	149.398
8933	1.37986e+07	157.339	151.914
8969	1.37986e+07	156.429	151.657
8830	1.37986e+07	156.793	151.092
8871	1.37986e+07	156.611	150.209
8888	1.37986e+07	157.092	152.325
8814	1.37986e+07	156.702	150.137
8834	1.37986e+07	156.078	149.531
8834	1.37986e+07	155.038	150.209
8768	1.37986e+07	157.287	151.821
8933	1.37986e+07	156.13	149.788
8985	1.37986e+07	154.921	147.96
8767	1.39144e+07	155.428	150.887
8908	1.38063e+07	156.026	151.277
8756	1.38063e+07	156.234	150.425
8741	1.38063e+07	155.818	150.856
8844	1.38063e+07	154.622	148.576
8695	1.38063e+07	155.74	149.059
8812	1.38063e+07	152.685	149.285
8688	1.38063e+07	153.842	147.138
8688	1.38063e+07	155.597	149.12
8807	1.38063e+07	154.895	149.654
8843	1.38063e+07	154.752	149.203
8916	1.38063e+07	156.988	150.538
8816	1.38063e+07	156.507	150.753
8811	1.38063e+07	154.44	149.459
8793	1.38063e+07	154.531	149.634
8830	1.38063e+07	154.882	148.165
8819	1.38063e+07	154.596	150.158
8764	1.38063e+07	154.102	149.767
8614	1.38063e+07	155.519	147.169
8623	1.38063e+07	152.984	149.511
8758	1.38063e+07	152.321	148.473
8646	1.38063e+07	153.491	145.392
8759	1.38063e+07	152.542	147.806
8680	1.38063e+07	154.388	146.389
8741	1.38063e+07	153.387	149.808
8646	1.38063e+07	152.672	146.851
8684	1.38063e+07	152.256	147.518
8709	1.38063e+07	153.179	147.282
8649	1.38063e+07	152.373	146.738
8657	1.38063e+07	152.646	147.765
8819	1.38063e+07	153.166	147.487
8844	1.38063e+07	153.439	146.882
8472	1.38063e+07	153.257	148.093
8874	1.38063e+07	152.009	148.966
8739	1.38063e+07	156.026	146.471
8784	1.38063e+07	153.634	148.915
8714	1.38063e+07	152.412	148.309
8643	1.38063e+07	154.544	147.847
8828	1.38063e+07	153.452	148.35
8828	1.38063e+07	154.349	147.518
8838	1.38063e+07	153.868	148.771
8702	1.38063e+07	154.765	148.72
8696	1.38063e+07	153.556	148.812
8794	1.38063e+07	154.18	148.052
8593	1.38063e+07	154.18	149.326
8908	1.38063e+07	153.27	147.508
8764	1.38063e+07	154.973	149.326
8821	1.38063e+07	156.078	149.161
8901	1.38063e+07	154.739	149.696
8646	1.38063e+07	157.339	150.384
8776	1.38063e+07	152.633	149.367
8808	1.38063e+07	154.908	149.223
8883	1.38063e+07	153.725	147.857
8794	1.38063e+07	156.273	149.808
8694	1.38063e+07	155.532	150.014
8882	1.38063e+07	154.388	148.987
8895	1.38063e+07	155.948	149.901
8909	1.38063e+07	157.326	150.568
8905	1.38063e+07	156.455	150.568
8774	1.38063e+07	156.455	151.246
8875	1.38063e+07	156.455	152.201
8867	1.38063e+07	154.986	147.724
8860	1.38063e+07	156.117	152.304
8850	1.38063e+07	155.766	149.808
8718	1.38063e+07	156.637	149.11
8760	1.38063e+07	154.908	152.366
8786	1.38063e+07	156.078	148.874
8732	1.38063e+07	155.22	148.761
8829	1.38063e+07	154.193	148.977
8706	1.38063e+07	154.908	148.669
8706	1.38063e+07	155.662	149.223
8868	1.38063e+07	153.335	148.627
8757	1.38063e+07	155.233	150.096
8847	1.38063e+07	157.209	149.295
8666	1.38063e+07	155.22	150.671
8939	1.38063e+07	155.675	149.572
8872	1.38063e+07	156.507	151.339
8854	1.38063e+07	156.832	150.219
8941	1.38063e+07	156.338	150.147
8698	1.38063e+07	154.752	151.082
8902	1.38063e+07	155.727	149.141
8971	1.38063e+07	157.547	151.215
8837	1.38063e+07	157.352	151.626
9120	1.38063e+07	156.234	150.147
9434	1.38063e+07	161.798	153.454
9129	1.39261e+07	165.542	158.189
9091	1.37381e+07	162.773	158.579
9090	1.37381e+07	158.925	154.574
8932	1.3814e+07	160.706	154.471
8989	1.3814e+07	158.236	151.893
9017	1.3814e+07	158.106	152.499
8933	1.3814e+07	158.938	153.146
9068	1.3814e+07	157.755	153.701
8820	1.3814e+07	160.277	152.119
8974	1.3814e+07	156.507	152.879
8895	1.3814e+07	157.729	150.414
8875	1.3814e+07	156.949	151.37
8799	1.3814e+07	158.171	152.941
9108	1.3814e+07	157.625	150.24
8960	1.3814e+07	156.598	150.733
8827	1.3814e+07	159.25	153.044
8827	1.3814e+07	157.807	152.746
8829	1.3814e+07	155.35	151.585
8968	1.3814e+07	156.663	149.829
8936	1.3814e+07	156.741	151.955
8898	1.3814e+07	159.029	151.472
8875	1.3814e+07	157.456	152.355
8760	1.3814e+07	155.376	150.959
8917	1.3814e+07	155.376	149.49
8643	1.3814e+07	156.143	150.004
8782	1.3814e+07	153.842	148.74
8814	1.3814e+07	154.297	149.891
8901	1.3814e+07	155.415	149.459
8869	1.3814e+07	156.546	149.593
8729	1.3814e+07	156.273	149.737
8810	1.3814e+07	154.583	150.363
8809	1.3814e+07	155.09	149.223
8738	1.3814e+07	156.286	151.01
8826	1.3814e+07	154.128	149.131
8687	1.3814e+07	154.44	147.96
8598	1.3814e+07	153.751	149.583
8838	1.3814e+07	153.53	146.84
8618	1.3814e+07	154.492	147.169
8585	1.3814e+07	153.062	149.264
8862	1.3814e+07	151.32	147.179
8732	1.3814e+07	155.298	147.405
8658	1.3814e+07	154.388	150.086
8655	1.3814e+07	153.621	148.073
8651	1.3814e+07	153.738	146.871
8717	1.3814e+07	152.503	147.446
8656	1.3814e+07	153.738	147.446
8834	1.3814e+07	153.361	148.966
8834	1.3814e+07	155.051	147.775
8924	1.3814e+07	155.441	149.336
8667	1.3814e+07	156.988	151.38
8764	1.3814e+07	155.636	149.213
8762	1.3814e+07	153.036	149.418
8785	1.3814e+07	154.492	148.617
8811	1.3814e+07	155.259	148.915
8912	1.3814e+07	155.194	150.743
8828	1.3814e+07	155.909	149.511
8829	1.3814e+07	156.611	150.045
8803	1.3814e+07	156.403	150.969
8815	1.3814e+07	154.791	149.541
8834	1.3814e+07	155.753	150.476
8753	1.3814e+07	155.922	148.494
8731	1.3814e+07	155.649	150.476
8918	1.3814e+07	155.701	151.595
8802	1.3814e+07	155.597	147.785
8706	1.3814e+07	155.155	149.223
8906	1.3814e+07	155.272	150.651
8731	1.3814e+07	157.235	150.414
8849	1.3814e+07	154.089	148.33
8869	1.3814e+07	156.351	149.367
8686	1.3814e+07	155.545	151.144
8843	1.3814e+07	155.974	149.562
8643	1.3814e+07	154.973	149.511
8787	1.3814e+07	153.01	149.511
8856	1.3814e+07	156	147.703
8754	1.3814e+07	154.44	149.747
8823	1.3814e+07	153.946	148.874
8636	1.3814e+07	155.051	149.326
8781	1.3814e+07	155.116	150.568
8781	1.3814e+07	155.064	147.477
8774	1.3814e+07	155.623	149.48
8953	1.3814e+07	157.131	149.654
8885	1.3814e+07	156.429	151.626
8755	1.3814e+07	156.117	151.739
8807	1.3814e+07	154.674	149.213
8970	1.3814e+07	156.442	150.322
8787	1.3814e+07	156.637	150.199
8730	1.3814e+07	155.753	150.969
8636	1.3814e+07	154.232	148.525
8955	1.3814e+07	153.296	147.95
8927	1.3814e+07	157.612	150.64
8789	1.3814e+07	155.259	150.805
8759	1.3814e+07	155.961	148.309
8746	1.3814e+07	155.545	151.575
8775	1.3814e+07	154.882	148.802
8825	1.3814e+07	155.948	150.096
8797	1.3814e+07	155.766	149.326
8834	1.3814e+07	155.051	148.812
8747	1.39136e+07	156.273	151.452
8678	1.38023e+07	154.154	147.631
8896	1.38023e+07	154.752	150.62
8735	1.38023e+07	155.272	148.617
8735	1.38023e+07	156.793	151.791
8776	1.38023e+07	154.31	149.295
8893	1.38023e+07	156.767	149.932
8872	1.38023e+07	154.557	148.823
8732	1.38023e+07	157.417	151.452
8781	1.38023e+07	155.012	150.527
8860	1.38023e+07	155.428	148.217
8739	1.38023e+07	153.829	149.418
8739	1.38023e+07	153.946	149.47
8767	1.38023e+07	155.701	148.566
8814	1.38023e+07	155.181	149.572
8727	1.38023e+07	156.052	149.819
8982	1.38023e+07	154.401	149.685
9032	1.38023e+07	156.884	150.363
8856	1.38023e+07	157.092	151.38
8747	1.38023e+07	158.028	150.887
8859	1.38023e+07	154.18	149.552
8821	1.38023e+07	156.221	149.552
8783	1.38023e+07	156.117	150.076
8924	1.38023e+07	155.519	150.712
8901	1.38023e+07	157.261	150.507
8755	1.38023e+07	157.183	150.445
8805	1.38023e+07	154.83	150.127
8901	1.38023e+07	155.831	149.613
8914	1.38023e+07	156.689	150.651
8792	1.38023e+07	156.754	151
8840	1.38023e+07	156.013	151.072
8780	1.38023e+07	154.739	149.059
8764	1.38023e+07	155.948	150.096
8889	1.38023e+07	155.207	149.891
8658	1.38023e+07	156.351	150.158
8835	1.38023e+07	153.868	149.911
8797	1.38023e+07	155.701	148.894
8711	1.38023e+07	156.455	150.045
8878	1.38023e+07	154.57	149.696
8756	1.38023e+07	153.725	148.802
8805	1.38023e+07	155.493	149.223
8861	1.38023e+07	155.493	149.439
8896	1.38023e+07	156.143	150.219
8896	1.38023e+07	156.611	151.144
8779	1.38023e+07	155.103	149.911
8820	1.38023e+07	157.56	149.203
8750	1.38023e+07	153.803	150.014
8735	1.38023e+07	155.558	149.387
8938	1.38023e+07	156.338	147.96
8828	1.38023e+07	155.428	150.753
8814	1.38023e+07	156.741	150.014
8904	1.38023e+07	157.794	152.171
8983	1.38023e+07	156.702	151.493
8873	1.38023e+07	158.041	152.047
8995	1.38023e+07	158.327	151.452
8979	1.38023e+07	158.327	153.598
8812	1.38023e+07	156.988	151.729
8917	1.38023e+07	156.416	150.753
8888	1.38023e+07	157.703	151.462
8859	1.38023e+07	156	151.349
8896	1.38023e+07	157.378	149.973
8734	1.38023e+07	156.806	150.856
8911	1.38023e+07	154.323	150.332
8898	1.38023e+07	158.184	150.877
8987	1.38023e+07	157.976	152.807
8907	1.38023e+07	157.82	151.226
9019	1.38023e+07	159.289	153.136
8915	1.38023e+07	157.794	151.688
9053	1.38023e+07	160.706	152.848
8822	1.38023e+07	157.56	152.766
2355	1.38023e+07	156.598	151.975
336	1.38023e+07	105.651	148.627
336	1.38023e+07	0	26.209
332	1.38023e+07	0	0
332	1.38023e+07	0	0
336	1.38023e+07	0	0
339	1.38023e+07	0	0
339	1.38023e+07	0	0
339	1.38023e+07	0	0
340	1.38023e+07	0	0
339	1.38023e+07	0	0
338	1.38023e+07	0	0
339	1.38023e+07	0	0
339	1.38023e+07	0	0
342	1.38023e+07	0	0
340	1.38023e+07	0	0
341	1.38023e+07	0	0
335	1.38023e+07	0	0
333	1.38023e+07	0	0
334	1.38023e+07	0	0
332	1.38023e+07	0	0
329	1.38023e+07	0	0
326	1.38023e+07	0	0
327	1.38023e+07	0	0
326	1.39072e+07	0	0
328	1.38357e+07	0	0
334	1.38357e+07	0	0
337	1.38357e+07	0	0
335	1.38357e+07	0	0
334	1.38357e+07	0	0
334	1.38357e+07	0	0
339	1.38357e+07	0	0
339	1.38357e+07	0	0
336	1.38357e+07	0	0
334	1.37424e+07	0	0
334	1.37424e+07	0	0
338	1.37424e+07	0	0
337	1.37424e+07	0	0
338	1.37424e+07	0	0
342	1.38445e+07	0	0
337	1.38445e+07	0	0
340	1.38445e+07	0	0
338	1.38445e+07	0	0
336	1.38445e+07	0	0
335	1.38445e+07	0	0
331	1.38445e+07	0	0
332	1.37641e+07	0	0
336	1.37641e+07	0	0
332	1.37641e+07	0	0
332	1.37641e+07	0	0
336	1.38488e+07	0	0
338	1.38488e+07	0	0
337	1.38488e+07	0	0
342	1.38488e+07	0	0
341	1.38488e+07	0	0
341	1.38488e+07	0	0
341	1.38488e+07	0	0
343	1.38488e+07	0	0
340	1.38488e+07	0	0
341	1.38488e+07	0	0
342	1.37792e+07	0	0
345	1.37792e+07	0	0
341	1.37792e+07	0	0
342	1.37792e+07	0	0
342	1.37792e+07	0	0
342	1.37792e+07	0	0
344	1.37792e+07	0	0
341	1.37792e+07	0	0
1880	1.37792e+07	0.78	0
1863	1.37792e+07	1.95	1.5405
1867	1.37792e+07	3.9	3.081
1879	1.37792e+07	7.8	6.162
1854	1.37792e+07	19.5	15.405
1884	1.37792e+07	36.8043	30.81
1875	1.37792e+07	43.8698	42.5137
1871	1.37792e+07	42.0583	40.4561
1869	1.37792e+07	28.0833	27.2078
1840	1.37792e+07	27.9467	26.9074
2711	1.37792e+07	27.7615	26.6789
3212	1.37792e+07	45.0938	31.0924
3182	1.37792e+07	52.91	50.9854
4478	1.37792e+07	52.3672	50.2896
5080	1.39118e+07	73.684	54.8726
5091	1.37949e+07	86.8432	82.5734
5038	1.37949e+07	140.055	134.291
5078	1.37949e+07	86.957	125.54
5031	1.37949e+07	87.5095	83.074
5100	1.37949e+07	86.4565	84.1729
5078	1.37949e+07	86.229	82.2319
6421	1.37949e+07	87.6005	84.1935
7144	1.37949e+07	102.368	85.4156
6991	1.37949e+07	123.299	113.638
7270	1.37949e+07	123.487	119.183
7179	1.37949e+07	126.132	118.526
7284	1.37949e+07	126.841	123.23
7035	1.37949e+07	126.841	121.186
7035	1.37949e+07	126.21	122.47
7089	1.37949e+07	125.171	119.769
7089	1.37949e+07	124.917	119.83
7312	1.37949e+07	123.929	119.687
7158	1.37949e+07	127.445	121.792
7207	1.37949e+07	126.269	120.601
7125	1.37949e+07	125.853	121.73
7154	1.37949e+07	125.619	120.57
7130	1.37949e+07	125.918	121.268
7207	1.37949e+07	125.034	119.861
7197	1.37949e+07	127.088	121.063
7304	1.37949e+07	126.08	120.816
7138	1.37949e+07	128.031	122.151
7152	1.37949e+07	125.885	122.059
7200	1.37949e+07	125.008	121.042
7150	1.37949e+07	125.885	120.097
7173	1.37949e+07	126.347	121.083
7052	1.37949e+07	124.475	120.498
7199	1.37949e+07	125.184	119.399
7239	1.37949e+07	124.976	120.005
7151	1.37949e+07	126.198	119.635
7102	1.37949e+07	125.307	122.49
7014	1.37949e+07	124.826	118.978
7095	1.37949e+07	124.521	121.022
7092	1.37949e+07	124.657	119.656
7175	1.37949e+07	124.371	118.803
7065	1.37949e+07	123.454	118.803
7183	1.37949e+07	125.931	120.323
7117	1.37949e+07	124.781	118.567
7037	1.37949e+07	125.216	121.71
7037	1.37949e+07	123.363	119.769
7164	1.37949e+07	125.463	118.393
7185	1.37949e+07	124.793	121.186
7052	1.39409e+07	125.769	120.128
7237	1.38114e+07	125.372	120.313
7151	1.38114e+07	126.38	121.535
7196	1.38114e+07	125.528	120.785
7072	1.38114e+07	125.392	119.841
7182	1.38114e+07	124.078	121.022
7070	1.38114e+07	125.346	119.296
6991	1.38114e+07	123.741	119.409
7138	1.38114e+07	123.675	118.752
7120	1.38114e+07	124.774	119.717
7061	1.38114e+07	124.689	119.522
7102	1.38114e+07	123.266	119.687
7103	1.38114e+07	125.19	118.146
7120	1.38114e+07	124.819	120.775
7211	1.38114e+07	124.93	119.399
7123	1.38114e+07	126.503	120.765
7141	1.38114e+07	124.573	120.96
7143	1.38114e+07	126.243	120.231
7123	1.38114e+07	124.722	119.789
7080	1.38114e+07	124.137	118.649
7103	1.38114e+07	124.832	121.114
7144	1.38114e+07	125.567	120.077
7095	1.38114e+07	125.261	119.399
7223	1.38114e+07	124.182	119.666
7145	1.38114e+07	125.235	119.892
7040	1.38114e+07	125.756	121.258
7198	1.38114e+07	126.172	121.32
7090	1.38114e+07	123.857	118.844
7090	1.38114e+07	125.951	121.083
7070	1.38114e+07	125.535	119.974
7198	1.38114e+07	124.247	119.44
7044	1.38114e+07	124.553	119.841
7161	1.38114e+07	124.078	119.019
7025	1.38114e+07	123.857	120.21
6975	1.38114e+07	124.326	118.126
7025	1.38114e+07	122.362	118.752
7097	1.38114e+07	123.058	117.489
7092	1.38114e+07	123.617	118.639
7006	1.38114e+07	124.065	120.067
7009	1.38114e+07	123.104	117.366
7023	1.38114e+07	123.623	119.132
6507	1.38114e+07	123.507	118.413
5894	1.38114e+07	112.411	117.643
5918	1.38114e+07	102.862	98.5304
5855	1.38114e+07	102.576	99.5266
5827	1.38114e+07	102.193	98.099
5876	1.38114e+07	101.101	97.7088
5571	1.38114e+07	101.237	97.945
5762	1.38114e+07	97.89	95.1926
5750	1.38114e+07	99.307	94.2991
5695	1.38114e+07	99.541	95.4391
5775	1.38114e+07	99.3785	95.6959
5635	1.38114e+07	100.1	95.511
5678	1.38114e+07	98.514	95.1926
5718	1.38114e+07	98.4555	94.3299
5672	1.38114e+07	98.709	94.6894
5595	1.38114e+07	99.1965	95.5007
5598	1.38114e+07	97.773	94.2786
5598	1.38114e+07	96.408	93.0975
5483	1.38114e+07	96.3105	92.964
5573	1.38114e+07	96.5185	91.5468
5585	1.38114e+07	96.109	93.1284
5579	1.38114e+07	97.188	92.317
5522	1.38114e+07	95.368	92.6765
5478	1.38114e+07	95.797	91.4543
5507	1.38114e+07	95.108	91.8138
5515	1.38114e+07	95.2835	91.5673
5513	1.38114e+07	95.4785	90.8382
5496	1.38114e+07	94.8415	92.9024
5408	1.38114e+07	94.367	89.9138
5439	1.38114e+07	93.9705	90.6841
5493	1.38114e+07	93.9705	89.3798
5489	1.38114e+07	95.2445	90.6019
5480	1.38114e+07	94.1005	91.6392
5430	1.38114e+07	94.913	90.3144
5543	1.38114e+07	93.8925	90.6327
5386	1.38114e+07	95.485	91.0846
5270	1.38114e+07	93.535	90.6738
5269	1.38114e+07	91.0195	88.0447
5245	1.38114e+07	91.3575	88.0447
5308	1.38114e+07	91.3575	87.3669
5241	1.38114e+07	90.779	88.0139
5211	1.38114e+07	91.2015	86.802
5241	1.38114e+07	89.83	86.802
5244	1.38114e+07	90.948	87.0896
5221	1.38114e+07	90.3045	86.7199
5320	1.38114e+07	91.325	86.5145
5282	1.38114e+07	90.974	87.9523
5282	1.38114e+07	91.0845	86.8328
5391	1.38114e+07	92.9955	87.9112
5312	1.38114e+07	92.3845	89.5749
5356	1.38114e+07	91.429	88.0961
5329	1.38114e+07	91.949	88.6814
5252	1.38114e+07	91.4095	87.5312
5395	1.38114e+07	92.508	88.589
5336	1.38114e+07	92.027	88.6506
5471	1.38114e+07	92.9435	88.209
5217	1.38114e+07	93.8145	90.0165
5379	1.38114e+07	92.586	88.9074
5477	1.38114e+07	93.665	88.9074
5299	1.38114e+07	93.665	90.2733
5361	1.38114e+07	92.157	89.1333
5385	1.38114e+07	93.2945	88.9998
5421	1.38114e+07	93.5675	90.6636
5349	1.38114e+07	92.703	88.4863
5372	1.38114e+07	92.8785	89.2052
5378	1.38114e+07	93.041	89.2052
5396	1.38114e+07	94.0615	90.0371
5410	1.38114e+07	92.885	89.236
5394	1.38114e+07	94.4905	90.0165
5430	1.38114e+07	92.833	89.4825
5352	1.33955e+07	92.833	88.3117
5481	1.37921e+07	93.041	89.5441
5302	1.37921e+07	93.6	89.6571
5461	1.37921e+07	93.119	89.9447
5380	1.37921e+07	93.6325	89.1744
5443	1.37921e+07	93.717	90.2322
5272	1.37921e+07	92.937	89.3798
5393	1.37921e+07	91.4485	89.082
5393	1.37921e+07	92.768	87.6442
5452	1.37921e+07	94.419	90.0576
5396	1.37921e+07	93.197	90.3349
5333	1.37921e+07	93.9575	89.4928
5500	1.37921e+07	92.872	89.4928
5485	1.37921e+07	94.796	90.2117
5580	1.37921e+07	94.1525	91.7727
5358	1.37921e+07	95.2965	90.8587
5442	1.37921e+07	93.613	89.616
5401	1.37921e+07	94.3735	90.6636
5506	1.37921e+07	92.729	89.5236
5368	1.37921e+07	95.1145	90.8998
4153	1.37921e+07	88.5365	90.1809
4184	1.37921e+07	71.3635	73.8208
4217	1.37921e+07	71.1165	68.2133
4206	1.37921e+07	71.396	67.9874
4153	1.37921e+07	71.5715	68.6549
4014	1.37921e+07	70.7395	68.9322
3955	1.37921e+07	67.496	66.1491
3988	1.37921e+07	66.833	64.2594
4013	1.37921e+07	67.2425	64.4545
3989	1.37921e+07	67.8145	64.6086
3920	1.37921e+07	67.9055	65.5739
3928	1.37921e+07	66.638	63.9616
3882	1.37921e+07	65.26	63.1194
3902	1.37921e+07	66.1895	63.3762
3914	1.37921e+07	66.0205	63.3762
3792	1.37921e+07	65.767	63.0783
3809	1.37921e+07	64.5125	62.647
3811	1.37921e+07	64.012	61.7124
3822	1.37921e+07	64.012	61.2503
3822	1.37921e+07	64.389	61.8562
3771	1.37921e+07	63.5375	61.4659
3714	1.37921e+07	63.245	61.0141
3731	1.37921e+07	62.7445	59.9563
3749	1.37921e+07	63.0565	60.2849
3754	1.37921e+07	62.686	60.6341
3796	1.37921e+07	63.4335	60.48
3726	1.37921e+07	63.3035	61.2503
3782	1.37921e+07	62.998	60.0179
3767	1.37921e+07	63.271	60.8497
3692	1.37921e+07	63.128	60.3979
3734	1.37921e+07	62.595	60.1308
3680	1.37921e+07	62.712	60.3979
3706	1.37921e+07	62.1725	59.2682
3749	1.37921e+07	62.062	59.6892
3765	1.37921e+07	62.8485	60.593
3704	1.37921e+07	62.985	59.9871
3744	1.37921e+07	62.244	60.5108
3773	1.37921e+07	62.972	60.2027
3721	1.37921e+07	63.5375	60.6443
3741	1.37921e+07	62.673	60.7368
3831	1.37921e+07	62.894	59.6071
3769	1.37921e+07	63.7455	60.5108
3731	1.37921e+07	63.7455	61.7535
3762	1.37921e+07	63.1085	61.0449
3746	1.37921e+07	63.0175	60.2849
3793	1.37921e+07	63.3295	60.1411
3690	1.37921e+07	63.6155	60.8497
3681	1.37921e+07	61.6265	60.4287
3727	1.37921e+07	62.634	59.9152
3659	1.37921e+07	62.3805	59.2682
3659	1.37921e+07	61.6915	59.8536
3683	1.37921e+07	61.8605	58.7033
3682	1.39193e+07	62.0035	59.3709
3664	1.38025e+07	61.62	59.0011
3737	1.38025e+07	61.8475	59.0011
3698	1.38025e+07	61.75	60.1206
3660	1.38025e+07	61.334	58.919
3683	1.38025e+07	62.0555	58.8266
3672	1.38025e+07	61.2885	59.4428
3737	1.38025e+07	62.127	58.6212
3666	1.38025e+07	61.7175	59.6482
3652	1.38025e+07	62.0165	59.0833
3717	1.38025e+07	61.7825	59.4017
3673	1.38025e+07	61.7825	59.4017
3710	1.38025e+07	61.867	59.1244
3723	1.38025e+07	62.491	59.833
3695	1.38025e+07	62.9005	59.7714
3741	1.38025e+07	62.5495	60.1925
3741	1.38025e+07	62.231	59.566
3671	1.38025e+07	62.712	60.3054
3684	1.38025e+07	62.1855	60.3054
3734	1.38025e+07	62.101	59.3092
3678	1.38025e+07	62.101	59.5249
3759	1.38025e+07	62.4	60.0179
3722	1.38025e+07	62.6275	59.72
3722	1.38025e+07	62.153	60.0076
3640	1.38025e+07	62.2115	59.3092
3712	1.38025e+07	61.5095	59.6071
3689	1.39337e+07	61.906	59.1963
3363	1.38092e+07	62.1335	59.7714
3136	1.38092e+07	60.6125	59.5146
3136	1.38092e+07	52.169	53.0754
3175	1.38092e+07	51.9285	49.6349
2293	1.38092e+07	49.062	50.0457
1825	1.38092e+07	28.366	35.6369
1821	1.38092e+07	27.2155	19.1998
1805	1.38092e+07	27.2155	18.3833
1813	1.38092e+07	27.378	25.9805
1794	1.38092e+07	27.183	25.9805
1817	1.38092e+07	27.0465	25.7623
1814	1.38092e+07	27.235	26.0781
1785	1.38092e+07	27.235	25.8881
1823	1.38092e+07	26.8905	25.7341
1820	1.38092e+07	27.2805	25.8034
1787	1.38092e+07	27.2805	26.1115
1830	1.38092e+07	27.0595	25.8419
1778	1.38092e+07	27.118	25.8932
1839	1.38092e+07	27.053	25.7084
1815	1.38092e+07	27.3715	26.0267
1821	1.38092e+07	27.3715	26.1577
1799	1.38092e+07	27.313	25.9317
1810	1.38092e+07	27.2545	25.9317
1819	1.39227e+07	27.2025	26.1012
1827	1.37914e+07	27.4885	26.1705
1817	1.37914e+07	27.365	26.1089
1802	1.37914e+07	27.4365	26.3554
1829	1.37914e+07	27.3585	26.2835
1826	1.37914e+07	27.6185	25.8932
1820	1.37914e+07	27.6185	26.4786
1825	1.37914e+07	27.495	26.1115
1792	1.37914e+07	27.1765	25.9138
1839	1.37914e+07	27.1765	26.3631
1839	1.37914e+07	27.4625	25.7392
1812	1.37914e+07	27.313	26.2809
1832	1.37914e+07	27.5405	26.0396
1851	1.37914e+07	27.5405	26.3092
1816	1.37914e+07	27.6315	26.6429
1838	1.37914e+07	27.3585	26.0755
1808	1.37914e+07	27.5925	26.3657
1815	1.44219e+07	27.1765	25.9831
1810	1.38168e+07	27.6445	26.1757
1825	1.38168e+07	27.3975	26.2578
1811	1.38168e+07	27.4885	26.2578
1861	1.38168e+07	27.404	26.1705
1801	1.38168e+07	27.638	26.2398
1848	1.38168e+07	27.3	26.1192
1830	1.38168e+07	27.8525	26.4016
1824	1.38168e+07	27.6445	26.4863
1828	1.38168e+07	27.313	26.1705
1808	1.38168e+07	27.4495	26.2321
1824	1.38168e+07	27.1765	25.8907
1816	1.38168e+07	27.2415	25.8907
1814	1.38168e+07	27.2415	26.1474
1845	1.38168e+07	27.4755	26.4093
1809	1.38168e+07	27.4755	26.1371
1817	1.38168e+07	27.3	26.2296
1810	1.38168e+07	27.3845	25.9497
1821	1.38168e+07	27.0855	25.9497
1810	1.38168e+07	27.5275	26.1397
1822	1.38168e+07	27.2025	26.0165
1811	1.38168e+07	27.274	26.0165
1792	1.38168e+07	27.1895	25.9317
1803	1.38168e+07	27.105	26.0884
1803	1.38168e+07	26.91	25.6159
1804	1.38168e+07	27.261	25.847
1824	1.38168e+07	27.1505	26.0499
1817	1.38168e+07	27.313	26.0499
1805	1.38168e+07	27.1115	26.0499
1820	1.38168e+07	27.287	25.8162
1825	1.38168e+07	27.2285	26.1217
1822	1.38168e+07	27.2285	26.0601
1811	1.38168e+07	27.4105	26.0062
1817	1.38168e+07	27.3065	26.0062
1824	1.38168e+07	27.3065	26.1962
1816	1.38168e+07	27.56	26.0807
1808	1.38168e+07	27.209	26.0807
1814	1.38168e+07	27.0335	25.9985
1800	1.38168e+07	27.0335	25.7828
1784	1.38168e+07	27.1375	25.7828
1807	1.38168e+07	26.949	25.4568
1808	1.38168e+07	26.819	25.9189
1811	1.38168e+07	27.1115	25.8213
1822	1.38168e+07	27.1115	25.6596
1808	1.38168e+07	27.2415	26.1834
1702	1.38168e+07	26.9945	25.7469
1558	1.38168e+07	25.792	25.9266
1563	1.38168e+07	15.8958	22.2756
1511	1.38168e+07	22.4575	21.6055
1332	1.38168e+07	22.2495	21.4848
1358	1.38168e+07	18.8207	19.7004
1322	1.38168e+07	18.499	17.6285
1196	1.38168e+07	18.499	17.8184
1134	1.38168e+07	17.043	17.4924
1114	1.38168e+07	14.846	14.7374
1114	1.38168e+07	14.6445	14.1007
958	1.38168e+07	12.4637	13.5153
964	1.38168e+07	8.5176	11.012
953	1.38168e+07	11.4894	11.012
967	1.38168e+07	11.4894	11.012
944	1.38168e+07	11.4894	11.012
961	1.38168e+07	11.4894	10.9504
959	1.38168e+07	11.4894	11.03
958	1.38168e+07	11.4894	11.03
962	1.38168e+07	11.5479	11.03
962	1.38168e+07	11.4868	11.03
953	1.38168e+07	11.4166	11.03
955	1.38168e+07	11.4166	10.9221
959	1.38168e+07	11.4166	10.9221
963	1.38168e+07	11.4725	10.8631
967	1.38168e+07	11.5596	11.1121
971	1.38168e+07	11.5596	11.1121
979	1.38168e+07	11.6155	11.1121
946	1.38168e+07	11.6155	11.0531
937	1.38168e+07	11.154	11.1173
932	1.38168e+07	10.998	10.442
948	1.38168e+07	10.8667	10.442
933	1.38168e+07	11.0344	10.442
935	1.38168e+07	10.9408	10.6628
934	1.38168e+07	10.9408	10.365
938	1.38168e+07	11.0214	10.5293
928	1.38168e+07	10.9161	10.5293
928	1.38168e+07	10.9161	10.5293
930	1.38168e+07	10.9915	10.46
936	1.38168e+07	10.9915	10.46
933	1.38168e+07	10.9915	10.5242
933	1.38168e+07	10.8771	10.5242
935	1.38168e+07	11.0643	10.5242
938	1.38168e+07	11.0097	10.5242
930	1.38168e+07	10.9473	10.5807
929	1.38168e+07	11.063	10.5113
903	1.38168e+07	10.5183	10.4009
903	1.38168e+07	10.5183	10.0004
901	1.38168e+07	10.4286	7.32559
904	1.38168e+07	10.4286	10.0276
898	1.38168e+07	10.5014	10.0276
901	1.38168e+07	10.5014	10.0276
895	1.38168e+07	10.3948	10.0276
903	1.38168e+07	10.3948	10.0276
886	1.38168e+07	10.3948	9.9352
888	1.38168e+07	10.4533	9.9352
899	1.38168e+07	10.2882	9.9352
903	1.38168e+07	10.4871	10.0112
893	1.38168e+07	10.4325	10.0112
890	1.38168e+07	10.4325	10.0112
911	1.38168e+07	10.3467	10.0112
903	1.38168e+07	10.6301	9.94547
907	1.38168e+07	10.5534	10.1581
888	1.38168e+07	10.5534	10.0975
902	1.38168e+07	10.4104	10.0975
900	1.38168e+07	10.4715	9.8479
892	1.38168e+07	10.2999	10.0276
909	1.38168e+07	10.4299	9.90541
908	1.38168e+07	10.4299	9.90541
893	1.38168e+07	10.4299	10.042
897	1.38168e+07	10.5001	10.042
907	1.38168e+07	10.2856	9.85715
907	1.38168e+07	10.3597	9.85715
899	1.38168e+07	10.3597	9.9886
897	1.38168e+07	10.2544	9.89617
898	1.38168e+07	10.4052	9.83455
900	1.38168e+07	10.4052	9.91055
898	1.38168e+07	10.4052	9.99579
897	1.38168e+07	10.2921	9.99579
905	1.38168e+07	10.491	9.89206
894	1.38168e+07	10.491	10.0235
889	1.38168e+07	10.4338	10.0235
902	1.38168e+07	10.2882	9.9126
901	1.38168e+07	10.2882	9.9126
895	1.38168e+07	10.2882	9.82017
901	1.38168e+07	10.3701	9.82017
895	1.38168e+07	10.4234	10.0194
892	1.38168e+07	10.3519	9.90028
909	1.38168e+07	10.231	9.90028
899	1.38168e+07	10.4559	9.90028
895	1.38168e+07	10.374	9.96601
891	1.38168e+07	10.4273	9.96601
889	1.38168e+07	10.3285	9.96601
895	1.38168e+07	10.2154	9.81915
884	1.38168e+07	10.309	9.89206
901	1.38168e+07	10.1751	9.7565
894	1.38168e+07	10.3324	9.7565
893	1.38168e+07	10.3324	9.95163
895	1.38168e+07	10.2232	9.77293
893	1.38168e+07	10.1712	9.87974
907	1.38168e+07	10.1712	9.71953
897	1.38168e+07	10.3766	9.80374
898	1.38168e+07	10.3766	9.98244
898	1.38168e+07	10.3766	9.92698
916	1.39146e+07	10.4793	9.92698
902	1.37846e+07	10.4793	10.1457
899	1.37846e+07	10.4026	9.93725
899	1.37846e+07	10.3506	9.93725
896	1.37846e+07	10.4286	9.93725
905	1.37846e+07	10.4286	9.93725
887	1.37846e+07	10.3077	9.93725
892	1.37846e+07	10.2492	9.80477
741	1.37846e+07	10.3493	9.87769
338	1.37846e+07	4.7268	9.04068
337	1.37846e+07	0	0.512473
340	1.37846e+07	0	0
337	1.37846e+07	0	0
340	1.37846e+07	0	0
342	1.37846e+07	0	0
342	1.37846e+07	0	0
338	1.37846e+07	0	0
341	1.39119e+07	0	0
338	1.38028e+07	0	0
341	1.38028e+07	0	0
342	1.38028e+07	0	0
340	1.38028e+07	0	0
