43933		259861		49.4943		46.2458
44175.5		261493		49.855		46.6823
44175.5		261493		49.166		46.1765
43632		258026		49.0718		46.1765
43632		258026		48.6297		45.5218
45134		267269		49.894		46.2946
45134		267269		51.1257		47.1367
44876		265840		51.7627		48.8133
44876		265840		49.2407		47.2651
45283.5		268161		50.349		46.0609
45283.5		268161		50.7975		47.491
43832		259366		50.7975		47.9968
43832		259366		48.1032		46.387
43941.5		259366		48.295		44.5821
43941.5		259366		49.7412		46.3588
44237		261476		49.075		46.1893
44237		261476		49.7933		46.3665
45247.5		267813		50.5212		46.8569
45247.5		267813		50.8885		47.9943
44310.5		261946		49.8908		47.07
44310.5		261946		49.4618		46.5
45359.5		268470		50.3945		46.7799
45359.5		268470		50.7552		46.9827
45254		268470		51.0088		48.2331
45254		268470		50.7812		47.4243
44140		261250		50.193		47.6271
44140		261250		49.062		46.3999
46409		275058		51.1745		46.3999
46409		275058		52.26		48.9211
43835.5		259206		50.9567		48.5001
43835.5		259206		49.0295		46.9236
43591		257612		47.9603		45.0802
43591		257612		48.607		45.4165
43238.5		255556		48.9905		46.0045
43238.5		255556		48.0025		45.0725
43238.5		255556		49.4065		45.7195
44086.5		260892		49.8582		46.3896
44086.5		260892		48.0317		46.2689
42162		249090		46.6895		44.0018
42162		249090		48.5583		44.4383
43549.5		257689		49.0165		46.1559
43549.5		257689		48.2593		45.265
44762.5		264902		49.7282		45.7708
44762.5		264902		51.8115		47.7709
45811		271246		51.272		48.6875
45811		271246		51.0477		47.5963
44615.5		264070		49.8908		47.5963
44615.5		264070		49.4975		46.5796
44939.5		266032		50.0532		46.1996
44939.5		266032		51.1582		47.6605
45429		269012		50.895		47.8402
45429		269012		50.5798		47.6348
43062.5		254280		47.4207		45.74
43062.5		254280		49.283		44.9364
44358.5		262361		49.5625		46.6951
44358.5		262361		49.699		46.613
43856.5		259285		49.2537		46.1123
43856.5		259285		48.8865		46.2586
43083		254507		47.4792		45.1084
43083		254507		49.0327		45.2393
41186.5		242703		46.3483		44.8594
41186.5		242703		45.721		42.9543
40762		240159		45.591		42.8002
40762		240159		45.5358		42.5769
41255.5		243124		45.8348		43.0005
41255.5		243124		46.3937		42.9286
42749		252302		47.4077		43.9659
42749		252302		48.2852		45.3369
42293		249520		47.294		44.333
42293		249520		47.3623		44.7181
40907.5		240786		44.967		43.1982
40907.5		240786		46.5855		42.8567
40732		240786		45.2043		43.1648
40732		240786		45.7275		42.2354
41206		242568		46.9625		43.8555
41206		242568		45.4805		43.2085
41112.5		242568		46.202		42.9004
41112.5		242568		45.825		43.2726
40026		235540		44.4178		42.4279
40026		235540		44.8955		41.3573
40575.5		238610		45.604		42.8028
40575.5		238610		45.0352		42.5178
41144		242230		46.2702		42.7309
41144		242230		46.2085		43.4164
39922		234874		44.2325		42.3971
39922		234874		44.9475		41.5807
39891.5		234874		44.3885		42.0223
39891.5		234874		44.6355		41.6525
39437		231984		44.538		42.0223
39437		231984		44.0212		41.3034
39967		235310		44.0212		41.3034
39967		235310		44.7265		41.614
39950.5		235310		44.8272		42.1609
39950.5		235310		44.5315		41.8169
40463		238203		45.006		41.8836
40463		238203		45.4837		42.4459
40463		238203		44.7005		42.4459
39494		232310		43.8685		41.614
39494		232310		44.8792		41.098
40583.5		238965		45.7113		43.0056
40583.5		238965		44.2552		42.1275
39597		232823		43.9985		41.193
39597		232823		44.8175		41.7065
40723		239868		45.5358		42.356
40723		239868		45.5358		42.8875
41267		243266		46.1922		42.5563
41267		243266		46.4652		43.8118
40802		240418		45.903		43.2572
40802		240418		44.5315		42.7874
39211.5		230694		44.187		41.0055
39211.5		230694		43.1893		41.4934
40231		236866		44.8955		40.6358
40231		236866		45.7178		42.754
40474.5		238356		45.4382		42.962
40474.5		238356		44.8305		42.3047
40354.5		238356		45.3602		42.1558
40354.5		238356		44.9702		42.2277
39280.5		231015		44.3885		42.2842
39280.5		231015		43.1307		40.8335
39604		232738		44.447		40.9619
39604		232738		44.044		41.614
37841.5		221964		42.8577		40.9414
37841.5		221964		41.4538		39.4445
38400		225192		42.7082		39.1492
38400		225192		43.004		40.5973
38464.5		225192		43.2412		40.2661
38464.5		225192		42.5945		40.1557
38342		225192		43.1925		40.4869
38342		225192		42.4482		40.1814
36617		214282		40.5568		38.8565
36617		214282		41.0312		37.9964
37035		216812		42.393		39.4856
37035		216812		40.4495		38.7949
36107		211162		40.2253		37.7037
36107		211162		40.2253		37.8501
36703.5		215010		40.5015		37.6883
36703.5		215010		41.1353		38.379
37174.5		217866		41.8242		38.7564
37174.5		217866		41.1905		39.3983
36254.5		212272		39.7865		37.7782
36254.5		212272		40.8493		37.7782
36919		216128		41.483		38.474
36919		216128		40.8623		38.8309
37695.5		220829		41.288		38.248
37695.5		220829		42.4222		39.424
37730.5		220829		42.2663		39.5934
37730.5		220829		42.1915		40.0402
35728.5		208942		40.989		38.7872
35728.5		208942		39.468		37.9297
35336.5		206488		38.6392		36.4508
35336.5		206488		39.6597		36.5792
36342.5		212477		39.9717		37.3802
36342.5		212477		40.3585		37.7243
35929		209898		40.7225		38.2378
35929		209898		39.8092		37.6164
35377		206589		39.9328		37.4881
35377		206589		39.5557		37.3469
35377		206589		38.8927		36.6434
36148		211268		40.4235		37.126
36148		211268		40.1278		38.2994
34761.5		202788		38.4377		36.6639
34761.5		202788		38.831		36.0657
36166.5		211270		40.3942		37.0156
36166.5		211270		40.7388		38.3687
36978		216388		41.132		38.2789
36978		216388		41.4505		38.8899
35996.5		210446		39.9912		38.3661
35996.5		210446		39.7248		37.2339
36377.5		212648		40.6022		37.5908
36377.5		212648		40.729		38.1299
35874.5		209815		39.7345		37.8732
35874.5		209815		40.2642		37.275
36528		213607		40.3942		38.112
36528		213607		40.9403		38.112
36000		210530		40.482		38.112
36000		210530		39.3705		37.8295
35422		206983		39.2178		36.4405
35422		206983		39.7995		37.2852
35355		206983		39.7995		37.4367
35355		206983		38.818		36.8205
34881.5		203693		38.6068		36.1915
34881.5		203693		38.974		36.5304
34606		201786		38.0998		36.2043
34606		201786		38.935		35.9193
35040.5		204538		38.6392		36.5946
35040.5		204538		39.403		36.2685
35906.5		210004		40.404		37.7268
35906.5		210004		39.5557		37.6627
34852.5		203382		38.285		36.4996
34852.5		203382		39.2405		36.0682
35886.5		209672		39.338		37.0388
35886.5		209672		40.534		37.5985
35979.5		209672		39.858		37.5985
35979.5		209672		40.3228		37.7731
34024.5		198610		38.2427		36.877
34024.5		198610		37.7227		35.5778
36180.5		211538		38.7725		35.4983
36180.5		211538		41.1483		37.886
35575		207940		40.1473		38.302
35575		207940		39.5395		37.3597
35138.5		205188		38.7855		36.6485
35138.5		205188		39.1495		36.3481
36511		213467		40.274		37.3802
36511		213467		40.872		38.1043
35999.5		210526		40.2155		38.2429
35999.5		210526		40.1505		37.4547
35448.5		207252		39.8125		37.6781
35448.5		207252		39.221		37.1235
35641		208396		39.7085		36.972
35641		208396		39.7085		37.2724
34089		198658		38.8765		37.1158
34089		198658		37.713		35.7704
33765.5		196566		37.622		35.3031
33765.5		196566		37.4043		35.3031
33208		193371		37.5928		35.1979
33208		193371		37.0078		35.2697
33208		193371		35.8962		33.9834
32621.5		189618		36.0457		33.719
32621.5		189618		37.0045		34.2864
33434.5		194564		37.1963		34.823
33434.5		194564		36.9818		34.9103
32696		190004		36.4162		34.6587
32696		190004		35.7663		33.6394
15860		89919.5		20.0785		32.5841
15860		89919.5		0		3.30437
850.5		534.5		0		0
850.5		534.5		0		0
849		542		0		0
849		542		0		0
849.5		536.5		0		0
849.5		536.5		0		0
848		536.5		0		0
848		536.5		0		0
849.5		536.5		0		0
849.5		536.5		0		0
851.5		533.5		0		0
851.5		533.5		0		0
1236		2905.5		0		0
1236		2905.5		1.03084		0
4931.5		25628		2.69373		1.5405
4931.5		25628		7.8		3.081
9243		52309.5		11.7582		6.162
9243		52309.5		17.9042		13.3677
13296		75854		18.9488		17.99
13296		75854		15.9796		19.6157
17068		99716		16.5841		15.6463
17068		99716		20.2137		17.0934
20498.5		121739		21.073		19.6208
20498.5		121739		23.5105		20.9354
22887		137190		23.9798		22.4564
22887		137190		25.9571		23.2759
24717.5		149086		26.2626		24.838
24717.5		149086		27.9448		37.5471
25894		156202		27.9448		26.3194
25894		156202		28.8964		26.6763
27483		164671		29.6257		27.5262
27483		164671		30.7073		28.2938
29038		172518		31.7148		29.48
29038		172518		47.8465		29.9987
28852.5		170844		32.5163		30.4993
28852.5		170844		31.5802		30.3093
28962.5		167000		31.5802		29.4235
28962.5		167000		31.9767		29.8985
30332		175020		33.2052		30.6482
30332		175020		33.5985		31.3903
30374		175020		33.748		31.8652
30374		175020		33.2995		31.1617
31138.5		180100		34.723		32.1913
31138.5		180100		34.5085		32.5636
30520		176416		33.9593		32.1297
30520		176416		33.9593		31.9474
31176.5		180198		33.5498		31.5109
31176.5		180198		34.4565		31.8883
31479		182101		35.7922		33.2543
31479		182101		34.6027		32.9667
30911.5		178648		34.6027		32.5174
30911.5		178648		34.1672		32.2555
30911.5		178648		34.398		32.1194
30983.5		178648		34.2518		32.389
30983.5		178648		34.1737		32.0706
30679.5		177496		33.6213		31.7934
30679.5		177496		34.6125		32.0758
31287.5		181032		34.385		32.3325
31287.5		181032		34.9147		32.7998
30885.5		178704		34.5247		32.5354
30885.5		178704		33.5368		31.9217
30974.5		178704		34.4727		31.837
30974.5		178704		34.5573		32.4814
31215.5		180894		34.5573		32.4814
31215.5		180894		34.5573		32.4814
31366.5		180894		34.489		32.3454
31366.5		180894		35.1423		32.846
31808.5		184548		35.1423		32.787
31808.5		184548		35.5907		33.4211
31938.5		184548		35.4705		33.4211
31938.5		184548		35.2397		33.1362
31164.5		180736		34.3395		32.7177
31164.5		180736		34.8693		32.2812
31083		180736		34.2907		32.8691
31083		180736		34.3785		31.95
30850		178688		34.1478		32.199
30850		178688		34.3135		32.199
31369		181778		34.9342		32.5354
31369		181778		34.476		32.8024
30594.5		177074		33.2052		31.6778
30594.5		177074		34.6937		31.7574
31966.5		185304		35.3307		32.8897
31966.5		185304		35.5452		33.4391
30995		179509		34.6027		33.036
30995		179509		34.1543		32.1682
31489.5		182530		35.0902		32.5123
31489.5		182530		34.7132		32.7151
31152.5		180601		34.879		32.8614
31152.5		180601		34.177		32.3608
31123		180601		33.5595		31.7292
31123		180601		35.2723		32.2606
32214		186822		35.7728		33.5187
32214		186822		35.685		33.4545
31461		182460		35.5257		33.5649
31461		182460		34.645		33.131
30248		175072		33.696		31.7882
30248		175072		33.4912		31.7882
29628		171412		32.3635		30.7355
29628		171412		33.0168		30.6072
29885		173055		33.0168		31.1515
29885		173055		33.28		31.1515
29706		171810		32.3797		30.8999
29706		171810		33.2897		30.715
29499.5		170404		32.5487		31.0822
29499.5		170404		32.903		30.7124
28271		162980		31.876		30.5327
28271		162980		31.161		29.5699
28090		161732		30.7288		28.9511
28090		161732		31.2845		29.2207
28060.5		161732		30.511		29.041
28060.5		161732		31.2032		28.9357
28129		161732		30.8328		29.3054
28129		161732		31.0798		28.9563
28129		161732		31.0798		29.4544
27732.5		159622		30.4102		28.6405
27732.5		159622		30.7808		28.91
28268		162683		31.265		29.0076
28268		162683		31.4535		29.6803
28201.5		162683		31.1318		29.3465
28201.5		162683		31.1318		29.2027
28003.5		161284		30.7808		29.2027
28003.5		161284		30.9432		28.9306
27747		159710		30.6182		29.0487
27747		159710		30.2347		28.5788
27286		156774		30.2347		28.2476
27286		156774		29.7765		28.4787
27753		159588		30.6345		28.2117
27753		159588		30.9855		29.0846
28142		161906		31.2292		29.2361
28142		161906		30.7743		29.2361
27523.5		158232		30.251		28.6199
27523.5		158232		30.4525		28.5224
27583		158232		30.4525		28.6918
27583		158232		30.3713		28.5275
26948.5		154721		29.653		28.3349
26948.5		154721		29.653		27.7572
27038		154721		29.9748		28.1013
27038		154721		29.6205		28.0294
27573.5		158472		30.3225		28.0294
27573.5		158472		30.589		28.8279
27782		159632		30.8328		28.8279
27782		159632		30.4265		28.9948
27196		156206		30.03		28.2194
27196		156206		29.9228		28.2194
26915.5		154537		29.9228		28.2194
26915.5		154537		29.38		27.8985
27007		154537		29.38		27.5698
27007		154537		30.1015		27.9062
26438		151602		29.445		28.2271
26438		151602		28.886		27.3413
27325.5		156819		29.692		27.3413
27325.5		156819		30.4233		28.394
26870.5		154310		29.9		28.5198
26870.5		154310		29.4548		27.747
26598		152602		29.1915		27.4748
26598		152602		29.497		27.8651
24755.5		141504		27.443		26.7302
24755.5		141504		27.1245		25.6519
24596.5		140384		26.9132		25.408
24596.5		140384		27.0303		25.408
24762.5		141439		26.9555		25.4876
24762.5		141439		27.2415		25.4157
24229.5		138186		27.1733		25.8111
24229.5		138186		26.4777		25.2745
23279.5		132438		25.6392		24.4708
23279.5		132438		25.6392		24.2269
23217.5		132438		25.0965		23.6903
23217.5		132438		25.4865		23.9291
23963		136340		26.1365		24.1217
23963		136340		26.3347		24.9741
23014.5		130764		25.0933		24.2963
23014.5		130764		25.48		23.603
22865.5		129938		25.025		23.9111
22865.5		129938		25.025		23.544
22865.5		129938		25.025		23.544
22746		129220		24.57		23.3565
22746		129220		25.3565		23.5286
23280.5		132288		25.3565		23.8495
23280.5		132288		25.987		24.1499
23454		133325		25.74		24.3912
23454		133325		25.09		24.0421
22643.5		128396		24.648		23.4259
22643.5		128396		24.8398		23.2025
22720		128396		24.6642		23.3283
22720		128396		25.1582		23.4952
23210.5		131616		25.4767		23.8392
23210.5		131616		25.246		23.9625
22669.5		128318		24.8202		23.4644
22669.5		128318		24.596		23.4644
22867.5		129461		25.1225		23.1794
22867.5		129461		25.1225		23.8187
23221		131496		25.5645		23.9086
23221		131496		25.1582		23.9086
22649		128150		24.6512		23.4592
22649		128150		24.9373		23.277
23563.5		133593		25.857		23.8957
23563.5		133593		25.857		24.4939
23159.5		131248		25.2558		24.0318
23159.5		131248		25.3695		23.8033
23174.5		131248		25.142		23.8649
23174.5		131248		25.5483		23.8136
22575		127780		24.4595		23.6544
22575		127780		24.8983		23.0947
22838.5		129350		25.2493		23.6338
22838.5		129350		24.6805		23.6338
22601.5		127829		24.4888		23.0972
22601.5		127829		24.9015		23.2949
22153		125308		24.2905		23.2102
22153		125308		24.1215		22.707
22591		127752		24.661		23.0048
22591		127752		24.661		23.2949
21336.5		120294		23.4715		22.9586
21336.5		120294		23.1173		21.5721
20958		117882		22.9028		21.9059
20958		117882		22.7727		21.4052
20867.5		117882		23.062		21.6902
20867.5		117882		22.5095		21.5721
19796.5		110948		21.567		20.7762
19796.5		110948		21.567		20.3218
20009		112164		21.346		20.1343
20009		112164		21.9473		20.4168
19338		108198		21.242		20.6068
19338		108198		20.956		19.7107
19206		107364		20.7122		19.6414
19206		107364		20.787		19.6414
19533.5		109286		21.2745		19.8006
19533.5		109286		21.1283		20.1035
18959		105940		20.9007		19.816
18959		105940		20.4392		19.5772
18611		103797		20.059		18.9892
18611		103797		20.059		18.9892
18956		105870		20.3775		19.0586
18956		105870		20.605		19.3975
19334.5		107985		20.5497		19.3975
19334.5		107985		20.982		19.6748
19334.5		107985		20.891		19.9058
18867		105289		20.3092		19.2152
18867		105289		20.1728		19.2922
18385.5		102356		19.8705		18.7864
18385.5		102356		19.6462		18.7864
18424.5		102356		19.8542		18.4655
18424.5		102356		20.2215		19.1227
18518.5		103117		20.0785		19.0021
18518.5		103117		19.7698		18.8403
18282		101710		19.7698		18.6067
18282		101710		19.6982		18.6914
18361		101710		19.8412		18.5964
18361		101710		19.8412		18.8763
18323.5		101710		19.8412		18.6195
18323.5		101710		19.7048		18.7838
18342.5		101710		19.7048		18.599
18342.5		101710		19.994		18.7607
18377		102316		19.8965		18.8788
18377		102316		19.7113		18.694
18730		104322		20.1273		18.7479
18730		104322		20.5693		19.2691
18526		103257		20.0753		19.3769
18526		103257		19.8542		18.6118
18671		104116		20.072		18.925
18671		104116		20.3255		19.0842
18277		101784		19.8055		19.0842
18277		101784		19.4837		18.5399
18102.5		100739		19.4837		18.2318
18102.5		100739		19.7048		18.5553
18410		102487		19.981		18.7171
18410		102487		19.747		18.8788
18100		100619		19.2628		18.3884
18100		100619		19.8282		18.3165
18644.5		103814		20.2118		19.056
18644.5		103814		20.0623		19.056
18163.5		100978		19.6203		18.7941
18163.5		100978		19.6203		18.3961
17255		95643		19.409		18.7094
17255		95643		17.8457		17.4282
16087		88677		17.5922		16.8223
16087		88677		16.9325		16.2292
15841		87081.5		17.2022		16.2292
15841		87081.5		16.7213		16.0674
15951		87666		16.9065		15.803
15951		87666		17.1763		16.2805
15345		84069.5		16.7537		16.0674
15345		84069.5		16.1525		15.5873
14645		79918.5		15.6975		15.1277
14645		79918.5		15.457		14.6707
14901		81375		15.86		14.8581
14901		81375		15.86		15.0969
14910.5		81375		15.7755		14.9326
14910.5		81375		15.7755		14.9326
15001.5		81838.5		16.0842		15.1714
15001.5		81838.5		15.9478		15.2458
14601.5		79575.5		15.808		15.007
14601.5		79575.5		15.405		14.8196
14551.5		79575.5		15.2913		14.5346
14551.5		79575.5		15.509		14.5346
14676.5		79575.5		15.6032		14.7811
14676.5		79575.5		15.6032		14.8838
14676.5		79575.5		15.6032		14.722
14849		80935		15.8405		14.871
14849		80935		15.7657		15.0764
14428		78461.5		15.2262		14.7041
14428		78461.5		15.1482		14.3652
14331.5		77818		15.1482		14.3652
14331.5		77818		15.2555		14.4319
14451.5		78480		15.3173		14.4319
14451.5		78480		15.431		14.6014
14827		80629.5		15.782		14.7862
14827		80629.5		15.938		15.0635
14470		78700.5		15.171		14.8479
14470		78700.5		15.3985		14.3626
14481		78700.5		15.3985		14.7066
14481		78700.5		15.0833		14.5038
13941.5		75596		14.7225		14.1238
13941.5		75596		14.7225		13.9595
14247		77273		15.002		14.0519
14247		77273		15.3173		14.4653
14171.5		76868.5		14.8363		14.3035
14171.5		76868.5		15.236		14.2111
14320		77705.5		15.1125		14.4679
14320		77705.5		15.1125		14.3857
14199		77003.5		14.963		14.2291
14199		77003.5		15.2295		14.3035
14325		77792		15.2295		14.5552
14325		77792		15.0215		14.3857
13998.5		75843		14.6803		14.1264
13998.5		75843		14.9565		13.9441
14122		76529.5		14.8687		14.2214
14122		76529.5		15.0702		14.1238
14256		77303.5		15.2977		14.5012
14256		77303.5		14.9338		14.4165
14335.5		77732.5		15.3368		14.283
14335.5		77732.5		15.0312		14.4062
13473		72776		14.9207		14.2727
13473		72776		13.533		13.5975
12381		66452		13.299		12.7143
12381		66452		12.6425		12.3753
11604.5		61839.5		9.022		11.8541
11604.5		61839.5		11.8235		11.5255
11274.5		59779		11.9184		11.3201
11274.5		59779		11.531		11.2688
11037.5		58339.5		11.531		10.8913
11037.5		58339.5		11.2996		10.953
10696.5		56349.5		11.1514		10.745
10696.5		56349.5		10.9135		10.4677
10747.5		56349.5		11.2307		10.5807
10747.5		56349.5		10.9993		10.6936
10500		55103		10.7042		10.3213
10500		55103		10.842		10.3213
10626		55687.5		10.9408		10.3984
10626		55687.5		10.9408		10.5267
10394		54457		10.6587		10.3213
10394		54457		10.6587		10.1827
10512		55070		10.6587		7.48683
10512		55070		10.8641		10.308
10512		55070		10.8641		10.3778
10512		55070		10.8641		10.4518
10177.5		53083		10.543		10.1447
10177.5		53083		10.3896		10.0451
10177.5		53083		10.3896		9.8859
10418		54414		10.6756		10.1026
10418		54414		10.9915		10.3614
10501		54923		10.8225		10.5144
10501		54923		10.3844		10.1026
9949		51823.5		10.1855		9.78218
9949		51823.5		9.9697		9.65483
9975		51823.5		10.2271		9.65483
9975		51823.5		10.2947		9.83558
10040.5		52293		10.2947		9.83558
10040.5		52293		10.2947		9.7678
10115		52622		10.3805		9.86434
10115		52622		10.2921		9.94752
10036.5		52229.5		10.2375		9.77807
10036.5		52229.5		10.3285		9.77807
10072		52229.5		10.257		9.88487
10072		52229.5		10.257		9.82531
9991		51889.5		10.257		9.82531
9991		51889.5		10.1595		9.76163
10168		52898		10.3662		9.76163
10168		52898		10.5339		10.0523
10236		53266		10.5339		10.0523
10236		53266		10.4065		10.0523
9963		51764.5		10.1673		9.79553
9963		51764.5		10.1673		9.67639
9930		51494.5		10.1673		9.81812
9930		51494.5		10.036		9.69385
9856.5		51127		10.036		9.56753
9856.5		51127		10.036		9.64148
10021.5		52043.5		10.1478		9.64148
10021.5		52043.5		10.3545		9.88385
9925		51538		10.2882		9.88385
9925		51538		9.9385		9.71953
9923		51538		9.9385		9.42067
9923		51538		10.2986		9.75239
9924.5		51538		10.1075		9.75239
9924.5		51538		10.1595		9.69693
10055		52248.5		10.2752		9.69693
10055		52248.5		10.2752		9.90747
3451.5		15144		6.6001		9.59629
3451.5		15144		0		1.66682
853.5		522		0		0
853.5		522		0		0
853		529		0		0
853		529		0		0
854.5		529		0		0
854.5		529		0		0
853.5		529		0		0
853.5		529		0		0
851.5		529		0		0
851.5		529		0		0
854		529		0		0
854		529		0		0
853		529		0		0
853		529		0		0
852.5		525		0		0
852.5		525		0		0
851.5		525		0		0
851.5		525		0		0
852.5		525		0		0
852.5		525		0		0
852.5		525		0		0
1724		5720		0.75127		0
1724		5720		1.95		1.5405
3147		14288		2.33012		2.42577
3147		14288		3.75167		3.796
3272.5		15090.5		3.94777		4.12828
3272.5		15090.5		2.68287		2.63836
3438		16163		2.59707		2.75749
3438		16163		2.84635		2.75749
3632.5		17394		2.84635		2.93619
3632.5		17394		3.06247		2.98754
3910.5		19129		3.17948		3.17831
3910.5		19129		3.41705		3.31978
4114.5		20440		3.41705		3.48692
4114.5		20440		3.4931		3.48692
4219.5		21108.5		3.4931		3.54084
4219.5		21108.5		3.71053		3.60759
4409.5		22313		3.71053		3.75702
4409.5		22313		3.88147		3.75702
4526		23055.5		3.88147		3.90671
4526		23055.5		4.00465		3.90671
4725.5		24332		4.16195		4.08592
4725.5		24332		4.16195		4.13932
4801.5		24800.5		4.16195		4.13932
4801.5		24800.5		4.35695		4.22739
4974		25885		4.42877		4.39607
4974		25885		4.42877		4.39607
4955		25885		4.42877		4.39607
4955		25885		4.36345		4.33882
4878.5		25361.5		4.2874		4.28233
4878.5		25361.5		4.3901		4.28233
5079		26635		4.55942		4.45692
5079		26635		4.55942		4.51007
4953		25862.5		4.38522		4.4541
4953		25862.5		4.44177		4.3211
5114.5		26901.5		4.5903		4.50006
5114.5		26901.5		4.5903		4.50006
5072		26638		4.5903		4.50006
5072		26638		4.52205		4.50006
4972.5		26012		4.46583		4.42432
4972.5		26012		4.41122		4.42432
5070.5		26689		4.4928		4.42432
5070.5		26689		4.5851		4.49492
5164		27218		4.68423		4.60558
5164		27218		4.68423		4.60558
5159.5		27218		4.61955		4.60558
5159.5		27218		4.68162		4.60558
5055		26555.5		4.5591		4.60558
5055		26555.5		4.5591		4.47207
5070.5		26555.5		4.5591		4.47207
5070.5		26555.5		4.5591		4.53138
5091.5		26764.5		4.4954		4.44973
5091.5		26764.5		4.61207		4.50468
5124.5		26987		4.61207		4.56424
5124.5		26987		4.61207		4.56424
5164.5		27254		4.61207		4.56424
5164.5		27254		4.68715		4.56424
5113.5		26962		4.68715		4.56424
5113.5		26962		4.60655		4.56424
5089.5		26962		4.51652		4.47644
5089.5		26962		4.57372		4.47644
5089.5		26962		4.57372		4.56091
5136		26962		4.62442		4.56091
5136		26962		4.62442		4.56091
5149.5		27227		4.62442		4.56091
5149.5		27227		4.62442		4.56091
5110.5		26956.5		4.62442		4.56091
5110.5		26956.5		4.54903		4.49235
5123		26956.5		4.61207		4.54396
5123		26956.5		4.61207		4.54396
5116.5		26956.5		4.61207		4.54396
5116.5		26956.5		6.9862		4.69134
10808		61426.5		11.2892		9.83969
10808		61426.5		19.9069		16.7098
