843.5		524		0		0
844		524		0		0
844		524		0		0
842		524		0		0
842		524		0		0
842		524		0		0
842		524		0		0
841.5		524		0		0
841.5		524		0		0
843		524		0		0
843		524		0		0
845		524		0		0
845		524		0		0
845.5		524		0		0
845.5		524		0		0
845		524		0		0
845		524		0		0
844		524		0		0
844		524		0		0
844.5		524		0		0
844.5		524		0		0
845		524		0		0
845		524		0		0
844		524		0		0
844		524		0		0
842		524		0		0
842		524		0		0
1002		10025.5		0		1.16264
1002		10025.5		1.95		2.46855
1073.5		14308		2.34877		3.81212
1073.5		14308		3.68238		4.05049
1084		14926		3.9468		2.55004
1084		14926		2.48137		2.63117
1105		16266		2.59903		2.73105
1105		16266		2.70823		2.91103
1127		17562		2.93247		2.96392
1127		17562		2.93247		3.10642
1151.5		18986		3.18435		3.24352
1151.5		18986		3.18435		3.30797
1170.5		20248		3.39593		3.45072
1170.5		20248		3.39593		3.45072
1187		21281.5		3.61335		3.66793
1187		21281.5		3.61335		3.66793
1203.5		22297.5		3.6803		3.75291
1203.5		22297.5		3.7921		3.86999
1217		23172		3.97995		3.97808
1217		23172		3.97995		3.97808
1225		23706.5		4.03293		3.97808
1225		23706.5		4.03293		4.07437
1239.5		24565.5		4.23312		4.27694
1239.5		24565.5		4.23312		4.14369
1239.5		24565.5		4.15415		4.14369
1233.5		24375		4.15415		4.14369
1233.5		24375		4.33355		4.36834
1248		25220		4.33355		4.26308
1248		25220		4.33355		4.26308
1241		24828		4.22012		4.26308
1241		24828		4.38035		4.45127
1265.5		26139.5		4.5071		4.45127
1265.5		26139.5		4.5071		4.45127
1269		26546		4.5708		4.53446
1269		26546		4.5708		4.45461
1257.5		25779.5		4.43885		4.37168
1257.5		25779.5		4.43885		4.37168
1262.5		26133.5		4.43885		4.45333
1262.5		26133.5		4.54675		4.51649
1271		26610.5		4.54675		4.51649
1271		26610.5		4.54675		4.51649
1264.5		26236.5		4.54675		4.44896
1264.5		26236.5		4.459		4.37374
1254.5		25812.5		4.39108		4.37374
1254.5		25812.5		4.39108		4.37374
1257.5		25812.5		4.39108		4.37374
1257.5		25812.5		4.47915		4.47002
1261		26121.5		4.5318		4.47002
1261		26121.5		4.4239		4.38118
1257.5		25847.5		4.4239		4.38118
1257.5		25847.5		4.4239		4.38118
1261		25847.5		4.4239		4.38118
1261		25847.5		4.48597		4.44434
1269		26514.5		4.54513		4.54242
1269		26514.5		4.54513		4.41841
1260		26120		4.42422		4.41841
1260		26120		4.49312		4.50262
1260.5		26120		4.49312		4.40917
1260.5		26120		4.43202		4.40917
1262.5		26120		4.43202		4.40917
1262.5		26120		4.49215		4.40917
1259.5		26120		4.49215		4.40917
1259.5		26120		4.4382		4.40917
1264		26120		4.4382		4.40917
1264		26120		4.5136		4.48671
1254.5		25765.5		4.5136		4.33137
1254.5		25765.5		4.37125		4.41713
1274		26982.5		4.59225		4.58581
1274		26982.5		4.59225		4.58581
1258.5		26101.5		4.52205		4.40172
1258.5		26101.5		4.46225		4.40172
1265		26516		4.41057		4.40172
1265		26516		4.5708		4.5663
1270.5		26907		4.5708		4.5663
1270.5		26907		4.63678		4.62176
1369		33043.5		5.19155		5.52115
1369		33043.5		5.68523		5.6675
1438.5		37356.5		6.19255		6.31939
1438.5		37356.5		6.52828		9.73647
1475.5		39823.5		6.669		6.69963
1475.5		39823.5		6.97125		6.75509
1521.5		42812		7.14675		7.11557
1521.5		42812		7.4568		7.31327
1554.5		44994.5		7.7285		7.5998
1554.5		44994.5		7.86825		7.5998
1554.5		44994.5		12.2024		7.95617
1599.5		47810.5		8.45		8.1246
1599.5		47810.5		8.39735		8.1246
1602.5		46313.5		8.4474		8.06195
1602.5		46313.5		8.4474		8.28481
1632.5		47865		8.77435		8.46299
1632.5		47865		8.7165		8.37827
1649		48788.5		8.88095		8.6612
1649		48788.5		9.08635		8.8209
1668		49944.5		9.1767		8.71769
1668		49944.5		9.1013		8.8856
1693		51521.5		9.40485		9.0756
1693		51521.5		9.40485		9.0756
1691		51521.5		9.47635		9.0756
1691		51521.5		9.3301		8.89382
1687.5		51521.5		9.3301		9.05146
1687.5		51521.5		9.43995		9.05146
1702		52244		9.5368		9.16649
1702		52244		9.5368		9.08535
1698.5		52244		9.48025		9.15827
1698.5		52244		9.54915		9.58807
1833		60244		10.844		10.6623
1833		60244		11.2352		10.9206
1890		63802		11.6798		11.1594
1890		63802		11.6798		11.2441
1955.5		67976		12.2122		11.9224
1955.5		67976		12.5879		12.2074
2014.5		71697.5		13.2093		12.5602
2014.5		71697.5		12.9824		19.2419
2083.5		76202		13.7137		13.2822
2083.5		76202		13.9991		13.4321
2072.5		75622		14.1238		13.1877
2072.5		75622		13.5837		12.7297
2052.5		74410.5		13.4199		12.8755
2052.5		74410.5		13.5974		13.0675
2117		78531		14.0933		13.6088
2117		78531		14.3403		13.694
2149		80597.5		14.6068		13.9734
2149		80597.5		14.7192		13.8727
2130.5		79555		14.4547		13.695
2130.5		79555		14.5321		13.8275
2144		80403.5		14.5321		13.8275
2144		80403.5		14.612		13.9847
2178		82521		14.9714		14.34
2178		82521		15.0936		14.0771
2124		79082.5		14.5255		13.6817
2124		79082.5		14.3663		13.6262
2143.5		80414.5		14.4443		13.8871
2143.5		80414.5		14.6334		13.8871
2144.5		80414.5		14.6334		13.8368
2144.5		80414.5		14.575		13.9621
2158.5		81431.5		14.8109		14.0987
2158.5		81431.5		14.8109		13.9693
2153.5		81431.5		14.7173		14.1192
2153.5		81431.5		14.8109		13.8491
2141.5		80373.5		14.5665		13.8491
2141.5		80373.5		14.5665		13.8491
2131.5		79767.5		14.5665		13.7402
2131.5		79767.5		14.4794		13.7402
2120.5		79246		14.4794		13.7402
2120.5		79246		14.3826		13.5739
2120.5		79246		14.3826		13.8275
2144.5		80599.5		14.6152		13.8275
2144.5		80599.5		14.6152		14.0196
2162.5		81659		14.9078		14.0976
2162.5		81659		14.8239		14.1777
2162		81659		14.9266		13.9734
2162		81659		14.6516		14.1007
2185.5		83203		15.0287		14.3513
2185.5		83203		15.2717		14.9264
2334		92284.5		16.6537		16.2934
2334		92284.5		26.6552		15.3115
2052.5		74991.5		13.8242		11.9266
2052.5		74991.5		12.441		12.2429
2167		81796.5		14.4469		14.8186
2167		81796.5		15.7963		15.1904
2317		91309.5		16.6218		15.9421
2317		91309.5		16.6218		15.5878
2362		94323		16.8155		16.3858
2362		94323		17.5604		16.7781
2443		99426		18.0154		17.1755
2443		99426		18.0921		17.1129
2490		102298		18.3534		17.5319
2490		102298		18.7655		18.0249
2518		104035		19.0697		17.8821
2518		104035		18.6797		17.344
2481		101958		18.1844		17.4559
2481		101958		18.7057		17.7178
2545.5		105892		18.9722		18.1717
2545.5		105892		19.3063		18.2847
2563.5		107076		19.3583		18.3566
2563.5		107076		19.4454		18.182
2580		107970		19.1841		18.3884
2580		107970		19.8055		18.7448
2595		108945		19.7119		18.5425
2595		108945		19.7886		18.6298
2580		108230		19.4831		18.4172
2580		108230		19.6508		18.6914
2610		110014		19.8497		18.7797
2610		110014		19.9901		18.7797
2591.5		108940		19.8068		18.6524
2591.5		108940		19.6703		18.6524
2593.5		108940		19.9056		18.6524
2593.5		108940		19.6079		18.4757
2582.5		108306		19.4649		18.3443
2582.5		108306		19.7236		18.713
2568.5		107394		19.5845		18.3699
2568.5		107394		19.4545		18.3699
2592		109058		19.6079		18.6626
2592		109058		19.6079		18.6626
2607		109952		19.9667		18.9327
2607		109952		19.9667		18.6021
2538		105482		19.3206		18.1358
2538		105482		19.1334		17.9838
2600.5		109504		19.2218		18.5435
2600.5		109504		19.9706		18.8999
2564.5		107340		19.7379		18.3319
2564.5		107340		19.2543		18.3319
2584		108606		19.7301		18.6637
2584		108606		19.6664		18.5065
2572		107788		19.5455		18.4079
2572		107788		19.5455		18.5045
2572		107788		19.4792		18.2375
2566.5		107788		19.3648		18.5158
2566.5		107788		19.6092		18.6688
2688		114988		20.7896		20.3305
2688		114988		21.5124		20.2483
2780.5		120823		21.8296		20.9241
2780.5		120823		22.0519		20.6201
2820		123476		22.0519		21.262
2820		123476		22.9723		22.0384
2967.5		132900		23.9304		22.9534
2967.5		132900		24.3321		22.6341
2905.5		129188		23.5508		21.8422
2905.5		129188		23.0555		22.0117
2982		133617		24.0435		23.1414
2982		133617		24.3789		22.3475
2939.5		130996		23.5755		22.5344
2939.5		130996		23.8498		22.1945
2959		132130		23.7471		22.7255
2959		132130		24.2008		22.8158
2983.5		133415		24.2008		22.7552
2983.5		133415		24.2008		22.9678
3003		134609		24.5635		23.1034
3003		134609		24.3464		22.975
3013.5		134609		24.5115		23.1804
3013.5		134609		24.6441		23.0438
3015.5		134609		24.4673		23.2092
3015.5		134609		24.6922		23.2852
3019.5		134609		24.9015		23.393
3019.5		134609		24.4556		22.8364
3027.5		134609		24.4556		23.2975
3027.5		134609		24.8807		23.4454
3041		134609		24.8807		23.4454
3041		134609		24.8807		23.3755
3030		133629		24.726		23.2277
3030		133629		24.726		23.5224
3052.5		134512		25.0133		23.4485
3052.5		134512		24.9496		23.6539
3054.5		134512		24.9496		23.3119
3054.5		134512		25.0705		24.0534
3114		137970		26.0312		24.6008
3114		137970		25.5814		23.6066
3057		134387		25.0952		23.6066
3057		134387		24.8781		23.6066
3062.5		134387		25.0211		23.4269
3062.5		134387		25.1381		23.8439
3023		132104		25.0757		23.2256
3023		132104		24.3971		23.2256
3068.5		134933		25.2239		23.9024
3068.5		134933		25.1381		23.4135
3004.5		131174		24.4855		22.7902
3004.5		131174		24.1891		23.2533
3004.5		131174		24.9561		23.1866
3004.5		131174		24.5232		22.9062
3028		132596		24.1982		23.1414
3028		132596		24.908		23.4218
3041.5		133450		24.908		23.5974
3041.5		133450		24.8469		23.2954
3057.5		134596		24.7468		23.3622
3057.5		134596		25.0913		23.8305
3159.5		140636		25.0913		23.4916
3159.5		140636		25.8804		25.636
3159.5		140636		27.2961		37.5112
3195.5		142992		26.5772		25.2976
3195.5		142992		26.8528		25.2976
3275		145044		27.274		26.4196
3275		145044		28.2256		26.2989
3321		146090		28.0137		26.5762
3321		146090		28.327		26.6789
3363.5		148482		28.4245		27.0127
3363.5		148482		28.8574		27.2489
3379.5		149509		28.8574		26.9048
3379.5		149509		28.5571		26.9048
3383		149509		28.4674		27.1359
3383		149509		29.2903		27.5698
3430.5		152581		29.2903		27.7829
3430.5		152581		29.2903		27.2258
3421		152581		29.0654		27.6622
3421		152581		29.562		27.8805
3470.5		155100		29.6777		28.1449
3470.5		155100		29.9611		27.7444
3353.5		148136		28.9107		26.6609
3353.5		148136		28.0865		26.8509
3410.5		151664		28.9913		27.4748
3410.5		151664		29.2851		27.4081
3408		151664		28.9224		27.1667
3408		151664		29.341		28.3118
3512.5		157819		30.3888		28.548
3512.5		157819		30.2198		28.548
3548		159647		30.4902		28.6276
3548		159647		30.8477		29.3619
3550.5		159647		31.0076		29.2027
3550.5		159647		30.6787		27.9909
3438		153197		29.2045		27.4877
3438		153197		29.6478		28.1552
3487		155878		29.8987		28.2399
3487		155878		30.0846		28.2399
3505		156962		30.2068		28.5352
3505		156962		30.2068		28.3195
3482.5		155552		30.1327		28.1167
3482.5		155552		29.692		28.2117
3526.5		158384		30.2861		28.643
3526.5		158384		30.5513		28.566
3487		155900		30.1249		28.1552
3487		155900		29.939		28.1039
3481		155900		29.6686		28.1039
3481		155900		30.1275		28.3093
3530		158528		30.4057		28.8228
3530		158528		30.4057		28.5455
3555		160130		30.563		28.6097
3555		160130		30.563		29.3542
3607		163344		31.4548		29.4107
3607		163344		46.5887		29.5981
3634		165244		31.7005		29.7496
3634		165244		31.4697		29.8729
3769.5		173068		32.136		30.4223
3769.5		173068		33.1208		31.9782
2636.5		106505		33.7837		30.7664
2636.5		106505		25.7108		8.80909
841		528.5		0		0
841		528.5		0		0
841.5		537		0		0
841.5		537		0		0
841.5		537		0		0
843.5		534		0		0
843.5		534		0		0
841.5		526.5		0		0
841.5		526.5		0		0
844.5		526.5		0		0
844.5		526.5		0		0
842		526.5		0		0
842		526.5		0		0
842		526.5		0		0
842		526.5		0		0
842		526.5		0		0
842		526.5		0		0
843		526.5		0		0
843		526.5		0		0
841		526.5		0		0
841		526.5		0		0
841		526.5		0		0
841		526.5		0		0
840.5		526.5		0		0
840.5		526.5		0		0
841.5		526.5		0		0
841.5		526.5		0		0
841		526.5		0		0
841		526.5		0		0
842.5		523		0		0
842.5		523		0		0
842.5		526		0		0
842.5		526		0		0
842.5		522.5		0		0
842.5		522.5		0		0
841		522.5		0		0
841		522.5		0		0
841		522.5		0		0
841		522.5		0		0
840.5		522.5		0		0
840.5		522.5		0		0
842.5		522.5		0		0
842.5		522.5		0		0
842		522.5		0		0
842		522.5		0		0
843		522.5		0		0
843		522.5		0		0
841		522.5		0		0
841		522.5		0		0
841.5		522.5		0		0
841.5		522.5		0		0
843		519.5		0		0
843		519.5		0		0
842		519.5		0		0
842		519.5		0		0
843		519.5		0		0
843		519.5		0		0
842		519.5		0		0
842		519.5		0		0
839.5		519.5		0		0
839.5		519.5		0		0
841.5		519.5		0		0
841.5		519.5		0		0
845		519.5		0		0
845		519.5		0		0
845		519.5		0		0
844.5		519.5		0		0
844.5		519.5		0		0
844.5		519.5		0		0
844.5		519.5		0		0
843.5		519.5		0		0
843.5		519.5		0		1.11432
1103		15800.5		1.95		2.77234
1103		15800.5		3.40515		6.162
1534		41867.5		7.8		11.3373
1534		41867.5		13.8245		17.0759
1973.5		67313		19.0775		18.4531
1973.5		67313		20.228		13.3007
2145		77819.5		14.196		13.5112
2145		77819.5		15.964		17.8287
2633		108154		19.7145		18.6072
2633		108154		21.1601		21.9737
3011		132548		24.1982		23.0377
3011		132548		25.0523		24.2937
3143.5		141782		26.0117		24.3697
3143.5		141782		26.2678		26.2255
3364.5		156113		28.7924		40.13
3364.5		156113		28.2854		26.9202
3421		159832		28.8652		27.272
3421		159832		29.575		28.6097
3603		170808		31.1831		29.8087
3603		170808		31.4106		29.2721
3656		172106		46.8975		30.1142
3656		172106		32.2367		29.5391
3548		163945		30.615		28.7791
3548		163945		30.7775		29.4235
3629.5		168538		31.681		29.6418
3629.5		168538		31.486		29.6418
3703.5		170412		31.7817		30.3864
3703.5		170412		32.8315		31.3286
3803.5		174260		33.8032		31.6598
3803.5		174260		33.3807		31.2593
3768.5		172356		33.2313		31.1823
3768.5		172356		33.2313		31.0128
3768		172356		32.9582		31.2644
3768		172356		33.345		31.1232
3784		173490		33.0687		31.3903
3784		173490		33.5887		31.4416
3816		175510		33.5887		31.6958
3816		175510		33.748		31.7497
3799.5		174504		33.6278		31.4313
3799.5		174504		33.5238		31.6085
3910.5		181356		33.8032		32.2067
3910.5		181356		34.9603		33.3852
3935		182796		35.4478		32.769
3935		182796		34.8887		33.1695
3957.5		184166		35.516		33.2568
3957.5		184166		35.2593		33.0797
3865.5		178670		34.9895		32.5713
3865.5		178670		34.5703		31.8961
3816.5		175756		33.1695		31.1335
3816.5		175756		33.618		32.235
3942		183357		34.8985		33.2337
3942		183357		35.4608		32.8743
3931		183357		34.3623		32.1477
3931		183357		35.0187		33.5855
3931		183357		35.815		33.1824
3925		182323		34.814		32.6663
3925		182323		34.814		32.5148
3908		181306		34.5508		32.7382
3908		181306		35.4997		33.4237
3969		185108		35.2463		33.2748
3969		185108		35.711		33.9526
4005.5		187284		36.3122		33.5315
4005.5		187284		35.5387		33.6291
4010.5		187284		35.8573		33.8037
4010.5		187284		35.9808		33.529
3911.5		181868		35.0382		32.2966
3911.5		181868		34.3655		32.4018
3932		182930		34.736		33.0566
3932		182930		35.633		33.701
4046.5		189752		36.1953		34.3968
4046.5		189752		36.556		34.0553
4100		192994		36.556		34.918
4100		192994		37.492		35.3339
4092.5		192994		37.2547		34.4225
4092.5		192994		36.413		34.4225
4150.5		196152		37.128		35.357
4150.5		196152		38.0607		35.9219
4185.5		198393		38.2103		35.6882
4185.5		198393		37.6447		35.3493
4219.5		200505		38.2687		36.2094
4219.5		200505		38.4248		35.8962
4254		202535		38.5938		36.5946
4254		202535		38.8407		36.2659
4263.5		202535		38.74		36.5253
4263.5		202535		38.9545		36.2762
4241		202535		38.6035		36.2762
4241		202535		38.6035		36.2762
4343.5		208074		39.1982		37.2493
4343.5		208074		40.0855		37.7525
4292		204937		39.5557		36.6151
4292		204937		39.0098		36.6947
4347		208328		39.6305		37.6216
4347		208328		39.9263		37.2159
4346		208328		39.7962		37.5035
4346		208328		39.6143		37.2775
4303		205573		39.8418		36.8796
4303		205573		38.9447		36.8231
4412		212392		39.7507		37.9708
4412		212392		40.9955		38.3328
4310.5		206462		40.5373		37.3828
4310.5		206462		39.0715		36.3224
4334		207656		38.9512		37.3623
4334		207656		39.9717		37.3006
4446.5		214672		39.9717		37.9451
4446.5		214672		41.1092		39.1261
4374.5		210274		41.5513		37.9605
4374.5		210274		39.8288		37.2981
4315.5		206548		39.2275		36.5021
4315.5		206548		39.3672		37.5317
4410		212214		40.2318		37.999
4410		212214		40.768		37.999
4412.5		212214		40.0822		37.4675
4412.5		212214		40.6185		38.6409
4284		204948		40.7712		37.3571
4284		204948		38.9675		36.2967
4284		204948		39.0293		37.257
4340		208118		39.663		37.1466
4340		208118		39.884		37.5702
4341		208118		39.884		37.1132
4341		208118		39.1268		36.3584
4270		203930		38.753		36.6716
4270		203930		39.2373		36.5535
4345		208394		39.4355		37.9399
4345		208394		40.6478		37.6704
4326		207236		39.4128		36.8077
4326		207236		39.689		37.5882
4371.5		210054		40.0692		37.5882
4371.5		210054		40.365		38.266
4416.5		212754		40.7583		38.0067
4416.5		212754		40.3195		37.7371
4400.5		212754		40.2025		37.9836
4400.5		212754		40.677		37.9836
4470		216306		40.8265		39.0594
4470		216306		41.652		39.0594
4444.5		214796		40.8363		38.1736
4444.5		214796		41.1418		38.1736
4616		225164		42.926		40.5639
4616		225164		42.8577		39.4984
4550.5		221038		42.2987		40.1146
4550.5		221038		41.9673		38.6614
4575.5		222749		41.5967		40.0889
4575.5		222749		43.2477		40.0325
4603		224657		42.4222		40.2199
4603		224657		43.1177		40.6024
4634.5		226392		43.6117		40.6024
4634.5		226392		42.7017		40.1839
4660.5		228020		43.2217		40.9516
4660.5		228020		43.563		40.5177
4736		232362		43.563		41.424
4736		232362		44.798		41.8862
4713.5		231066		44.0928		41.2212
4713.5		231066		44.0928		41.2212
4720.5		231066		43.7938		41.5216
4720.5		231066		44.5023		41.2289
4732		231066		43.7385		41.5524
4732		231066		44.6908		41.329
4677.5		228870		43.4297		40.7591
4677.5		228870		43.7612		41.1185
4826		237828		43.6475		41.5319
4826		237828		46.0557		43.8632
4879		241668		46.176		43.3317
4879		241668		46.332		42.7129
4666		228667		44.564		41.1647
4666		228667		43.381		40.2558
4717		231821		42.978		40.7745
4717		231821		44.1317		42.089
4755		234254		45.1587		42.1866
4755		234254		44.421		42.1866
4746		234254		44.0212		41.1236
4746		234254		44.3755		41.1236
4711.5		231390		44.3755		41.2649
4711.5		231390		44.1838		41.2649
4784		235926		44.4535		41.3265
4784		235926		45.1457		42.4767
4784		235926		43.6735		41.5704
4659		228505		43.1632		41.1236
4659		228505		44.2943		41.1236
4898.5		243134		46.6017		44.0301
4898.5		243134		45.6138		44.0301
4722		232102		43.7482		41.6962
4722		232102		44.3527		41.6962
4669.5		228819		43.5013		40.9003
4669.5		228819		43.8652		40.9003
4885.5		241921		45.903		43.5782
4885.5		241921		46.5433		43.5782
4789		236189		44.6485		42.9004
4789		236189		44.7882		41.632
4817		237867		44.7882		42.1121
4817		237867		45.8283		42.4716
4788		236139		45.3927		42.962
4788		236139		44.1545		42.0608
4839.5		239058		45.604		42.0608
4839.5		239058		45.3862		42.2662
4806		237112		44.9735		42.2662
4806		237112		45.1717		42.5178
4873.5		241308		45.825		42.5178
4873.5		241308		45.89		43.0826
5034		251220		47.1478		43.2855
5034		251220		48.4608		46.007
5065.5		253420		49.426		46.007
5065.5		253420		46.5855		45.2753
5026		250840		46.6992		44.5513
5026		250840		48.4997		44.5513
5097		255478		49.6015		45.3806
5097		255478		47.4045		45.3806
5050		252549		47.567		44.41
5050		252549		48.009		44.41
5134.5		257551		48.906		45.6039
5134.5		257551		48.9613		45.9865
5203.5		261760		48.7565		45.532
5203.5		261760		50.3717		46.7927
5292		267520		50.0825		46.9108
5292		267520		50.9665		47.2574
5331		269868		52.2762		48.5643
5331		269868		50.531		46.7003
5167		259715		49.1302		46.7003
5167		259715		49.4325		46.3511
5162		259715		49.2765		46.3511
5162		259715		49.2765		45.7657
5236		263983		48.7922		45.7657
5236		263983		50.2743		46.1097
5361		271571		51.8993		48.2356
5361		271571		51.3435		48.4821
5090.5		255048		49.6795		47.604
5090.5		255048		47.8985		45.3754
5247		264689		49.2407		45.2291
5247		264689		50.4172		47.1059
5244		264689		50.0662		46.9621
5244		264689		50.0662		46.9621
5149		259038		50.0662		46.4127
5149		259038		48.8117		46.4127
5123.5		257330		48.3372		45.1084
5123.5		257330		48.6362		45.1084
5197.5		261988		50.0955		46.2869
5197.5		261988		49.5625		47.2523
5197.5		261988		49.2798		45.7323
5330.5		270150		50.6252		46.785
5330.5		270150		52.6825		48.6926
5127.5		257711		48.9352		48.0713
5127.5		257711		46.3483		44.1251
4971.5		248122		46.852		43.7014
4971.5		248122		47.9765		44.1584
5037		251988		47.6092		45.2548
5037		251988		47.4662		44.3946
5157		259262		48.659		44.7772
5157		259262		51.0835		46.6849
5322.5		269774		52.039		48.7799
5322.5		269774		48.9743		47.5501
5098.5		256246		48.2072		45.075
5098.5		256246		49.4292		45.7092
5386		273710		51.7075		47.5655
5386		273710		52.2048		48.5771
5387		273710		52.2048		49.2164
5387		273710		51.3208		48.2228
5317.5		269750		50.6252		47.9018
5317.5		269750		51.3143		47.9018
5220		263797		51.038		47.7606
5220		263797		48.5778		47.1675
5088.5		255538		48.5778		44.9056
5088.5		255538		48.3372		45.4653
5139.5		258645		47.7132		45.0622
5139.5		258645		50.4335		45.6527
5346		271395		51.3208		48.2305
5346		271395		51.3208		47.8428
5288		267701		50.843		48.1021
5288		267701		50.609		47.2343
5229.5		264092		50.4432		47.4808
5229.5		264092		49.6925		46.9775
5247		264092		49.855		46.4435
5247		264092		50.3913		46.9544
5207		264092		50.0045		47.3421
5207		264092		49.7087		46.4461
5195		262010		49.4032		46.369
5195		262010		49.6567		46.369
5273		266843		50.7065		46.9673
5273		266843		50.2743		47.6117
5321.5		269698		50.3522		46.8517
5321.5		269698		51.4897		47.966
5259		265680		50.726		47.9018
5259		265680		50.2287		47.2369
5236		264332		49.751		46.6977
5236		264332		50.2905		46.9596
5203.5		262166		50.5342		46.9596
5203.5		262166		49.2017		47.2523
5123.5		257270		48.1195		45.5115
5123.5		257270		48.6232		44.7233
5216.5		263011		50.4302		46.975
5216.5		263011		49.595		46.6643
5214		263011		49.2765		46.5436
5214		263011		50.1833		46.4615
