        Date        scalerS2b scalerS16b IPM2C21A IPM2C24A beam_stop.RBV
2017-12-14 08:16:30     34130     421238  54.8988  36.3122             0
2017-12-14 08:16:31     34152     423435    55.13  36.4688             0
2017-12-14 08:16:32     33758     418703  55.6526  36.8128             0
2017-12-14 08:16:33     33181     411680  55.0514    36.42             0
2017-12-14 08:16:34     33337     411680  54.2836  35.9014             0
2017-12-14 08:16:35     33936     421329  53.7841   35.583             0
2017-12-14 08:16:36     33643     417694  54.4085  35.9912             0
2017-12-14 08:16:37     32822     407832  55.1948  36.5073             0
2017-12-14 08:16:38     32665     407832  54.0848  35.7704             0
2017-12-14 08:16:39     32665     407832  53.2523  35.2261             0
2017-12-14 08:16:40     32985     407832  52.9239  35.0104             0
2017-12-14 08:16:41     33183     411574  53.6916  35.5162             0
2017-12-14 08:16:42     32945     408943  53.7934  35.5855             0
2017-12-14 08:16:43     33926     421882   53.576  35.4392             0
2017-12-14 08:16:44     34210     425665  55.3983  36.6459             0
2017-12-14 08:16:45     34085     423462  55.3983  36.6459             0
2017-12-14 08:16:46     33344     414121  55.3474  36.6459             0
2017-12-14 08:16:47     33747     419454  54.0755   35.773             0
2017-12-14 08:16:48     34283     426362  54.8664  36.2916             0
2017-12-14 08:16:49     34181     426362  55.6249  36.7948             0
2017-12-14 08:16:50     34172     426362  55.4815  36.6998             0
2017-12-14 08:16:51     33499     416698  55.4815  36.6998             0
2017-12-14 08:16:52     33349     416698  54.4501  36.0169             0
2017-12-14 08:16:53     33325     416698  54.1634  35.8295             0
2017-12-14 08:16:54     33712     420071  54.0246  35.7345             0
2017-12-14 08:16:55     33843     420071  54.6768  36.1709             0
2017-12-14 08:16:56     33932     420071  54.6213  36.1709             0
2017-12-14 08:16:57     33444     415718  55.3104  36.5869             0
2017-12-14 08:16:58     33905     421610  54.3391  35.9476             0
2017-12-14 08:16:59     33986     421610  54.6814  36.1735             0
2017-12-14 08:17:00     34008     421610  55.3659  36.6228             0
2017-12-14 08:17:01     34479     428872   55.093  36.4405             0
2017-12-14 08:17:02     34095     424132    55.87  36.9489             0
2017-12-14 08:17:03     33283     413081  55.6249  36.7923             0
2017-12-14 08:17:04     33343     413081  54.7415   36.212             0
2017-12-14 08:17:05     34182     425142  53.7101  35.5239             0
2017-12-14 08:17:06     33939     422274  54.9866  36.3789             0
2017-12-14 08:17:07     33057     410794   55.352  36.6125             0
2017-12-14 08:17:08     33515     416935  54.5288  36.0682             0
2017-12-14 08:17:09     34391     427796  53.6454   35.488             0
2017-12-14 08:17:10     34391     427796  55.0329  36.3994             0
2017-12-14 08:17:11     33656     418167  55.5139  36.7204             0
2017-12-14 08:17:12     33498     418167  54.6166  36.1324             0
2017-12-14 08:17:13     33732     418167  54.4039  35.9861             0
2017-12-14 08:17:14     33556     418167  54.6768  36.1658             0
2017-12-14 08:17:15     34506     428679  54.6768  36.1658             0
2017-12-14 08:17:16     34364     428679  55.8885  36.9694             0
2017-12-14 08:17:17     34703     431083  55.9903  37.0362             0
2017-12-14 08:17:18     33867     420908  56.1568  37.1389             0
2017-12-14 08:17:19     33977     420908   54.982  36.3712             0
2017-12-14 08:17:20     33283     412963  55.1115  36.4559             0
2017-12-14 08:17:21     33381     412963  54.0431  35.7499             0
2017-12-14 08:17:22     33810     419695  54.1218  35.8012             0
2017-12-14 08:17:23     33632     419695  54.8386  36.2762             0
2017-12-14 08:17:24     33752     419695  54.7785  36.2762             0
2017-12-14 08:17:25     33197     412492  54.6398  36.1453             0
2017-12-14 08:17:26     33183     412492  54.0385  35.7473             0
2017-12-14 08:17:27     33431     416364  53.7055  35.5265             0
2017-12-14 08:17:28     34118     424781  54.2235  35.8731             0
2017-12-14 08:17:29     33711     418805  55.2225  36.5304             0
2017-12-14 08:17:30     34479     428373  54.6398   36.153             0
2017-12-14 08:17:31     35024     435008   55.648  36.8179             0
2017-12-14 08:17:32     34269     425590  56.5823  37.4239             0
2017-12-14 08:17:33     34784     431895  56.1706  37.1569             0
2017-12-14 08:17:34     33703     418399  56.0319  37.0567             0
2017-12-14 08:17:35     33321     412922   55.796  36.8975             0
2017-12-14 08:17:36     33974     421465  54.1079  35.7884             0
2017-12-14 08:17:37     34064     421465  54.4918  36.0477             0
2017-12-14 08:17:38     33595     416221  55.6156  36.7897             0
2017-12-14 08:17:39     33812     418899  54.5565  36.0862             0
2017-12-14 08:17:40     34119     422634  54.7184   36.194             0
2017-12-14 08:17:41     34119     422634  55.1716  36.4893             0
2017-12-14 08:17:42     33959     419918  55.1716  36.4893             0
2017-12-14 08:17:43     34589     427416  55.5694  36.7538             0
2017-12-14 08:17:44     34558     427416  55.8746  36.9515             0
2017-12-14 08:17:45     34512     427416  56.3649   37.275             0
2017-12-14 08:17:46     34582     427416  55.9625  37.0105             0
2017-12-14 08:17:47     34487     427416  56.1938  37.1671             0
2017-12-14 08:17:48     34793     429811  55.9579  37.0079             0
2017-12-14 08:17:49     34170     422309  56.4296  37.3186             0
2017-12-14 08:17:50     33728     416261  55.4029  36.6331             0
2017-12-14 08:17:51     34096     421203  54.7646  36.2223             0
2017-12-14 08:17:52     34411     425446  55.3104  36.5843             0
2017-12-14 08:17:53     34385     425446  55.8284  36.9232             0
2017-12-14 08:17:54     35119     434032  55.6758  36.8334             0
2017-12-14 08:17:55     34423     425020  57.0078  37.7037             0
2017-12-14 08:17:56     34876     431150  55.9533  37.0079             0
2017-12-14 08:17:57     35067     431150  56.7164  37.5163             0
2017-12-14 08:17:58     34149     421456  56.7164  37.5163             0
2017-12-14 08:17:59     33757     416108  55.7683   36.877             0
2017-12-14 08:18:00     33600     413684   54.945   36.343             0
2017-12-14 08:18:01     34110     420485   54.501  36.0451             0
2017-12-14 08:18:02     34505     425678   55.056  36.4097             0
2017-12-14 08:18:03     33969     418487   55.907  36.9797             0
2017-12-14 08:18:04     33951     418487  55.5786  36.7589             0
2017-12-14 08:18:05     34318     423724  54.9774  36.3609             0
2017-12-14 08:18:06     34276     423724  55.9255    36.99             0
2017-12-14 08:18:07     34866     430650  55.1254  36.4636             0
2017-12-14 08:18:08     34247     422561   56.314  37.2493             0
2017-12-14 08:18:09     34236     422561   56.314  37.2493             0
2017-12-14 08:18:10     34659     428655  55.1346  36.4611             0
2017-12-14 08:18:11     34247     422880  56.1984  37.1594             0
2017-12-14 08:18:12     34247     422880  56.0689  37.0747             0
2017-12-14 08:18:13     34049     419774  55.5093  36.7178             0
2017-12-14 08:18:14     34033     419774  55.1023  36.4405             0
2017-12-14 08:18:15     34314     423324  55.3196  36.5843             0
2017-12-14 08:18:16     35110     433942  56.0041  37.0388             0
2017-12-14 08:18:17     34285     423848  56.8228  37.5831             0
2017-12-14 08:18:18     34000     419535  55.5833  36.7589             0
2017-12-14 08:18:19     34593     427544  55.2133  36.5176             0
2017-12-14 08:18:20     34771     429953   56.351  37.2698             0
2017-12-14 08:18:21     34180     421953   56.351  37.2698             0
2017-12-14 08:18:22     33777     416468   55.463   36.687             0
2017-12-14 08:18:23     33623     416468  54.8294  36.2659             0
2017-12-14 08:18:24     33564     413746  54.5149  36.0605             0
2017-12-14 08:18:25     34061     419565  54.5149  36.0605             0
2017-12-14 08:18:26     35075     433050  55.1208  36.4585             0
2017-12-14 08:18:27     34680     427367  56.8413  37.5959             0
2017-12-14 08:18:28     34148     420126  56.5083  37.3802             0
2017-12-14 08:18:29     33817     417405  55.4491  36.6767             0

