9065.5    815782    146.27     135.133
9065.5    815782    152.256     140.709
9095    815782    151.008     139.559
9095    815782    150.221     138.82
9122    821124    152.912     141.325
9122    821124    150.059     138.655
8851    795084    146.094     134.989
8851    795084    146.62     135.472
8812    795084    145.997     134.896
8812    795084    145.346     134.301
9116.5    820844    148.746     137.454
9116.5    820844    151.574     140.093
9230.5    832210    152.893     141.315
9230.5    832210    152.633     141.048
9144    823758    153.998     142.311
9144    823758    151.879     140.381
8891.5    799590    145.314     134.27
8891.5    799590    147.368     136.17
8924    799590    148.311     137.043
8924    799590    147.043     135.862
9116.5    821684    149.298     137.957
9116.5    821684    151.216     139.723
9056.5    815798    151.613     140.114
9056.5    815798    149.162     137.834
9056.5    815798    151.223     139.734
9045.5    815798    150.163     138.737
9045.5    815798    147.641     136.427
8956.5    806192    148.622     137.33
8956.5    806192    148.005     136.755
8992.5    806192    149.409     138.049
8992.5    806192    148.98     137.639
9066    816502    149.253     137.916
9066    816502    152.711     141.141
9118.5    820809    151.535     140.042
9118.5    820809    149.012     137.68
8975.5    807274    148.395     137.135
8975.5    807274    150.059     138.676
9159.5    825350    151.69     140.175
9159.5    825350    152.055     140.524
9188.5    825350    151.482     140.001
9188.5    825350    152.938     141.336
9065.5    816118    150.826     139.395
9065.5    816118    148.674     137.372
8988    808434    148.07     136.817
8988    808434    150.098     138.686
9096.5    818921    150.404     138.974
9096.5    818921    150.696     139.22
8979.5    807812    148.805     137.474
8979.5    807812    148.551     137.259
9062    816050    149.916     138.532
9062    816050    150.533     139.107
9058    816050    149.747     138.357
9058    816050    150.371     138.922
9020.5    816050    150.319     138.922
9020.5    816050    148.415     137.125
8972.5    807480    148.967     137.649
8972.5    807480    148.161     136.899
9085    818336    149.962     138.563
9085    818336    151.066     139.61
9050.5    818336    149.942     138.553
9050.5    818336    149.942     138.553
9093    818336    150.241     138.84
9093    818336    151.047     139.58
9060    818336    149.305     137.957
9060    818336    150.82     139.364
8985    808846    149.019     137.7
8985    808846    148.74     137.454
9077    817526    149.936     138.522
9077    817526    150.54     139.107
9110.5    817526    150.878     139.415
9110.5    817526    151.158     139.672
9238    832725    151.755     140.227
9238    832725    153.602     141.931
9148.5    824463    151.71     140.175
9148.5    824463    152.152     140.596
9140    824463    151.229     139.744
9140    824463    151.84     140.298
8966    806730    149.507     138.132
8966    806730    148.486     137.197
9024.5    812430    148.642     137.341
9024.5    812430    149.24     137.885
8987.5    812430    150.449     139.004
8987.5    812430    148.298     137.012
9049.5    812430    149.747     138.347
9049.5    812430    149.214     137.864
9049.5    812430    148.837     137.526
8949    804790    148.324     137.053
8949    804790    148.518     137.217
9109    820572    151.788     140.309
9109    820572    150.878     139.426
9090    820572    150.794     139.333
9090    820572    149.721     138.347
9075.5    820572    150.391     138.984
9075.5    820572    150.768     139.333
9026.5    812146    149.962     138.563
9026.5    812146    148.805     137.484
9097    819119    151.125     139.651
9097    819119    149.572     138.203
8957.5    805539    148.486     137.176
8957.5    805539    147.855     136.612
8978.5    805539    148.402     137.104
8978.5    805539    149.038     137.71
8939.5    805539    147.992     136.745
8939.5    805539    147.628     136.406
9017    811210    148.869     137.546
9017    811210    150.104     138.686
8947    804374    148.304     137.022
8947    804374    147.882     136.622
9161    825320    151.794     140.257
9161    825320    152.197     140.648
9173.5    825320    151.678     140.155
9173.5    825320    152.236     140.658
9061.5    815441    150.611     139.148
9061.5    815441    149.389     138.039
9031.5    815441    150.742     139.282
9031.5    815441    147.979     136.735
9028    815441    149.578     138.234
9028    815441    149.234     137.906
8974.5    806816    148.622     137.31
8974.5    806816    148.252     136.971
9012    810962    148.402     137.115
9012    810962    149.779     138.399
9030.5    810962    150.053     138.655
9030.5    810962    149.104     137.762
9025    810962    149.104     137.762
9025    810962    149.747     138.368
9029.5    810962    149.688     138.316
9029.5    810962    149.195     137.854
9086.5    817954    150.221     138.809
9086.5    817954    150.696     139.241
8951.5    805199    150.469     139.015
8951.5    805199    149.227     137.895
395.5    587    28.3205     26.1371
395.5    587    0     0
395.5    554    0     0
394    547    0     0
395    543    0     0
394    543    0     0
393    536    0     0
393    533    0     0
393    533    0     0
395    533    0     0
395    528    0     0
396    528    0     0
392    528    0     0
394    528    0     0
393    528    0     0
396    528    0     0
395    528    0     0
393    528    0     0
393    525    0     0
394    525    0     0
394    525    0     0
393    525    0     0
394    525    0     0
392    525    0     0
394    525    0     0
3240    263851    1.12671     0.863502
4511    384915    3.9     3.081
4921    412346    7.8     6.162
4873    409298    19.5     15.405
4949    417554    39     30.81
4982    421611    78     61.62
3613    294685    119.86     110.7
3162    252077    107.549     99.3622
3172    252077    48.1585     44.2842
3182    253710    48.334     44.4486
3193    253710    48.4185     44.5204
4488    374538    48.62     44.7002
4815    406495    59.7155     54.8829
4808    406495    77.4475     71.3714
4808    406495    76.622     70.6165
4822    406495    77.1225     71.0633
4749    401290    75.972     70.0055
6545    569919    85.41     78.8428
7010    615436    113.438     104.687
6958    611459    114.653     105.817
6921    608216    113.62     104.852
7008    616773    113.867     105.103
7533    666736    116.74     107.758
7413    656046    123.559     114.074
7551    669118    122.096     112.729
7544    669118    124.013     114.49
7520    669118    123.786     114.295
8254    736329    125.177     115.573
8315    742682    136.24     125.833
8326    742682    137.221     188.927
8243    736064    137.221     126.763
8205    736064    136.077     125.684
8280    736064    135.499     125.16
8331    744761    136.415     125.982
8314    744761    137.507     126.999
8333    744761    137.267     126.783
8426    753916    137.319     126.834
8547    765510    138.872     128.272
8626    772887    140.952     130.203
8516    762517    142.005     131.168
8572    767414    141.693     130.881
8566    767414    140.835     130.09
8612    771320    141.55     130.758
8657    775795    142.142     131.312
8663    775795    142.07     131.23
8663    775795    144.222     133.233
8532    764152    141.395     130.614
8604    770858    141.706     130.901
8789    788517    143.37     132.452
8946    803926    146.283     135.133
8942    803926    148.512     137.197
8915    803926    147.505     136.262
8831    792509    147.439     136.262
8668    777099    144.579     133.561
8618    772415    143.234     132.308
8646    772415    142.454     131.59
8656    772415    142.779     131.898
8545    765536    142.656     131.785
8800    789642    141.622     130.809
8873    796790    145.964     134.855
8824    792045    146.692     135.533
8786    792045    145.684     134.588
8863    796154    145.405     134.332
8905    796154    146.796     135.626
8764    786848    147.27     136.067
8691    779088    145.255     134.198
8798    789853    143.624     132.668
8660    776956    145.372     134.311
8608    771857    143.591     132.647
8660    776593    141.999     131.158
8756    785587    143.292     132.37
8747    785587    143.812     132.842
8725    785587    144.989     133.931
8715    785587    144.397     133.397
8763    785587    144.456     133.448
8635    774257    144.56     133.551
8635    774257    143.26     132.329
8652    774257    143.26     132.329
8741    784199    143.156     132.247
8785    784199    145.691     134.588
8716    784199    144.163     133.181
8890    798394    145.801     134.701
8808    790524    146.425     135.287
8965    805863    146.49     135.287
8871    797233    148.089     136.817
8875    797233    146.725     135.543
8884    797233    146.939     135.749
8864    797233    146.939     135.749
8777    788486    146.484     135.328
8698    780621    144.749     133.736
8837    793540    144.163     133.192
8779    788301    146.335     135.205
8715    781920    145.067     134.023
8786    788585    144.391     133.387
8759    788585    145.216     134.157
8708    781390    144.885     133.849
8759    785908    144.059     133.079
8642    774915    144.749     133.715
8708    781197    143.15     132.237
8494    760665    144.046     133.099
8666    777478    140.706     129.998
8638    777478    142.454     131.6
8749    785617    142.772     131.898
8558    766934    144.287     133.315
8485    760119    143.208     132.319
8406    752062    140.328     129.618
8314    743663    139.158     128.539
8314    743663    137.443     126.947
8463    757967    138.58     128.005
8459    757967    139.971     129.31
8460    757967    140.036     129.361
8500    757967    140.38     129.669
8421    754055    139.425     128.786
8400    754055    139.068     128.437
8469    758419    138.853     128.252
8515    763047    140.465     129.751
8507    763047    140.523     129.803
8473    759110    140.251     129.556
8507    759110    140.049     129.361
8514    759110    140.783     130.049
8511    759110    140.452     129.731
8489    759110    140.673     129.946
8587    769599    140.238     129.536
8485    759644    141.895     131.097
8472    759644    139.997     129.34
8473    759644    139.893     129.227
8442    755517    139.893     129.227
8546    765598    139.295     128.673
8476    759028    140.926     130.172
8447    759028    140.426     129.71
8454    759028    139.568     128.93
8404    752208    139.516     128.868
8579    768846    138.827     128.231
8546    768846    141.199     130.408
8462    757975    140.933     130.193
8353    747546    141.044     130.295
8380    747546    138.469     127.892
8437    755213    137.833     127.297
8437    755213    138.794     128.19
8464    755213    139.951     129.268
8429    755213    138.859     128.262
8435    755213    139.6     128.94
8465    755213    139.23     128.611
8502    761838    140.868     130.121
8477    761838    139.321     128.704
8493    761838    140.77     130.028
8372    749431    139.548     128.909
8337    749431    137.975     127.44
8378    749431    137.598     127.091
8490    760487    138.535     127.974
8560    767317    140.719     129.977
8473    758833    141.336     130.573
8510    758833    139.958     129.268
8642    774915    140.751     130.028
8668    774915    142.844     131.959
8028    716968    142.967     132.072
7903    704439    132.359     122.192
7961    709478    130.26     120.293
7886    702604    131.111     121.094
7969    709966    129.837     119.902
8361    747715    131.183     121.145
8384    747715    136.864     126.403
8408    752880    138.326     127.779
8412    752880    138.872     128.262
8428    752880    138.333     127.769
7930    706861    139.854     129.186
7997    712935    133.094     122.922
8065    719540    130.93     120.919
8022    715426    132.984     122.819
8022    715426    132.165     122.049
7960    709602    131.436     121.371
8279    739908    134.199     123.928
8316    739908    136.227     125.828
8349    746523    137.456     126.968
8382    746523    138.606     128.036
8318    746523    138.223     127.677
8093    721996    135.811     125.438
8062    721996    132.84     122.685
8134    725939    132.671     122.521
8168    725939    134.836     124.513
8123    725939    134.147     123.887
8220    734240    134.219     123.949
8142    726844    135.434     125.089
8190    731089    134.465     124.185
8205    731089    134.823     124.513
8134    726194    135.304     124.955
8150    726194    134.049     123.815
8194    731448    134.387     124.123
8225    731448    135.187     124.852
8106    723676    135.479     125.14
8178    730220    133.803     123.599
8165    730220    134.81     124.524
8301    741619    134.355     124.082
8194    731598    136.877     126.434
8257    737513    135.271     124.935
8280    737513    135.882     125.499
8246    737513    136.305     125.89
8214    733585    136.195     125.797
8114    723961    135.863     125.489
8114    723961    134.4     124.133
8118    723961    133.432     123.24
8175    729899    134.368     124.113
8169    729899    134.699     124.411
8255    737511    134.992     124.678
8252    737511    136.507     126.095
8344    745534    136.617     126.167
8143    726606    136.727     126.29
8114    726606    133.283     123.086
8095    722134    133.653     123.435
8173    729019    133.958     123.723
8076    720076    134.342     124.072
8170    729115    133.191     123.004
8307    742594    135.07     124.739
8271    738861    136.968     126.516
8297    738861    136.266     125.859
8340    745574    137.027     126.598
8186    730947    137.481     126.999
8220    730947    135.012     124.688
8220    730947    135.428     125.068
8214    730947    135.551     125.191
8099    722447    135.324     124.976
8215    733320    133.627     123.415
8414    752272    134.836     124.534
8278    739383    138.489     127.913
8375    748505    136.981     126.506
8352    748505    138.001     127.471
8124    725125    137.8     127.266
7843    698187    136.11     125.736
7843    698187    129.116     119.204
7810    694285    129.116     119.204
7810    694285    128.206     118.372
7885    701451    129.779     119.841
7935    706455    129.298     119.409
7935    706455    131.475     121.412
7903    706455    129.837     119.902
7905    706455    130.721     120.714
7853    698575    129.031     119.153
7979    710741    129.623     119.697
8007    710741    132.392     122.264
7907    703740    131.072     121.032
7984    711154    130.13     120.159
8002    711154    131.736     121.648
7889    702406    131.326     121.258
7825    696125    129.551     119.625
7990    711682    128.947     119.07
8038    716904    131.826     121.751
7970    710186    132.379     122.254
7837    697220    131.176     121.124
7752    688914    128.7     118.844
7752    688914    127.445     117.684
7790    692452    127.341     117.581
7904    703209    128.011     118.208
7941    707064    129.98     120.036
7746    688300    130.611     120.611
7877    700858    127.816     117.992
7791    692100    129.395     119.481
7857    698499    128.031     118.218
7752    688861    129.083     119.204
7825    695453    127.829     118.033
7854    695453    127.881     118.084
7787    695453    129.558     119.635
7787    695453    128.063     118.269
7920    704663    129.376     119.471
7836    696852    129.63     119.687
7892    702336    129.07     119.194
7854    702336    129.656     119.717
7863    702336    128.889     119.029
7830    696121    129.902     119.964
7759    689532    127.933     118.126
7796    689532    127.868     118.074
7803    693273    127.868     118.074
7906    703396    128.791     118.937
7808    693917    129.993     120.046
7770    693917    128.199     118.382
7739    687549    127.426     117.653
7751    687549    127.257     117.509
7829    695914    127.523     117.746
7786    692036    128.641     118.793
7944    707299    127.92     118.115
7960    707299    130.793     120.765
7852    698442    130.917     120.898
7870    698442    129.207     119.317
7920    705168    129.48     119.563
7912    705168    130.214     120.251
7960    708834    129.954     119.995
7849    698419    131.274     121.217
7952    707995    129.402     119.481
7922    707995    129.987     120.036
7436    658805    130.865     120.868
7428    658805    124.56     114.983
7426    658805    121.621     112.282
7472    662420    121.413     112.097
7472    662420    122.57     113.165
7471    662420    123.038     113.586
7746    688359    124.124     114.613
7696    683303    127.744     117.961
7728    683303    126.21     116.534
7616    675764    126.406     116.729
7665    680320    124.976     115.394
7716    685237    126.809     117.088
7742    685237    126.438     116.749
7850    698698    128.505     118.649
7775    690991    128.739     118.886
7712    685332    127.341     117.602
7696    685332    126.477     116.78
7652    679356    126.477     116.78
7589    673389    125.548     115.928
7574    673389    124.663     115.106
7617    673389    124.332     114.798
7608    673389    125.242     115.63
7573    673389    124.832     115.26
7629    676982    124.39     114.86
7594    673281    125.268     115.65
7589    673281    124.742     115.178
7641    678169    124.573     115.003
7576    671767    125.411     115.784
7686    682204    124.299     114.767
7612    675322    125.964     116.308
7636    675322    125.34     115.722
7685    682306    125.008     115.435
7727    686000    126.217     116.523
7646    678655    127.14     117.396
7767    689749    125.625     115.989
7767    689749    126.639     116.914
7678    681618    127.51     117.715
7522    666232    124.072     114.572
7490    666232    123.006     113.566
7435    658487    122.655     113.237
7453    658487    121.803     112.467
7505    664638    122.44     113.042
7656    679049    124.429     114.88
7610    674900    125.619     115.989
7674    680816    125.008     115.414
7740    687335    126.412     116.729
7636    677567    127.179     117.437
7479    662213    124.442     114.86
7502    662213    122.337     112.96
7550    669395    123.636     114.151
7517    669395    123.864     114.367
7536    669395    123.194     113.751
7553    669395    123.715     114.233
7548    669395    123.942     114.439
7640    678064    123.942     114.439
7682    681828    125.417     115.815
7486    663307    126.061     116.41
7204    636362    123.344     113.894
7083    624849    118.326     109.201
7084    624849    116.09     107.167
7053    621732    115.732     106.839
7259    641352    115.362     106.479
7473    661843    117.201     108.184
7580    672015    122.57     113.165
7562    672015    123.747     114.243
7457    660215    124.501     114.952
7457    660215    122.512     113.104
7378    652791    122.577     113.186
7246    639849    119.099     109.94
7199    635622    118.124     109.026
7168    635622    117.247     108.236
7240    639720    118.196     109.119
7291    644270    118.501     109.386
7311    644270    119.808     110.618
7367    651822    120.016     110.793
7329    648134    120.874     111.604
7315    648134    119.646     110.454
7275    643051    120.029     110.813
7332    647976    119.074     109.92
7303    647976    120.198     110.947
7371    651688    120.12     110.895
7256    640985    120.328     111.08
7292    640985    118.579     109.458
7334    648561    119.756     110.557
7343    648561    120.289     111.05
7349    648561    120.289     111.05
7327    648561    120.471     111.214
7175    633339    120.178     110.947
7328    647881    117.533     108.482
7220    637622    120.009     110.772
7282    643547    118.358     109.242
7259    643547    118.859     109.725
7226    638068    119.561     110.372
4753    407036    117.962     108.883
400    566    105.365     97.2055
400    554    4.1405     3.57396
402    554    0     0
402    554    0     0
401    550    0     0
401    544    0     0
402    544    0     0
400    544    0     0
401    537    0     0
400    537    0     0
401    537    0     0
398    532    0     0
399    532    0     0
399    532    0     0
401    532    0     0
401    529    0     0
2495    196091    1.12681     0.863579
3129    257765    3.9     3.081
3150    257765    7.8     6.162
4399    363964    19.5     15.405
4786    401576    39     30.81
4724    396774    78     61.62
4688    393899    112.031     103.619
4736    398547    119.554     109.822
5081    431149    75.4455     69.5228
5058    431149    80.6715     74.3959
5026    427051    80.834     74.5089
5021    427051    80.314     74.0313
5015    427051    80.548     74.2367
6452    561414    79.9825     73.7232
6684    584720    98.605     90.8279
6632    580425    108.543     100.163
6659    580425    108.543     100.163
6629    580425    108.387     100.02
6629    580425    108.329     99.9682
6586    576280    107.51     99.2082
6580    576280    107.12     98.8436
6560    576280    107.302     99.0079
6629    580814    107.243     98.9566
6599    580814    108.173     99.809
7009    617065    110.331     101.837
6977    617065    114.458     105.632
7077    623711    114.205     105.401
7136    629446    116.714     107.727
7053    621886    116.304     107.347
7040    621886    115.609     106.705
6979    614384    114.634     105.817
6980    614384    113.984     105.196
7090    625365    114.439     105.617
7130    629519    116.473     107.506
7214    637129    116.838     107.845
7168    632898    118.073     108.99
7211    636921    117.279     108.261
7183    636921    118.118     109.037
7188    636921    117.533     108.492
7271    642238    117.631     108.58
7155    631740    119.002     109.853
7218    637653    117.487     108.451
7280    643477    118.001     108.944
7265    643477    119.125     109.966
7299    643477    119.314     110.151
7353    650285    119.099     109.951
7326    650285    120.633     111.363
7194    635645    120.237     110.993
7142    630303    118.41     109.304
7142    630303    117.221     108.194
7312    646498    118.586     109.458
7372    652191    120.432     111.178
7395    652191    121.036     111.748
7306    645797    121.303     111.984
7278    645797    118.664     109.53
7319    645797    119.814     110.608
7422    657273    120.789     111.501
7383    653292    121.641     112.297
7309    646225    120.653     111.368
7315    646225    119.795     110.577
7302    646225    119.385     110.202
7384    653219    120.003     110.772
7424    656838    121.413     112.082
7401    656838    121.79     112.431
7423    656838    121.134     111.82
7364    651211    121.556     112.21
7534    667728    120.978     111.671
7364    651552    123.487     113.992
7405    655270    120.822     111.542
7424    655270    121.413     112.092
7305    645501    121.693     112.349
7302    645501    119.801     110.592
7424    657293    119.659     110.459
7397    657293    121.492     112.138
7158    631748    121.492     112.138
6924    609637    119.112     109.945
6944    609637    113.126     104.405
7009    617513    112.97     104.261
6992    617513    114.738     105.925
6992    617513    114.738     105.848
6963    612902    113.275     104.554
7009    617254    114.699     105.868
6922    609289    113.373     104.641
6987    615522    113.698     104.944
7005    615522    114.699     105.858
6937    610950    113.86     105.088
6884    605683    113.074     104.369
6870    605683    112.398     103.742
6888    605683    112.112     103.481
6867    605683    112.548     103.871
7075    623933    112.756     104.035
7059    623933    116.428     107.455
7004    617320    114.926     106.074
7000    617320    114.576     105.74
7070    623350    114.523     105.74
7012    618190    115.973     107.029
6977    614893    114.387     105.55
6968    614893    114.068     105.283
7121    628564    114.017     105.216
7023    619153    116.551     107.553
7006    619153    114.913     106.058
7064    622770    114.589     105.74
7074    622770    115.485     106.587
6978    615148    115.849     106.931
7041    620947    114.27     105.468
7047    620947    115.2     106.336
7038    620947    114.959     106.104
6967    614174    115.771     106.875
6994    614174    113.757     105
6985    614174    114.42     105.606
6985    614174    114.218     105.427
7029    619735    114.595     105.766
7093    625785    115.687     106.777
6985    615672    115.479     106.587
7073    624516    114.394     105.576
7086    624516    116.851     107.85
7026    619730    114.952     106.104
7062    623457    115.336     106.464
6992    616614    115.434     106.562
6949    612613    113.997     105.216
6967    612613    113.568     104.821
7048    621672    114.556     105.725
7035    621672    115.258     106.377
7143    630827    115.921     106.993
7091    625854    116.72     107.732
7067    625854    115.765     106.854
7030    619805    115.908     106.983
7045    619805    114.946     106.099
7131    629893    115.466     106.587
7091    625637    116.74     107.753
7090    625637    116.019     107.096
6774    595652    116.019     107.096
6827    600564    110.975     102.418
6691    587549    111.293     102.726
6713    587549    109.551     101.098
6759    594116    109.551     101.098
6886    606493    110.246     101.74
6897    606493    112.079     103.445
6782    596793    112.69     104.004
6823    600239    111.663     103.049
6835    600239    110.877     102.335
6835    600239    112.021     103.393
6644    583512    109.213     100.79
6695    587696    109.005     100.595
6688    587696    109.005     100.595
6695    587696    109.564     101.113
6670    587696    108.726     100.333
6667    587696    109.044     100.615
6658    584702    108.543     100.148
6656    584702    108.459     100.081
6789    596290    109.408     100.985
6742    592086    110.792     102.243
6806    598084    110.344     101.832
6752    593096    110.773     102.228
6805    598045    110.305     101.807
6767    594454    111.234     102.669
6871    604072    110.767     102.238
6803    597950    112.027     103.393
6781    597950    111.059     102.489
6625    581278    110.422     101.909
6688    586750    108.043     99.7012
6658    586750    109.135     100.713
6751    592835    108.595     100.22
6632    581956    110.09     101.601
6631    581956    108.348     99.9887
6674    585874    108.128     99.7833
6654    585874    108.647     100.245
6634    581737    108.868     100.461
5509    477113    108.049     99.7166
400    582    104.078     95.9783
400    553    10.6015     9.31489
399    553    0     0
399    553    0     0
397    549    0     0
399    544    0     0
400    544    0     0
398    539    0     0
395    539    0     0
397    536    0     0
399    540    0     0
397    536    0     0
398    536    0     0
396    533    0     0
397    529    0     0
396    529    0     0
397    532    0     0
396    535    0     0
396    535    0     0
397    532    0     0
397    532    0     0
1589    110720    0     0
3097    253094    1.95     1.5405
3609    302265    3.9     3.081
4785    400184    7.8     6.162
4761    400184    19.5     15.405
4822    405871    39     30.81
4696    394556    78     61.62
4416    368936    111.689     103.786
3893    320206    117.292     107.553
3887    320206    60.8465     56.0331
3973    327767    60.8465     56.0331
3865    317752    62.101     57.1731
4531    379376    60.762     55.9407
4531    379376    62.6925     57.7174
5727    492528    90.7465     83.6081
5793    500088    93.2425     86.001
5817    500088    93.8405     86.5504
5822    503211    94.6465     87.295
5732    494623    93.366     86.1037
5713    494623    92.5145     85.3334
5706    494623    91.7735     84.6402
5684    490786    92.5535     85.354
5689    490786    91.468     84.3475
6110    531097    92.508     85.3232
6472    565846    103.278     95.3518
6521    570773    105.632     97.4777
6489    570773    106.457     98.2428
6455    564684    105.501     97.3545
6438    564684    104.988     96.8769
6461    564684    104.988     96.8769
6468    564684    105.137     97.0104
6541    573234    105.592     97.4264
6527    573234    106.528     98.3044
6523    573234    106.385     98.1709
6660    584453    106.307     98.099
6633    584453    108.608     100.22
6678    584453    108.355     99.9939
6667    584453    108.713     100.322
6643    584453    108.972     100.569
6607    579431    108.42     100.055
6564    575377    107.868     99.5368
6619    580264    107.035     98.7717
6592    580264    107.796     99.4649
6630    580264    107.874     99.5368
6630    580264    107.549     99.2441
6707    588891    108.914     100.507
6668    584776    109.311     100.877
6697    588300    109.005     100.6
6689    588300    109.304     100.867
6725    588300    109.304     100.867
6710    588300    109.759     101.288
6664    585130    109.278     100.836
6660    585130    108.81     100.43
6684    585130    108.68     100.287
6752    593657    109.856     101.406
6720    590546    110.045     101.56
6788    596967    109.733     101.267
6828    600732    111.566     102.957
6787    596654    111.299     102.715
6765    596654    110.474     101.971
6808    596654    110.734     102.202
6779    596654    111.052     102.479
6765    596654    110.779     102.248
6720    590231    110.325     101.822
6558    575087    109.661     101.19
6480    567364    106.873     98.6074
6388    558817    105.696     97.5445
6384    558817    103.838     95.8088
6445    563667    103.915     95.8858
6431    563667    104.702     96.615
6458    563667    104.78     96.6869
6435    563667    105.086     96.9745
6568    575594    104.754     96.6561
6415    561203    106.944     98.669
6536    572584    104.546     96.4558
6536    572584    105.995     97.8115
6477    566738    105.859     97.678
6538    572324    105.995     97.8012
6508    569409    106.652     98.4174
6428    562172    104.903     96.7947
6427    562172    104.468     96.3839
6432    562172    104.812     96.7177
6443    562172    104.13     96.0707
6554    574151    106.457     98.212
6500    568996    105.859     97.6728
6466    566032    105.8     97.6215
6471    566032    105.176     97.0464
6492    566032    105.514     97.3545
6526    571647    105.813     97.642
6477    566873    106.229     98.0271
6533    572132    105.463     97.3082
6530    572132    106.691     98.4585
6487    567784    106.008     97.8269
6478    567784    105.729     97.565
6583    577186    105.358     97.221
6536    572486    107.27     98.9925
6623    580701    106.619     98.3866
6593    580701    108.03     99.7063
6622    580701    107.419     99.1312
6470    566360    108.089     99.7422
6353    555280    105.553     97.4007
6427    562319    103.382     95.3878
6386    558269    104.234     96.1683
6366    558269    104.292     96.2556
6403    558269    103.461     95.4596
6496    568475    104.175     96.1169
6496    568475    105.482     97.3339
6496    568475    105.41     97.2672
6523    568475    106.554     98.3198
6436    562826    105.339     97.2004
6472    566411    104.682     96.5945
6387    558041    104.682     96.5945
6443    563422    104.351     96.2864
6420    563422    104.494     96.4199
6455    563422    104.318     96.2504
6447    563422    106.08     97.8885
6164    537087    102.277     94.3864
6217    541900    100.77     92.9846
6131    533933    100.172     92.4249
6227    543004    99.879     92.1424
6234    543004    101.66     93.7805
6161    537183    100.614     92.8151
6237    543933    100.243     92.4762
6204    540806    101.504     93.6419
6140    534931    100.451     92.6765
6169    537868    99.6385     91.9114
6160    537868    100.269     92.4916
6159    537868    100.093     92.353
6157    537868    99.931     92.1887
6186    537868    99.853     92.1219
6141    534825    100.34     92.5686
6153    534825    99.827     92.1065
6185    538867    99.5995     91.8857
6155    535854    100.49     92.7176
6194    540130    99.9635     92.2195
6224    540130    100.236     92.4659
6127    533935    101.361     93.5186
6127    533935    99.164     91.4903
6114    533935    99.8075     92.0705
6071    528515    98.7545     91.1052
6103    531292    98.4425     90.8073
6208    541092    100.262     92.5122
6142    534980    100.262     92.5122
6148    534980    99.9115     92.1732
6228    543212    100.119     92.3632
6174    538503    100.873     93.0513
6174    538503    100.132     92.3786
6218    542005    100.483     92.7073
6210    542005    100.906     93.0924
6180    538414    100.483     92.7073
6199    538414    100.373     92.6097
6180    538414    100.737     92.9281
6257    545752    100.509     92.7278
6209    541600    101.484     93.6264
6277    548119    101.049     93.2311
6198    540631    101.673     93.8164
6207    540631    100.757     92.9589
6168    537550    100.757     92.9589
6253    545558    100.113     92.3632
6239    545558    101.497     93.6367
6163    536656    101.4     93.5443
6099    530975    100.067     92.3273
6123    530975    98.8975     91.2489
6093    530975    99.398     91.6906
6166    537101    98.904     91.2438
6215    541802    99.7295     92.0141
5995    521345    100.575     92.7843
5824    504730    99.645     91.896
5824    504730    93.964     86.6634
5737    496689    93.132     85.8777
2310    178328    69.355     64.244
396    555    0.78     0.539175
397    555    0     0
398    550    0     0
400    545    0     0
398    545    0     0
397    541    0     0
400    541    0     0
399    541    0     0
401    537    0     0
398    537    0     0
400    533    0     0
399    533    0     0
399    533    0     0
398    533    0     0
397    533    0     0
399    533    0     0
400    533    0     0
399    533    0     0
399    533    0     0
1606    112235    0     0
3125    255506    1.95     1.5405
4575    386906    3.9     3.081
4772    398672    7.8     6.162
4805    403022    19.5     15.405
4723    396156    39     30.81
4756    399592    78     61.62
3247    260401    112.872     104.515
3059    242148    99.19     91.0949
3059    242148    46.1955     42.4664
3034    239295    46.007     42.2919
3069    242543    46.2995     42.5486
3035    239484    46.059     42.3432
4488    373838    58.682     53.9175
4596    385606    73.047     67.3044
4636    390378    73.3135     67.5509
4676    394165    73.9635     68.1569
4640    391082    74.295     68.4598
4845    410186    74.8735     69.0144
4866    412485    77.168     71.1249
4924    418210    78.1885     72.0543
4889    415206    78.481     72.3265
4889    415206    77.6685     71.5922
5545    476318    80.86     74.5859
5610    483054    89.4855     82.4989
5543    477242    90.272     83.2589
5583    480996    89.3815     82.427
5570    480996    90.116     83.1202
4277    358502    88.7445     81.8827
4001    331914    66.638     61.3787
4003    331914    62.725     57.7585
4026    333710    62.647     57.6866
4095    340120    63.0435     58.0512
5523    474040    64.376     59.2938
5648    487141    86.762     80.0598
5492    472634    91.0975     83.9881
5518    475235    88.751     81.8211
5496    472825    88.8875     81.9443
5360    460202    88.7705     81.8673
5360    460202    86.5345     79.7979
5307    454897    85.228     78.5706
5467    470268    86.8985     80.1009
5416    465149    87.8345     80.9995
5310    455554    85.3905     78.7504
5641    486423    88.9265     82.0059
5703    492829    91.455     84.3526
5809    502897    93.0735     85.8367
5797    502897    94.263     86.9561
5726    495159    92.6705     85.4926
5639    486500    92.1765     85.0099
5611    484066    90.61     83.567
5677    490168    91.104     84.0343
5651    487635    91.104     84.0343
5636    487635    91.104     84.0343
5823    504074    91.6435     84.4964
5927    514184    94.627     87.3053
5820    504213    95.628     88.2193
5904    512037    94.0095     86.6942
5866    508377    95.797     88.3579
5784    500865    94.692     87.3515
5712    493694    93.1385     85.9137
5731    493694    92.261     85.0818
5720    493694    92.5405     85.3745
5727    493694    92.378     85.1896
5892    510844    92.4625     85.2872
5941    515414    94.9325     87.5466
5948    515414    96.1285     88.6712
5954    515414    96.1285     88.6712
5889    510788    96.8955     89.3695
5801    502323    95.5045     88.1012
5801    502323    94.3085     86.9766
5824    502323    93.821     86.5196
5846    506681    94.939     87.5569
5753    497851    93.5285     86.2577
5748    497851    92.261     85.1023
5837    505851    94.2435     86.9304
5825    505851    94.302     86.9304
5855    505851    94.2045     86.8739
5871    509243    94.835     87.4747
5937    515521    95.706     88.2809
5884    510443    96.0115     88.5633
5872    510443    94.8415     87.4747
5915    513288    94.601     87.2488
5946    516255    96.512     89.0255
5835    505801    95.5955     88.1833
5862    505801    94.0875     86.7918
5823    505801    94.8155     87.4696
5873    509543    94.289     86.9664
5817    504057    95.0625     87.6904
5827    504057    93.977     86.6737
5826    504057    94.237     86.9253
5813    504057    94.1265     86.802
5749    497498    94.0615     86.802
5772    497498    92.8525     85.6415
5738    497498    93.2425     85.9958
5716    494368    92.9565     85.7391
5762    498661    92.2545     85.0921
5689    491643    93.3335     86.0985
5666    491643    91.624     84.5016
5655    488622    91.4615     84.3424
5689    491724    91.585     84.4656
5689    491724    91.9165     84.7737
5644    487253    90.87     83.8032
5760    498531    92.56     85.3848
5624    485738    91.2145     84.1421
5676    490953    91.9555     84.8148
5656    490953    91.026     83.9521
5676    490953    91.2145     84.1113
5680    490953    92.313     85.1434
5615    484825    91.4875     84.3629
5626    484825    90.233     83.2178
5594    484825    90.4995     83.4643
5549    478492    89.5765     82.6067
5592    482706    89.635     82.6581
5582    482706    90.3045     83.2794
5534    477073    90.0445     83.0278
5714    494171    89.752     82.7711
5688    494171    92.079     84.9278
5622    485660    91.5915     84.4707
5586    482300    91.0325     83.9675
5569    482300    89.7195     82.7557
5514    475677    90.0445     83.0432
5515    475677    88.8875     81.9803
5460    470311    88.816     81.9135
5589    482523    88.114     81.2511
5587    482523    89.96     82.9662
5612    482523    90.168     83.1562
5557    479639    90.6555     83.6132
5493    473664    89.7065     82.7351
5443    468706    88.855     81.9289
5648    487789    87.4185     80.6144
5788    501146    90.831     83.757
5788    501146    92.4235     85.2307
5712    494221    93.1385     85.9137
5740    496879    92.521     85.3232
5690    492062    92.0725     84.9278
5604    483979    91.195     84.101
5680    491554    91.13     84.024
5598    483846    91.5525     84.4245
5735    496615    90.9935     83.9162
5600    483590    91.6175     84.4759
5442    468993    89.4725     82.5194
5522    476211    87.6265     80.8198
5482    472886    89.661     82.6838
5477    472886    87.958     81.1073
5403    465387    87.6135     80.789
5675    490644    88.0945     81.246
5552    479259    91.6695     84.5734
5610    484685    89.2385     82.2986
5525    476667    90.896     83.8494
5670    490123    89.05     82.1395
5526    476866    91.559     84.4707
5675    490921    89.05     82.1497
5555    479778    91.702     84.594
5625    486206    89.7455     82.7659
5588    482384    90.7985     83.7364
5348    459847    90.0835     83.0946
5355    459847    86.125     79.4128
5325    459847    86.2225     79.5052
5229    448778    85.6895     79.0174
5355    460567    84.344     77.749
5354    460567    85.254     78.586
5412    465766    86.697     79.9314
5412    465766    86.7685     79.9314
5432    465766    87.3405     80.5322
5512    475341    88.2245     81.3384
5363    461823    87.6655     80.7992
5297    454948    84.734     78.1342
5276    454948    85.9625     79.2485
5244    449714    83.7265     77.179
5305    455420    85.046     78.4012
5331    458256    85.5985     78.9249
5314    458256    85.501     78.8428
5223    447819    84.838     78.2215
5256    450860    83.7135     77.1893
5366    461383    85.93     79.2485
5357    461383    85.319     78.6836
5350    461383    86.502     79.7825
5327    457795    85.917     79.2228
5340    457795    85.7415     79.0585
5312    457795    85.618     78.9506
5365    461463    85.566     78.8993
5253    450711    85.9885     79.2998
4760    404738    84.4675     77.8877
395    593    69.1925     64.018
395    553    1.365     1.27861
394    556    0     0
396    550    0     0
392    550    0     0
394    550    0     0
392    547    0     0
393    542    0     0
390    542    0     0
394    542    0     0
394    542    0     0
391    542    0     0
391    536    0     0
391    536    0     0
391    536    0     0
392    536    0     0
392    536    0     0
392    536    0     0
391    536    0     0
393    533    0     0
393    533    0     0
395    530    0     0
2266    173141    1.76433     1.33636
2852    230422    3.9     3.081
3441    287141    7.8     6.162
3362    269650    19.5     15.405
3365    269650    39     30.81
3416    273968    71.0047     60.288
2741    212839    78.0748     71.718
2195    162149    64.2265     59.5763
2196    162149    31.3625     28.7355
2141    156853    31.434     28.8125
2132    156032    30.485     27.9293
2844    220486    30.303     27.7701
3297    263345    42.081     38.7384
3327    266607    50.622     46.5642
3331    266607    50.96     46.8723
3302    264701    51.0575     46.9647
3797    310406    50.687     46.6207
4059    335414    56.745     52.3308
4172    346046    63.4075     58.3747
4172    346046    65.195     60.0538
4142    343694    65.052     59.9152
4195    348641    65.936     60.7316
4347    363028    67.093     61.7638
4440    372067    70.317     64.7832
4514    379063    70.9345     65.3583
4432    371899    70.681     65.1221
4454    371899    70.0765     64.5572
4771    403312    72.4685     66.7807
4889    414635    77.675     71.5922
4967    422357    78.7605     72.5884
4916    417511    78.8515     72.6705
4953    421015    78.8515     72.6705
4893    415272    78.8515     72.6705
4928    418677    78.169     72.0338
4972    422751    78.7085     72.537
4890    415216    79.391     73.184
5021    427430    78.078     71.9773
5272    451408    80.8145     74.5037
5246    451408    84.9615     78.3139
5192    443848    83.967     77.4101
5217    446462    83.2325     76.7374
5275    451717    83.707     77.1842
5236    448287    84.708     78.0982
5167    441857    84.0385     77.4563
5150    441857    82.81     76.3369
5225    447159    82.6085     76.1469
5209    447159    83.629     77.0866
5171    442378    83.629     77.0866
5275    451972    82.914     76.4345
5190    444013    84.383     77.8055
5190    444013    83.3495     76.8299
5213    446389    83.6875     77.1534
5241    448908    84.1555     77.6001
5282    452794    84.019     77.4615
5288    452794    85.098     78.4474
5236    448662    84.6365     78.0366
5187    444222    83.304     76.7991
5225    447567    83.4275     76.912
5368    461048    85.2995     78.6528
5226    447656    85.1825     78.5604
5322    456561    83.902     77.3485
1911    140993    76.6155     70.6422
397    553    3.4515     3.06046
397    553    0     0
397    553    0     0
397    553    0     0
396    548    0     0
396    544    0     0
398    544    0     0
397    544    0     0
398    544    0     0
397    540    0     0
398    537    0     0
400    537    0     0
398    537    0     0
397    537    0     0
398    537    0     0
399    537    0     0
397    537    0     0
398    534    0     0
588    18455    0     0
588    18455    0.878897     0.612914
2181    164932    3.9     1.5405
2450    192515    7.8     3.081
3409    284928    19.5     6.162
3394    274469    39     15.405
3352    267420    70.5822     30.81
3305    263557    76.0143     59.4931
3399    272645    50.687     69.9361
3619    293333    54.3465     79.5668
3652    296817    56.4655     52.2075
3610    292702    56.0853     51.8532
3636    295553    55.6823     51.4784
3838    314270    56.0658     51.8327
4356    363306    64.2005     59.3298
4345    363306    68.3702     63.2735
4403    368339    68.4808     63.3762
4417    368339    69.394     64.2286
4607    387484    69.9303     64.7061
4705    397110    73.489     68.0387
4735    399912    74.4672     68.9425
4748    399912    75.062     69.4971
4769    403224    75.2505     69.6665
4784    403224    75.5137     69.9233
4850    410947    75.8225     70.2057
4830    410947    77.0088     71.3097
4862    410947    76.7552     71.0684
4968    422741    77.155     71.4433
5067    432051    78.7637     72.9478
5135    438551    128.07     74.4626
5206    445474    82.0365     75.618
5056    431358    83.811     77.2766
5056    431358    81.1135     74.7759
5125    437951    81.627     75.2534
5062    431931    81.3865     75.0275
5106    436287    81.6335     75.2534
5074    433068    81.6335     75.2534
5075    433068    81.3475     75.0018
5164    441771    81.432     75.0686
5204    445504    83.59     77.0763
5319    456495    84.682     78.0725
5367    461096    86.1315     79.4384
5258    451071    85.5465     78.8839
5201    445534    83.915     77.369
5209    445534    83.382     76.8761
5208    445534    83.5575     77.0353
5315    456164    83.8045     77.2663
5231    448517    85.4555     78.7863
5248    448517    83.941     77.3844
5272    452432    84.37     77.7901
5304    455442    84.7795     78.1701
5343    458978    85.2865     78.6425
5338    458978    86.0015     79.3049
5302    455060    85.722     79.0431
5341    458840    85.3125     78.6631
5280    452927    85.735     79.0636
5305    455310    84.734     78.1239
5283    455310    85.1955     78.5501
5354    459461    84.9225     78.2882
5325    456841    85.878     79.1663
5275    452561    85.4295     78.7812
5264    452561    85.1825     78.545
5296    452561    84.474     77.8774
5296    452561    85.202     78.5501
5234    448543    83.8305     77.2869
5294    454162    85.111     78.4782
5319    456525    85.293     78.6374
5401    464378    86.307     79.5874
5340    458513    86.58     79.8493
5293    454084    85.085     78.4423
5184    443898    85.176     78.545
5061    432068    80.691     74.3753
5078    432068    81.4905     75.1199
5088    434727    81.8415     75.4537
5041    430275    80.7105     74.3959
5037    430275    80.7105     74.3959
5108    436438    80.7105     74.3959
5158    441000    82.3745     75.9364
5132    438740    82.225     75.7926
5186    443735    82.602     76.1469
5200    443735    83.356     76.8709
5109    436436    83.2715     76.7734
5175    442820    81.6855     75.2791
5140    439424    83.0895     76.5988
5064    431998    82.1015     75.6848
5069    431998    80.964     74.6321
5057    431998    81.1265     74.7913
4950    421419    80.873     74.5499
5000    425900    79.144     72.9427
5022    428176    79.82     73.5743
5064    432195    80.223     73.9389
4975    423837    81.2305     74.8632
5053    431244    79.586     73.3586
5027    429089    80.327     74.057
5027    429089    81.055     74.7297
4934    420275    78.9165     72.727
4955    420275    79.235     73.03
5007    426844    79.6055     73.374
5022    426844    80.431     74.1391
5023    426844    80.379     74.1391
5103    436197    80.86     74.5294
5204    445785    83.1675     76.681
5116    437628    82.732     76.265
5128    437628    82.004     75.5872
5099    437628    82.121     75.7002
5040    430738    81.5295     75.161
4967    423576    80.0085     73.7489
4966    423576    79.2935     73.0967
5007    427314    79.7875     73.5589
5006    427314    80.3335     74.0467
5026    427314    79.8135     73.5691
4987    427314    80.5935     74.288
5075    433727    79.9175     73.6718
5088    433727    81.367     75.0121
5082    433727    81.7115     75.3202
4973    424290    81.328     74.9659
4955    424290    79.4235     73.2097
5006    427434    79.3585     73.1583
4996    427434    80.132     73.8618
5045    430903    79.898     73.6564
5054    430903    80.587     74.288
4905    417862    81.1655     74.8324
4937    420947    78.585     72.4292
4901    417515    78.884     72.7013
4926    417515    78.1885     72.0646
4926    417515    78.6565     72.5062
4907    417515    78.7215     72.5678
5027    428881    79.9175     73.6667
4938    420592    79.183     72.9889
4998    426210    79.898     73.6564
5000    426210    80.0605     73.8002
4916    418815    79.0075     72.8348
4795    407487    77.0965     71.0427
4782    407487    76.388     70.3906
4772    404935    76.115     70.1441
4820    409168    76.115     70.1441
4829    409168    77.5125     71.4484
4765    404016    76.206     70.2365
4751    404016    75.803     69.8514
4717    400031    75.556     69.6357
4756    403534    75.2115     69.3071
4741    403534    75.7315     69.7795
4812    408718    75.7315     69.7795
4720    400405    76.96     70.9349
4712    400405    74.8735     69.0041
4802    407890    75.127     69.2352
4773    404930    76.6415     70.6268
4752    404930    75.9525     70.0055
4833    410803    75.881     69.9284
4753    403047    77.025     70.9862
4830    410437    75.7835     69.8309
4776    405176    77.0185     70.9965
4719    399970    76.2645     70.2827
4642    392543    74.971     69.0914
4630    392543    74.113     68.2852
4604    389146    73.6125     67.8334
4604    389146    73.0795     67.3404
4677    395869    74.295     68.4444
4733    401102    74.945     69.0658
4797    407699    76.6025     70.5857
4805    407699    75.933     69.9798
4838    411250    77.4475     71.3816
4808    408530    77.1745     71.1403
4671    395680    75.27     69.379
4664    395680    73.5605     67.7871
4655    395680    74.828     68.9682
4707    398987    74.3015     68.4701
4684    396859    75.062     69.1684
4626    391302    73.7555     67.9771
4645    391302    73.7555     67.9771
4698    398270    74.425     68.5728
4646    393331    74.477     68.6344
4699    398117    74.009     68.1928
4750    402858    75.088     69.2044
4789    406580    76.0305     70.0722
4663    394686    76.089     70.1287
4654    394686    74.0285     68.2185
4737    401708    74.178     68.3623
4704    398585    75.3935     69.4868
4681    396264    74.906     69.0298
4751    402924    74.5095     68.6703
4772    402924    75.608     69.6717
4746    402924    76.063     70.0979
4733    400780    75.7185     69.7846
4679    395882    75.127     69.2403
4654    393565    74.763     68.9117
4770    404446    73.9635     68.1569
4770    404446    75.634     69.6922
4741    401770    75.725     69.7898
4655    393655    74.3015     68.4701
4694    397268    74.412     68.5779
4716    399690    74.763     68.8963
4742    402127    75.894     69.949
4719    399775    75.231     69.3328
4656    394062    74.0805     68.2698
4631    391548    73.944     68.1363
4719    399968    74.529     68.6755
4701    399968    74.672     68.809
4762    403777    75.4     69.4817
4667    394835    75.543     69.6152
4749    402444    74.0285     68.2236
4779    405139    76.3035     70.3341
4698    397705    75.8095     69.8719
4713    397705    74.7435     68.8963
4715    397705    74.659     68.8039
4837    410731    75.569     69.6511
4762    403547    76.921     70.8989
4730    400820    75.725     69.7949
4797    406984    75.491     69.5792
4739    401511    76.1865     70.2211
4870    413755    75.5105     69.6049
4810    408357    77.597     71.51
4819    408357    76.7065     70.6935
4558    384756    76.882     70.8579
4503    378902    72.722     66.9963
4505    378902    71.175     65.5739
4430    372327    71.4675     65.8512
4450    372327    70.4145     64.8756
4450    372327    70.2065     64.6651
4513    379891    71.526     65.9077
4520    379891    71.0125     65.4353
4566    384947    72.5855     66.8782
4509    379929    71.591     65.9693
4504    379929    71.591     65.9693
4502    379929    71.591     65.9693
4504    379929    70.915     65.3275
4644    392124    72.917     67.1761
4549    383400    73.034     67.289
4544    383400    72.2345     66.5599
4351    364853    70.382     64.855
4406    369908    68.5945     63.1656
4370    366536    69.7515     64.2594
4387    366536    69.0755     63.6329
4471    376304    70.317     64.7678
4416    370911    70.2     64.6702
4462    375453    69.7905     64.2953
4471    375453    71.0645     65.4867
4479    375453    70.655     65.1118
4588    387412    71.318     65.7177
4440    373459    72.5335     66.8423
4411    370217    70.252     64.7164
4345    364162    69.667     64.1875
4370    366489    68.679     63.2786
4321    361973    69.056     63.6072
4388    368251    68.2695     62.8935
4438    372808    69.238     63.7972
4396    369153    70.0115     64.4905
4405    369153    69.589     64.1002
4421    371478    69.6735     64.1875
4421    371478    70.135     64.6188
4397    369049    69.4005     63.9307
4402    369049    69.875     64.3621
3909    324429    68.9     63.4994
394    587    12.3305     11.3792
396    551    0     0
396    555    0     0
395    555    0     0
396    555    0     0
395    551    0     0
397    546    0     0
396    542    0     0
397    542    0     0
395    546    0     0
397    541    0     0
395    541    0     0
396    541    0     0
394    536    0     0
396    536    0     0
392    536    0     0
394    536    0     0
881    45850    0     0
2425    188878    1.76875     1.34506
2458    194277    3.9     3.081
2408    190607    7.8     6.162
2671    215237    19.5     15.405
3433    278257    39     30.81
3336    266750    71.032     60.4759
3324    266750    76.6253     70.786
3406    273637    50.609     74.7091
3345    268069    52.052     48.1098
3345    268069    51.1875     47.2933
3361    269593    51.3955     47.5039
3351    269593    51.1712     47.2882
3372    271181    51.5255     47.6117
3328    267485    51.1257     47.242
3519    284999    51.064     47.165
4017    331649    61.4802     56.8701
3942    324967    61.8085     57.1731
2807    221357    60.216     55.6993
396    561    9.8605     8.79626
394    548    0     0
395    551    0     0
396    551    0     0
398    551    0     0
397    543    0     0
396    543    0     0
395    543    0     0
396    543    0     0
397    540    0     0
396    540    0     0
397    537    0     0
394    537    0     0
397    537    0     0
395    537    0     0
398    537    0     0
397    537    0     0
584    17960    0     0
2383    183535    1.12859     0.863091
469    7209    3.9     3.081
397    504    4.251     3.27202
397    521    0     0
397    521    0     0
396    528    0     0
396    533    0     0
396    533    0     0
394    537    0     0
396    537    0     0
395    534    0     0
397    534    0     0
397    537    0     0
395    531    0     0
395    534    0     0
398    531    0     0
396    534    0     0
397    534    0     0
397    534    0     0
2154    160655    1.22554     0.900397
2349    181135    3.9     3.081
2356    183683    7.8     6.162
2390    188066    19.5     15.405
2410    190551    39     30.81
2587    207355    54.2607     49.8341
2572    204406    57.2357     52.8469
2528    196686    37.5375     34.5919
2533    192384    36.9655     34.0579
2516    190372    37.0728     34.1606
3287    260736    36.907     34.0065
3447    276635    49.6437     45.8787
3414    274064    52.8482     48.8082
3421    274064    52.286     48.2793
3422    274064    52.364     48.3589
3632    295104    52.5395     48.518
3632    295104    55.12     50.9161
3679    299702    56.7612     52.4309
3462    280443    56.6182     52.2871
394    591    10.816     9.65893
395    548    0     0
395    552    0     0
396    555    0     0
396    550    0     0
395    547    0     0
396    547    0     0
394    547    0     0
396    547    0     0
395    540    0     0
396    540    0     0
396    540    0     0
395    540    0     0
395    540    0     0
394    537    0     0
395    537    0     0
394    537    0     0
395    541    0     0
397    536    0     0
396    536    0     0
395    536    0     0
395    536    0     0
394    536    0     0
395    536    0     0
396    533    0     0
394    537    0     0
394    537    0     0
396    534    0     0
396    534    0     0
399    534    0     0
396    537    0     0
396    537    0     0
395    532    0     0
395    532    0     0
393    532    0     0
395    532    0     0
395    532    0     0
395    532    0     0
395    532    0     0
394    528    0     0
394    528    0     0
393    528    0     0
394    531    0     0
392    531    0     0
1241    77033    0     0
2397    183190    1.95     1.5405
1682    119655    3.9     3.081
393    495    7.47422     5.85606
394    507    0     0
395    521    0     0
393    527    0     0
395    531    0     0
395    531    0     0
394    531    0     0
395    531    0     0
395    534    0     0
394    534    0     0
396    534    0     0
395    534    0     0
395    534    0     0
394    534    0     0
394    534    0     0
394    534    0     0
393    530    0     0
392    534    0     0
395    529    0     0
394    534    0     0
395    530    0     0
394    530    0     0
395    530    0     0
395    530    0     0
394    530    0     0
395    530    0     0
396    527    0     0
396    530    0     0
395    530    0     0
397    530    0     0
396    530    0     0
1746    121753    0.985303     0.69397
2395    182938    3.9     3.081
2407    187163    7.8     6.162
2362    184517    19.5     15.405
2318    181033    39     30.81
2039    155029    51.5203     47.6405
1893    141413    43.381     39.8142
1862    138287    26.0747     23.9599
1877    140347    25.493     23.4182
1859    138609    25.8407     23.7391
2628    212003    25.5093     23.4284
2918    238238    36.1628     33.4288
2918    238238    43.9172     40.5203
2879    226963    43.134     39.7911
2892    225388    43.3908     40.0299
2940    230106    43.6833     40.2995
3367    268950    49.0457     45.283
3423    274776    52.4875     48.4795
3512    283365    53.6575     49.5707
3441    277073    53.4268     49.3422
3455    277073    52.4777     48.459
3842    314217    56.3517     52.0355
3874    317910    60.3298     55.7404
3833    314177    59.8747     55.3348
3789    310439    59.1922     54.6929
3840    315073    58.7535     54.2872
4075    337278    61.1553     56.5338
4133    342562    64.3467     59.4838
4144    342562    64.519     59.6353
4164    345723    65.273     60.3414
4103    340221    64.9772     60.059
4153    345072    64.0088     59.1603
4200    349381    65.4062     60.4698
4156    345342    65.5232     60.575
4135    343334    65.0585     60.1463
4156    345474    64.6588     59.7663
4343    362958    65.3315     60.385
4423    370478    68.263     63.122
4358    364629    69.5468     103.183
4309    360016    68.5555     63.4481
4261    355543    67.7332     62.6881
4294    358818    66.9305     61.923
4301    358818    67.483     62.4467
4301    358818    67.3562     62.3286
4402    368698    69.069     63.9256
4379    366790    69.069     63.9256
4365    366790    68.5782     63.4635
4397    366790    68.978     63.8383
4442    372901    69.6735     64.4802
4380    367135    69.3485     64.1875
4371    367135    69.1275     63.977
4330    362295    68.0908     63.0167
4444    373219    69.3907     64.2286
4398    368805    69.3907     64.2286
4486    376920    70.3463     65.1169
4428    371595    69.8002     64.5983
4521    380438    70.7493     65.4867
4501    380438    71.0092     65.7229
4436    372614    70.7038     65.4353
4467    375359    70.2097     64.9834
4446    375359    70.2097     64.9834
4489    377460    70.07     64.8499
4485    377460    71.1685     65.8615
4465    375019    70.5315     65.271
4515    380182    70.5315     65.271
4474    375902    71.1035     65.8102
4471    375902    70.5055     65.2556
4513    379684    70.5835     65.3326
4453    374257    71.1815     65.882
4476    374257    70.2     64.9629
4498    378303    70.4827     65.235
4420    371198    70.9475     65.6612
4395    368526    69.8002     64.5983
4442    372979    69.082     63.9256
4442    372979    69.9498     64.7318
4414    370358    69.5565     64.3724
4415    370358    69.5565     64.3724
4333    362668    68.783     63.6483
4177    347986    65.715     60.7881
4163    347986    65.1105     60.2438
4146    345124    65.1105     60.2438
4078    339031    64.1582     59.3657
4149    345265    64.1582     59.3657
4187    349041    65.559     60.6598
4177    349041    65.2925     60.403
4234    353561    65.871     60.9422
4245    353561    66.6835     61.697
4223    353561    66.599     61.62
4176    347916    65.9327     60.9935
4207    350901    65.572     60.67
4185    348522    65.884     60.9524
4224    352187    65.5947     60.6803
4190    349133    66.2122     61.2605
4181    349133    65.6338     60.7265
4173    349133    65.3445     60.4595
4173    349133    65.3445     60.4595
4201    349133    65.3445     60.4595
4244    354046    65.9912     61.0603
4176    348383    66.3617     61.4095
4231    353217    65.5395     60.6392
4192    349934    66.3552     61.3992
4175    349934    65.7312     60.8241
4165    347334    65.3867     60.4954
4188    349382    65.2763     60.403
4188    349382    65.6403     60.7316
4188    349382    65.6403     60.7316
4186    349382    65.7052     60.7984
4172    347495    65.182     60.3003
4184    347495    65.6825     60.7779
4189    349260    65.4875     60.593
4216    352028    65.9652     61.0243
4221    352028    66.2415     61.2914
4196    350038    66.0628     61.1219
4182    350038    65.494     60.5879
4181    350038    65.494     60.5879
4176    350038    65.429     60.5879
4156    346423    65.364     60.48
4166    346423    65.1397     60.2746
4141    346423    65.1397     60.2746
4185    349083    64.8505     59.9871
4204    350978    65.9945     61.0603
4164    347370    65.6955     60.7933
4097    340799    64.7595     59.9152
4118    342916    64.3792     59.5609
4146    345391    64.3792     59.5609
4199    350623    65.0845     60.213
4107    341832    65.6045     60.7008
4139    344803    64.2623     59.453
4210    351437    64.9837     60.1257
4122    343302    66.001     61.0654
4090    340181    64.3825     59.5557
4096    340181    64.0153     59.222
4089    340181    64.0153     59.222
4153    346000    63.9437     59.1603
4119    342899    64.9252     60.0641
4163    347005    64.5157     59.679
4163    347005    65.143     60.2695
4128    343964    64.5742     59.7509
4141    343964    65     60.136
3900    322482    61.6135     56.9934
3891    322482    60.476     55.9356
3911    322482    60.8952     56.3207
3869    319726    60.4468     55.9047
3865    319726    59.9463     55.4426
3921    324401    60.879     56.3104
3912    324401    60.944     56.3669
3920    324401    61.048     56.4593
3927    324401    61.048     56.4593
3908    324401    61.139     56.5569
3913    324401    60.7977     56.2334
3939    326107    61.113     56.5312
3945    326107    61.4152     56.8034
3940    326107    61.6037     56.9831
3918    324111    61.2852     56.6853
3824    315578    60.6255     56.0742
3849    317373    59.3645     54.8931
3873    319975    59.9333     55.4323
3906    323110    60.4695     55.9253
3869    319516    60.6418     56.0845
3891    321779    60.2745     55.7456
3857    318385    60.5117     55.9715
3853    318385    59.9885     55.4785
3858    318385    59.9885     55.4785
3868    318385    59.9885     55.4785
3865    318385    60.1055     55.5915
3885    320814    60.1055     55.5915
3896    320814    60.3915     55.8585
3896    320814    60.5573     56.0074
3886    320814    60.5573     56.0074
3864    318890    59.9852     55.4785
3884    320661    60.3655     55.8329
3876    320661    60.2388     55.7096
3843    316896    60.125     55.612
3781    311153    58.6982     54.2821
3798    311153    58.8932     54.4567
3784    311153    58.5682     54.1691
3814    314161    59.111     54.6621
3830    314161    59.1792     54.734
3802    314161    59.293     54.8264
3826    314161    58.9875     54.544
3830    314161    59.787     55.2988
3845    317011    59.3742     54.9086
3833    317011    59.865     55.3656
3846    317011    59.6115     55.1294
3802    313053    59.423     54.9548
3818    313053    59.0363     54.6056
3797    313053    59.111     54.6621
3797    313053    58.916     54.4823
3786    311267    58.7502     54.3283
3807    313339    58.7502     54.3283
3827    315228    59.1662     54.7134
3836    315228    59.3223     54.8572
3859    318013    59.6147     55.1345
3833    315773    59.8715     55.3707
1015    57306    59.033     54.6107
398    550    13.2275     12.0724
396    553    0     0
394    553    0     0
394    553    0     0
397    550    0     0
398    550    0     0
397    544    0     0
396    540    0     0
396    540    0     0
397    540    0     0
397    540    0     0
396    540    0     0
394    540    0     0
396    536    0     0
395    536    0     0
395    536    0     0
394    536    0     0
395    536    0     0
397    536    0     0
396    536    0     0
397    536    0     0
397    536    0     0
396    536    0     0
736    31874    0     0
2263    171578    1.95     1.5405
3169    259895    3.9     3.081
3543    294396    7.8     6.162
3508    280890    19.5     15.405
3506    280890    39     30.81
3458    276975    71.9212     61.3735
2534    193260    79.326     72.8811
2242    165890    64.285     59.0987
2244    165890    32.162     29.4903
2227    164259    32.253     29.5827
2227    164259    31.9085     29.2541
2242    165538    32.136     29.4646
3198    252695    44.603     40.9824
3444    276584    53.0335     48.7928
3413    274413    52.6175     48.4179
3410    274413    52.468     48.2741
3417    274413    52.468     48.2228
3252    260136    50.934     46.8466
3243    260136    49.283     45.3266
3223    257383    49.5625     45.5783
3250    260059    49.3415     45.378
3237    260059    49.5495     45.568
3373    271493    50.4335     46.3845
3313    266211    51.623     47.4885
3348    269382    50.804     46.7336
3380    272423    51.6425     47.509
3382    272423    51.9285     47.7658
3455    279317    52.2405     48.0636
3484    282271    53.4235     49.1522
3475    282271    53.651     49.3628
3495    282271    53.573     49.2857
3461    280237    53.8395     49.5322
3447    278819    53.2285     48.9725
3404    274836    53.0335     48.7928
3396    274836    52.2795     48.0944
3397    274836    52.1885     48.0071
3403    274836    52.26     48.0841
3503    284276    52.4225     48.2331
3545    287818    53.95     49.6349
3520    285935    54.7625     50.3743
3541    287466    54.34     50.0098
3541    287466    54.587     50.2306
3496    283444    53.9825     49.676
3512    284891    54.197     49.866
3505    284891    54.0215     49.7068
3510    284891    54.132     49.8044
3491    283185    53.7485     49.4449
3483    283185    53.9955     49.6811
3483    283185    53.43     49.1574
3511    284924    54.145     49.8249
3536    287221    54.34     49.9995
3507    284503    54.4115     50.0662
3547    288085    54.2035     49.8711
3547    288085    55.042     50.6311
3528    286570    54.4115     50.056
3511    285048    54.6455     50.2819
3495    283483    53.7745     49.4757
3532    287239    54.21     49.8814
3560    289461    54.743     50.3795
3541    287816    54.8275     50.4565
3552    287816    54.613     50.246
3606    293940    55.302     50.8878
3583    291655    55.6855     51.2319
3535    287427    55.237     50.8262
3543    287427    54.496     50.1381
3563    290096    54.8145     50.436
3587    292222    55.0875     50.6773
3560    289752    55.4515     51.0265
3578    291366    55.1525     50.7595
3581    291366    55.3085     50.8878
3606    293948    55.3085     50.8878
3606    293948    55.8805     51.4116
3570    290559    55.1525     50.7441
3615    294976    55.9195     51.4527
3615    294976    55.9195     51.4527
3610    294976    56.03     51.5708
3540    288074    54.99     50.5952
3544    288074    54.678     50.3127
3531    288074    55.003     50.6157
3391    274186    52.572     48.3512
3423    276952    52.364     48.1766
3413    276952    52.4875     48.2793
3419    276952    52.637     48.4282
3385    273063    52.143     47.966
3391    273063    52.143     47.966
3372    273063    52.0195     47.8582
3399    274556    51.7335     47.5912
3398    274556    52.481     48.2741
3366    271539    51.896     47.7298
3352    269975    51.441     47.2985
3394    273975    51.6555     47.509
3366    271411    52.104     47.9352
3383    272992    51.584     47.4423
3331    268123    51.9415     47.7812
3342    268123    50.895     46.8107
3327    268123    51.2005     47.0931
3314    266641    50.9535     46.8723
3304    266641    50.674     46.6104
3336    268480    50.596     46.5436
3318    266792    51.103     47.0058
3339    268926    50.7975     46.7234
3331    268926    51.2005     47.0982
3331    268926    51.0055     46.9134
3321    267092    50.947     46.8569
3307    265751    50.557     46.5026
3301    265751    50.6545     46.595
3280    263790    50.1995     46.1636
3283    263790    50.336     46.2972
1491    100553    34.5605     31.6624
401    547    0     0
400    547    0     0
402    547    0     0
402    551    0     0
399    551    0     0
400    546    0     0
400    543    0     0
399    543    0     0
399    543    0     0
400    543    0     0
398    537    0     0
400    537    0     0
399    540    0     0
400    533    0     0
397    536    0     0
401    536    0     0
397    536    0     0
400    536    0     0
398    539    0     0
398    534    0     0
399    534    0     0
397    534    0     0
399    534    0     0
399    540    0     0
399    540    0     0
400    535    0     0
398    530    0     0
398    530    0     0
398    534    0     0
968    52809    1.40381     1.01201
1362    87906    3.9     3.081
978    53502    7.8     6.162
399    487    1.14953     0.74971
399    503    0     0
398    518    0     0
400    522    0     0
400    528    0     0
398    528    0     0
399    528    0     0
398    528    0     0
400    528    0     0
398    531    0     0
400    531    0     0
398    531    0     0
397    531    0     0
397    528    0     0
398    528    0     0
396    531    0     0
397    531    0     0
1163    70003    0.669402     0
1350    86293    1.95     1.5405
1988    145992    3.9     3.081
2005    149483    7.8     6.162
1987    148682    19.5     15.405
1977    148682    36.4799     30.81
1977    148682    42.4021     39.0917
1953    146473    40.8298     37.3597
1939    145662    26.7768     24.6069
1955    147261    27.0367     24.8508
1948    147261    27.0367     24.8508
1946    147261    26.9718     24.7892
1960    148512    26.9132     24.7327
2432    193444    33.3027     30.5841
1114    68679    25.2655     23.1511
396    498    0     0
396    512    0     0
396    524    0     0
397    528    0     0
399    531    0     0
398    531    0     0
399    531    0     0
398    531    0     0
395    534    0     0
398    534    0     0
397    534    0     0
397    531    0     0
398    534    0     0
399    534    0     0
398    534    0     0
398    534    0     0
397    534    0     0
398    531    0     0
397    531    0     0
399    531    0     0
397    531    0     0
396    531    0     0
396    531    0     0
914    47837    1.88191     1.5405
1306    82407    3.9     3.081
1314    83993    7.8     6.162
1313    84457    19.5     15.405
1309    84457    24.4738     22.2233
1389    91971    25.1251     23.0664
1506    103186    19.292     17.6541
1512    104219    19.4441     17.7959
1495    102947    19.2049     17.5761
1481    101945    19.136     17.5114
1685    121179    19.2556     17.6151
1959    147524    26.5668     24.4272
1980    149913    27.1921     24.9818
1984    149913    27.664     37.904
1973    149913    27.3858     25.1795
2149    166622    27.5431     25.3258
2330    184312    32.6742     30.0475
2310    182434    50.102     30.7638
2289    180315    33.1273     30.4993
2286    180315    32.8477     30.2349
2465    194803    32.916     30.3016
2583    200451    36.9005     33.9886
2582    196999    37.8918     34.9154
2589    196999    37.8918     34.9154
2648    202897    37.9958     35.0156
2743    211563    39.0975     36.0374
2812    218087    40.7648     37.5959
2793    216499    41.8047     38.5536
2833    220344    41.5415     38.3097
2833    220344    42.185     38.9028
2820    219182    41.9185     38.6563
2900    226409    43.147     39.8091
2951    231302    44.0407     40.6255
2973    233606    44.746     41.288
2936    230001    43.9335     40.5357
2956    231933    44.1838     40.7616
3033    239061    44.967     41.4831
3099    245366    46.787     43.1802
3043    240109    45.9582     42.4151
3061    242220    46.0687     42.5127
3078    243873    46.3255     42.7489
3108    246691    46.7513     43.1443
3123    248193    47.0405     43.4139
3130    248193    47.3915     43.7451
3144    249978    47.3915     43.7451
3122    247983    47.3915     43.7451
3218    256869    47.489     43.8247
3230    256869    49.3285     45.5423
3188    254196    48.6493     44.9081
3207    255586    48.4087     44.6848
3162    251700    48.334     44.6129
3226    257698    47.9765     44.2842
3272    262095    49.1952     45.4139
3277    262095    49.8225     45.9968
3238    259069    49.8225     45.9968
3219    257571    49.166     45.3806
3248    259887    48.9352     45.1752
3276    262424    49.3935     45.5937
3262    262424    49.816     45.9891
3221    257290    49.5788     45.7734
3221    257290    48.841     45.0802
3270    262001    49.725     45.9095
3281    262001    49.855     46.025
3302    265165    50.388     46.5231
3296    265165    50.219     46.3665
3277    262667    49.9622     46.1251
3268    262667    49.5755     45.7683
3249    260284    49.5755     45.7683
3242    260284    49.1758     45.3985
3208    256398    48.9905     45.2214
3210    256398    48.6135     44.8799
3211    256398    48.672     44.8799
3307    265607    49.5462     45.7426
3282    263368    50.2255     46.3793
3363    270880    50.6252     46.7542
3342    268973    51.4215     47.4808
3289    263802    50.388     46.5154
3274    263802    50.0662     46.2253
3265    261750    49.699     45.8864
3248    260426    49.5267     45.722
3282    263577    49.6047     45.7939
3293    263577    50.0013     46.1559
3203    256123    49.8322     46.0096
3169    253062    48.542     44.808
3195    255423    48.0187     44.3305
3178    253650    48.5095     44.7849
3133    249730    48.1585     44.4537
3028    239981    47.1445     43.5063
3081    245024    45.682     42.1558
3049    241813    46.5173     42.9312
3091    245606    45.994     42.4459
3091    245606    46.6732     43.0724
3064    243250    46.2962     42.7206
3032    240461    45.7567     42.2225
3044    240461    45.838     42.3047
3078    244369    46.4522     42.867
3072    244369    46.4522     42.867
3058    242840    46.1273     42.5666
3041    240930    45.994     42.4433
3015    238706    45.4545     41.9504
3028    240050    45.6722     42.1506
3015    238730    45.2985     41.8015
3075    244090    45.8867     42.3458
3074    244090    46.7513     43.1494
3051    242365    45.8445     42.3047
3083    245102    46.4815     42.9004
3113    248169    46.878     43.2649
3042    241369    46.878     43.2649
2965    234086    45.0158     41.5421
2950    232876    44.5347     41.0851
2966    232876    44.278     40.8541
2963    232876    44.5802     41.139
3001    237475    44.5802     41.139
3029    240244    45.37     41.8605
3076    244372    45.851     42.3047
3060    242948    46.41     42.8259
3060    242948    46.254     42.6847
3034    240602    46.1403     42.5769
2999    237545    45.708     42.1789
2983    235936    45.175     41.6834
2952    232951    44.85     41.3778
2955    232951    44.3462     40.9157
2955    232951    44.3462     40.9157
2938    231771    44.2487     40.8258
2946    231771    44.0602     40.6487
3026    239748    45.5812     40.6487
2998    237245    45.2367     41.745
2991    237245    45.0288     41.5447
2988    237245    44.941     41.4677
2979    235658    44.941     41.4677
2994    236995    44.863     41.3984
3036    240825    45.773     41.3984
3009    238290    45.461     41.9427
2998    238290    45.1978     41.7039
2996    237012    45.0872     41.5986
3013    238611    45.3407     41.8374
3020    238611    45.2497     41.8374
3013    238611    45.7437     42.2174
2959    233588    45.0872     42.2174
2955    233588    44.3332     40.9028
2954    233588    44.3332     40.9028
2908    228735    44.07     40.6512
2997    237099    43.9953     40.6512
2880    226221    45.006     41.5242
2811    219763    45.006     41.5242
2754    214464    41.743     38.492
2765    214464    41.743     37.7525
2726    211619    40.9403     37.7525
2793    218103    40.9403     37.3314
2818    220359    41.704     37.3314
2826    220359    42.016     38.7461
2854    223773    42.1818     38.7461
2854    223773    42.6562     39.3469
2854    223773    42.6562     39.3469
2815    220066    42.081     38.8103
2809    220066    42.081     38.8103
2772    216123    41.3725     38.153
2820    220277    41.3725     38.153
2794    217845    41.8047     38.5484
2756    214482    41.8047     37.9682
2741    213393    40.5373     37.9682
2713    210523    40.482     37.3263
2733    212587    40.482     37.3263
2764    215290    40.9792     37.7859
2726    212008    40.9792     37.7859
2725    212008    40.7225     37.5523
2739    213180    40.7225     37.5523
2742    213180    40.5503     37.3931
2754    214476    40.5503     37.3931
2726    211866    40.7355     37.5677
2738    211866    40.7355     37.5677
2693    208598    40.4202     37.3802
2718    211119    40.4202     37.2698
2735    212577    40.0692     36.9438
2749    213782    40.5892     37.4316
2727    211856    40.5892     37.4316
2744    213339    40.5503     37.3905
2716    210986    40.5503     37.3905
2707    209775    40.2967     37.1543
2704    209775    40.2967     37.1543
2733    212388    40.0822     36.9592
2748    213761    40.0822     36.9592
2740    213761    40.8687     37.6858
2735    212602    40.8687     37.6858
2735    212602    40.6802     37.3879
2762    215032    40.5438     37.3879
2716    210789    41.1027     37.9014
2704    209732    40.105     36.9746
2714    209732    40.105     36.9746
2684    207686    39.7637     36.6588
2733    212097    39.7637     36.6588
2720    210925    40.495     37.3417
2740    212729    40.495     37.3417
2755    214159    40.274     37.1363
2680    207516    41.145     37.9425
2515    192259    39.9067     36.7948
2478    188749    38.1842     35.1927
2499    190525    36.231     33.3775
2528    193379    36.3252     33.4674
2544    194713    36.6112     33.7318
2536    194713    37.2905     34.3686
2536    194713    37.1963     34.2787
2554    195768    37.3262     34.3994
2526    193188    37.0793     34.1709
2533    193188    37.466     34.5303
2484    189421    37.063     34.158
2506    191112    36.8322     33.9449
2485    189080    36.465     33.5983
2475    189080    36.5202     33.6548
2441    185151    36.1823     33.339
2448    185151    36.0783     33.2363
2450    186081    35.5355     32.7382
2476    188306    35.5355     32.7382
2448    185870    35.7272     32.9076
2450    185870    36.0945     33.2645
2450    185870    35.711     32.8999
2422    183352    35.6167     32.8101
2450    185850    35.2625     32.4891
2443    185850    35.6427     32.8383
2433    184051    35.49     32.6945
2436    184051    35.4022     32.615
2454    186058    35.2755     32.4968
2462    186058    35.7435     32.9282
2481    188731    35.7435     32.9282
2479    188731    36.1888     33.3416
2430    184172    36.1888     33.3416
2387    180173    35.8638     33.0437
2390    180173    34.645     31.9063
2385    180173    34.7815     32.0347
2410    181963    34.4825     31.7548
2409    181963    34.905     32.1528
2386    179820    34.814     32.0604
2394    179820    34.814     32.1117
2370    178186    34.4207     31.7009
2375    178186    34.5865     31.8627
2394    180344    34.177     31.4775
2415    182565    34.4207     31.7035
2395    180707    34.788     32.0398
2398    180707    35.0805     32.312
2393    180707    34.658     31.9243
2426    183525    34.7327     31.9885
2409    182031    34.7327     31.9885
2417    182031    35.2332     32.4532
2404    182031    35.0513     32.2914
2426    183798    35.0513     32.2914
2404    181667    34.9212     32.1682
2404    181667    35.282     32.502
2389    180402    34.9147     32.1605
2358    177250    34.6613     31.9294
2380    179312    34.0795     31.3903
2382    179312    34.3947     31.6804
2334    175330    34.6027     31.8755
2261    168673    34.1152     31.4185
2270    168673    32.4383     29.8626
2259    168673    32.617     30.0295
2294    171279    32.2465     29.688
2247    167302    32.9225     30.3068
2222    164787    32.5715     29.9833
2217    164787    31.902     29.3645
2221    164787    31.5607     29.0461
2223    164787    31.8857     29.3414
2207    163597    31.6777     29.1514
2209    163597    31.7817     29.2515
2209    163597    31.4015     28.9049
2202    163597    31.6095     29.0923
2202    163597    31.538     29.023
2204    163597    31.3365     28.8382
2162    159183    31.5347     29.0256
2166    159183    31.2747     28.7765
2175    160392    30.68     28.2297
2184    161211    30.862     28.3965
2171    160085    30.9497     28.4838
2182    160899    31.1057     28.6276
2142    157645    30.9075     28.4402
2169    159801    30.9823     28.5121
2172    159801    30.4492     28.0166
2163    159801    30.862     28.3991
2163    159801    30.9172     28.4556
2143    157488    30.7385     28.281
2134    156520    30.4102     27.9857
2134    156520    30.2607     27.8368
2160    158804    30.1307     27.7239
2146    157728    30.6962     28.2451
2146    157728    30.485     28.0474
2152    157728    30.485     28.0474
2145    157728    30.485     28.0474
2156    158718    30.5987     28.1501
2129    156096    30.4362     28.0037
2136    156889    30.5208     28.0807
2147    158122    30.056     27.6571
2125    156204    30.6052     28.1578
2111    154772    30.1957     27.7803
2107    154772    30.0917     27.6879
2085    152177    29.8382     27.4517
2083    152177    29.783     27.3978
2064    150258    29.2533     26.9074
2065    150258    29.445     27.0846
2015    145847    28.9737     26.6455
1996    144040    29.1395     26.7996
1972    141957    27.898     25.6519
2014    145713    27.7712     25.5287
1993    143910    27.625     25.3977
1968    141499    28.2165     25.9472
1947    139833    27.898     25.6468
1955    139833    27.3325     25.123
1964    141167    27.1505     24.9587
1966    141167    27.2382     25.0383
1966    141167    27.378     25.1615
1930    137790    27.378     25.1615
1940    138739    26.7605     24.5864
1925    137248    26.9198     24.7379
1913    136299    26.676     24.5171
1929    137641    26.5168     24.363
1915    136285    26.6663     24.5094
1905    135413    26.598     24.4477
1899    135413    26.2665     24.1371
1880    133018    26.3347     24.1987
1880    133018    25.9187     23.8136
1880    133018    25.9187     23.8136
1890    134042    25.7692     23.6723
1894    134042    26.0292     23.9188
1885    134042    26.1073     23.9882
1877    132766    25.9935     23.8829
1880    132766    25.9252     23.8187
1884    133539    25.844     23.7391
1890    133539    25.948     23.8392
1875    132658    25.948     23.8392
1848    130070    25.948     23.8392
1870    132138    25.6295     23.5388
1867    132138    25.3142     23.2461
1872    132138    25.8375     23.7417
1862    131389    25.623     23.5337
1866    131389    25.7432     23.6441
1849    130227    25.623     23.5363
1858    131033    25.623     23.5363
1854    131033    25.35     23.2821
1861    131033    25.519     23.4336
1852    131033    25.4475     23.3694
1852    131033    25.5645     23.4824
1833    128489    25.3727     23.3052
1829    128489    25.0542     23.0099
1840    129148    24.9242     22.8841
1829    128258    25.1908     23.1306
1837    128934    24.9632     22.9252
1847    130058    25.1095     23.051
1845    130058    25.2817     23.2205
1845    130058    25.2817     23.2205
1836    129052    25.1908     23.1383
1826    128165    25.2948     23.2333
1830    128165    24.9503     22.9149
1835    128165    25.0413     22.9945
1839    129309    25.0413     22.9945
1857    130683    25.168     23.1152
1828    128441    25.272     23.2128
1832    128441    25.3435     23.2821
1822    128441    24.9275     22.8893
1847    130003    25.0445     22.9945
1823    127888    25.0445     22.9945
1813    126651    25.311     23.2487
1807    126651    24.7845     22.7583
1805    126651    24.7227     22.6993
1799    125500    24.5408     22.5298
1822    127801    24.5408     22.5298
1814    126736    24.5408     22.5298
1748    121006    24.9665     22.9303
1736    119837    24.4725     22.4605
1744    120698    23.5852     21.644
1719    118275    23.4455     21.5131
1716    118275    23.53     21.5952
1716    118275    23.127     21.2204
1663    113368    23.127     21.2204
1681    114914    22.1845     20.3449
1678    114275    22.438     20.5785
1688    115300    22.3795     20.5272
1694    115300    22.5387     20.6761
1647    111660    22.672     20.7967
1645    111660    22.0122     20.1857
1658    112528    21.749     19.9392
1654    112528    22.0675     20.237
1655    112528    21.9245     20.1087
1646    111119    22.048     20.2165
1632    110249    21.8172     20.006
1652    111921    21.6612     19.857
1656    111921    21.7782     19.97
1637    110768    22.0382     20.2088
1631    110076    21.8822     20.065
1621    109262    21.6157     19.8237
1623    109262    21.4565     19.667
1612    108576    21.5963     19.8006
1610    108576    21.3428     19.5669
1615    108576    21.3428     19.5669
1598    106990    21.2355     19.4565
1612    108200    21.2355     19.4565
1614    108200    21.0437     19.2871
1624    109365    21.268     19.4899
1592    106570    21.385     19.6029
1599    107203    21.385     19.6029
1581    105730    20.9072     19.1561
1582    105730    21.0405     19.2845
1574    104854    20.7773     19.038
1574    104854    20.7773     19.038
1559    103671    20.5952     18.8711
1578    105346    20.449     18.735
1580    105346    20.644     18.9148
1590    106350    20.8065     19.0663
1599    107122    20.8065     19.0663
1582    105667    21.0893     19.3333
1586    105667    20.8097     19.074
1571    104670    20.9072     19.1587
1561    103600    20.6505     18.9225
1554    103072    20.4555     18.7376
1567    104148    20.254     18.5553
1578    105392    20.527     18.8121
1588    106221    20.527     18.8121
1581    105551    20.852     19.1099
1569    104628    20.852     19.1099
1573    104628    20.7122     18.9815
1561    103853    20.592     18.8634
1572    104608    20.4977     18.7761
1567    104608    20.4425     18.7761
1566    103940    20.618     18.8865
1546    102411    20.475     18.7582
1553    102411    20.3352     18.6323
1551    102411    20.1922     18.4937
1578    104942    20.2703     18.5682
1568    103900    20.2703     18.5682
1581    105137    20.6082     18.8814
1562    103452    20.436     18.7222
1572    104544    20.6927     18.9661
1561    103502    20.4328     18.7171
1568    104233    20.553     18.83
1568    104233    20.4132     18.7042
1556    103124    20.5335     18.8172
1576    104927    20.319     18.6169
1571    104927    20.6537     18.925
1572    104927    20.5205     18.8018
1519    99647    20.618     18.8917
1490    97246    19.8282     18.1651
1474    95665    19.24     17.6105
1485    96611    18.8597     17.2562
1477    95882    19.0645     17.4487
1454    93771    18.954     17.346
1440    92572    18.7525     17.1637
1436    91812    18.2     16.6477
1432    91812    18.3755     16.8146
1433    91812    18.0245     16.4833
1410    89654    18.1675     16.6169
1402    88684    17.8815     16.355
1411    89587    17.6898     16.1727
1426    90983    17.6898     16.1727
1422    90983    17.8977     16.3652
1392    87892    17.8977     16.3652
1387    87892    17.8977     16.3652
1370    85931    17.2087     15.7234
1395    88161    17.3517     15.862
1393    88161    17.2055     15.7208
1364    85378    17.4753     15.975
1337    83040    17.3647     15.8749
1353    84301    16.9032     15.4512
1346    83764    16.5295     15.0969
1372    85949    16.7342     15.2869
1344    83709    16.6822     15.2869
1344    83709    17.0268     15.559
1345    83709    16.6238     15.1842
1351    84151    16.6238     15.1842
1356    84742    16.7342     15.2946
1344    83692    16.8675     15.4127
1315    81177    16.666     15.2201
1298    79483    16.237     14.8273
1308    80283    15.86     14.4807
1299    79501    15.9152     14.4807
1305    80188    15.9152     14.4807
1313    80614    16.0063     14.6116
1299    79489    15.9412     14.55
1311    80294    15.9412     14.55
1315    80958    15.9412     14.55
1296    79284    16.016     14.6219
1288    78490    15.9445     14.5552
1296    79193    15.8763     14.4884
1295    79193    15.5772     14.2162
1298    79193    15.7625     14.3857
1298    79193    15.8535     14.473
1279    77889    15.7527     14.3703
1287    78419    15.8112     14.4319
1288    78419    15.5057     14.1469
1287    78419    15.6228     14.2548
1290    78419    15.704     14.3344
1270    77044    15.639     14.2702
1269    76561    15.691     14.2702
1267    76561    15.3042     13.9595
1284    77939    15.3595     13.9595
1268    76585    15.3595     13.9595
1285    77929    15.522     14.1649
1285    77929    15.3173     13.9698
1286    78327    15.574     14.2137
1282    78327    15.626     14.2137
1291    78327    15.626     14.2137
1281    77810    15.626     14.2702
1279    77810    15.626     14.2702
1262    76223    15.3985     14.0494
1264    76223    15.3985     14.0494
1254    75249    15.197     13.8619
1271    76691    15.197     13.8619
1264    76125    15.197     13.8619
1273    76764    15.34     13.9954
1271    76764    15.288     13.9954
1280    77256    15.288     13.9954
1259    75674    15.288     13.9954
1254    75183    15.4635     14.1084
1257    75183    14.8947     13.5795
1249    74790    15.2197     13.8799
1263    75993    14.9565     13.6411
1250    74778    14.9565     13.6411
1183    69065    15.3368     13.9954
1194    69871    14.443     13.1636
1185    68994    13.8938     12.6501
1206    70853    13.8938     12.6501
1174    68046    13.9718     12.7245
1144    65408    14.1862     12.9274
1141    65031    13.4745     12.2572
1082    59848    13.1885     11.9979
847    39475    13.0682     11.8875
884    42599    11.57     10.5036
908    44615    5.8617     7.2044
908    44615    8.6736     5.86314
914    44980    9.1026     8.20265
927    46032    9.178     8.27351
914    44822    9.3704     8.45016
908    44489    9.2157     8.3074
898    43583    9.0831     8.18416
907    44212    8.9492     8.05784
897    43273    9.0298     8.13589
895    43273    8.9362     8.04963
913    44347    8.8595     7.97774
911    44347    9.0363     8.13898
910    43987    9.1442     8.24065
910    43987    9.0597     8.16362
905    43987    9.0597     8.16362
905    43987    9.1338     8.23243
912    44252    8.9453     8.05682
921    44897    9.0649     8.16773
909    44009    9.1741     8.27043
930    45693    9.1741     8.27043
914    44484    9.1741     8.27043
920    44846    9.347     8.42962
909    44044    9.1754     8.27146
915    44515    9.1754     8.27146
905    43870    9.0831     8.18416
910    44369    9.1702     8.26735
920    45135    9.0298     8.13487
926    45609    9.1949     8.28892
907    43917    9.3509     8.4327
918    44880    9.3509     8.4327
921    44880    9.0766     8.17697
928    45713    9.2521     8.34129
928    45713    9.2521     8.34129
935    46217    9.4289     8.50561
937    46552    9.5264     8.59599
928    45561    9.5836     8.65042
934    46196    9.4081     8.48405
940    46591    9.5186     8.58675
937    46591    9.5901     8.65556
944    47085    9.5901     8.65556
947    47334    9.6473     8.70896
946    47334    9.7838     8.83631
944    46908    9.7123     8.77058
939    46581    9.7123     8.77058
936    46581    9.581     8.64631
934    46288    9.581     8.64631
916    44625    9.4744     8.54772
903    43667    9.4744     8.54772
900    43337    9.0376     8.14206
910    44131    8.9843     8.14206
895    43054    8.9843     8.14206
877    41291    8.9843     8.14206
867    40638    8.8127     7.93563
877    41306    8.4318     7.58131
874    41091    8.4318     7.58131
879    41363    8.5514     7.6912
861    40028    8.5514     7.6912
862    40028    8.5514     7.6912
857    39779    8.2641     7.42624
858    39779    8.2641     7.42624
857    39779    8.2641     7.42624
840    38297    8.2641     7.42624
833    37675    8.2641     7.42624
833    37675    7.943     7.12635
839    38138    7.8299     7.02263
838    37840    7.917     7.10479
842    38062    7.917     7.10479
823    36641    7.917     7.10479
816    36135    7.6596     6.86652
822    36690    7.5543     6.76485
829    37228    7.5543     6.76485
835    37428    7.7597     6.95792
825    36605    7.7597     6.95792
816    35798    7.6986     6.90144
811    35798    7.5062     6.72274
809    35450    7.4529     6.72274
801    34678    7.4529     6.65907
793    33950    7.3177     6.55021
792    33950    7.1201     6.36329
795    34125    7.1201     6.36329
803    34770    7.1201     6.36329
799    34481    7.2319     6.46599
786    33423    7.2319     6.46599
785    33423    7.1175     6.36637
783    32959    6.9966     6.25238
597    17517    6.9966     6.25238
490    8598    6.6391     5.91347
498    9407    2.5545     2.11562
496    9346    1.3637     1.0953
497    9477    1.43227     1.15846
496    9477    1.96852     1.58903
498    9758    1.96852     1.58903
503    10147    1.96852     1.58903
505    10261    1.96852     1.58903
505    10261    2.04717     1.66271
503    10171    2.04717     1.66271
502    10171    2.04717     1.66271
503    10171    2.04717     1.66271
510    10925    2.04717     1.66271
511    10925    2.1788     1.7839
508    10844    2.1788     1.7839
508    10844    2.1788     1.7839
507    10844    2.1788     1.7839
512    11176    2.1788     1.7839
512    11300    2.1788     1.7839
513    11410    2.24217     1.84295
510    11410    2.24217     1.84295
514    11507    2.24217     1.84295
738    32448    2.24217     1.84295
816    39054    3.8623     3.34314
815    38439    7.44607     6.66985
816    38439    7.5543     10.4369
808    38070    7.5543     6.74996
793    36616    7.5543     6.74996
795    36873    7.25725     6.49937
795    36873    7.17762     6.42286
792    36575    7.17762     6.42286
793    36899    7.17762     6.42286
783    35908    7.17762     6.42286
790    36479    7.11165     6.36226
788    36479    7.0018     6.26059
790    36692    7.07167     6.32375
781    35742    7.07167     6.32375
776    35351    7.07167     6.32375
771    34837    6.92412     6.18511
771    34837    6.8549     6.12349
774    35017    6.77137     6.04389
775    35017    6.77137     6.04389
772    35017    6.77137     6.04389
760    33728    6.77137     6.04389
762    33918    6.54875     5.83747
765    34292    6.54875     5.83747
772    34946    6.63552     5.9186
770    34946    6.74895     6.0249
760    33889    6.74895     6.0249
748    32984    6.6352     5.92014
748    32984    6.40835     5.70961
750    32984    6.40835     5.70961
749    32794    6.40835     5.70961
747    32794    6.40835     5.70961
751    32980    6.2985     5.60639
755    33429    6.39112     5.69266
751    33148    6.44215     5.69266
750    32952    6.44215     5.76506
736    31895    6.44215     5.76506
740    31895    6.35115     5.65518
742    32094    6.15615     5.47442
746    32581    6.21238     5.5268
738    31807    6.21238     5.5268
738    31807    6.3076     5.61564
736    31576    6.15193     5.47032
736    31839    6.15193     5.47032
736    31581    6.15193     5.47032
736    31581    6.15193     5.47032
733    31246    6.15193     5.47032
730    31246    6.15193     5.47032
730    31246    6.071     5.39534
728    30780    6.071     5.39534
728    31101    5.9917     5.3214
733    31270    6.0502     5.37634
728    30920    6.0502     5.37634
734    31234    6.0502     5.37634
731    31234    6.0502     5.37634
734    31234    6.0502     5.37634
730    30855    6.0502     5.37634
724    30510    6.0502     5.37634
725    30510    5.93612     5.26954
723    30283    5.93612     5.26954
725    30283    5.93612     5.26954
726    30478    5.93612     5.26954
724    30294    5.93612     5.26954
725    30447    5.93612     5.26954
728    30447    5.88347     5.26954
721    30032    5.96147     5.26954
719    29876    5.8929     5.26954
721    29876    5.83635     5.17711
719    29664    5.83635     5.17711
722    29903    5.83635     5.17711
721    29903    5.83635     5.17711
719    29903    5.83635     5.17711
713    29447    5.83635     5.17711
719    29866    5.7707     5.11703
715    29570    5.7707     5.11703
717    29570    5.7707     5.11703
709    29201    5.7707     5.11703
714    29429    5.7707     5.11703
708    28979    5.6862     5.03846
708    28979    5.6862     5.03846
710    28979    5.6862     5.03846
710    29136    5.6862     5.03846
711    28903    5.6862     5.03846
709    28903    5.6862     5.03846
710    28903    5.6082     4.96657
706    28631    5.6693     5.02357
710    28932    5.59195     4.95168
704    28277    5.64558     4.95168
695    27665    5.551     4.95168
696    27665    5.4431     4.81201
