567	1.39157e+07	4.01895	3.94009
565	1.39157e+07	4.15155	3.99965
573	1.39157e+07	4.15155	4.07154
581	1.39157e+07	4.2861	4.13367
582	1.39157e+07	4.3446	4.2677
572	1.39157e+07	4.40635	4.2677
579	1.39157e+07	4.40635	4.2677
585	1.39157e+07	4.40635	4.35756
592	1.39157e+07	4.5448	4.35756
584	1.39157e+07	4.5448	4.42534
590	1.39157e+07	4.5448	4.42534
590	1.39157e+07	4.5448	4.42534
603	1.39157e+07	4.5448	4.42534
598	1.39157e+07	4.6774	4.54704
595	1.39157e+07	4.6774	4.54704
596	1.39157e+07	4.6774	4.48337
604	1.39157e+07	4.6774	4.48337
606	1.39157e+07	4.6774	4.48337
610	1.39157e+07	4.75345	4.62047
605	1.39157e+07	4.8204	4.62047
608	1.39157e+07	4.76645	4.62047
602	1.39157e+07	4.76645	4.67182
601	1.39157e+07	4.81975	4.56964
607	1.39157e+07	4.81975	4.64872
603	1.39157e+07	4.81975	4.64872
604	1.39157e+07	4.81975	4.64872
604	1.39157e+07	4.76515	4.56656
603	1.39157e+07	4.76515	4.56656
601	1.39157e+07	4.76515	4.56656
597	1.39157e+07	4.76515	4.56656
604	1.39157e+07	4.76515	4.56656
602	1.39157e+07	4.76515	4.62663
601	1.39157e+07	4.76515	4.56039
601	1.39157e+07	4.76515	4.56039
606	1.39157e+07	4.76515	4.56039
599	1.39157e+07	4.76515	4.56039
602	1.39157e+07	4.76515	4.56039
600	1.39157e+07	4.76515	4.56039
601	1.39157e+07	4.76515	4.56039
608	1.39157e+07	4.76515	4.56039
608	1.39157e+07	4.76515	4.65693
603	1.39157e+07	4.76515	4.65693
601	1.39157e+07	4.76515	4.65693
601	1.39157e+07	4.76515	4.59377
606	1.39157e+07	4.76515	4.59377
605	1.39157e+07	4.76515	4.59377
603	1.39157e+07	4.76515	4.59377
611	1.39157e+07	4.76515	4.59377
608	1.39157e+07	4.76515	4.68415
607	1.39157e+07	4.8412	4.63074
607	1.39157e+07	4.75475	4.63074
607	1.39157e+07	4.75475	4.63074
606	1.39157e+07	4.75475	4.63074
607	1.39157e+07	4.75475	4.63074
607	1.39157e+07	4.75475	4.63074
611	1.39157e+07	4.83665	4.63074
603	1.39157e+07	4.83665	4.63074
603	1.39157e+07	4.83665	4.63074
598	1.39157e+07	4.7723	4.56501
604	1.39157e+07	4.6839	4.56501
599	1.39157e+07	4.80025	4.62715
606	1.39157e+07	4.7034	4.56707
605	1.39157e+07	4.7879	4.56707
603	1.39157e+07	4.7307	4.56707
603	1.39157e+07	4.7307	4.56707
689	1.39157e+07	4.7307	4.56707
1083	1.39157e+07	5.15515	8.10508
1080	1.39157e+07	11.8593	11.792
1090	1.39157e+07	12.2115	11.9414
1088	1.39157e+07	12.493	12.0174
1087	1.39157e+07	12.4332	12.0174
1049	1.39157e+07	12.3741	11.7124
1032	1.39157e+07	11.6948	11.2847
1039	1.39157e+07	11.6948	11.1214
1052	1.39157e+07	11.5674	11.2205
1030	1.39157e+07	11.7156	11.3817
989	1.39157e+07	11.7156	11.1101
996	1.39157e+07	11.0675	10.461
993	1.39157e+07	10.7673	10.461
1015	1.39157e+07	10.8537	10.461
991	1.39157e+07	10.8537	10.6243
971	1.39157e+07	11.0299	10.5067
961	1.39157e+07	10.6041	10.1272
957	1.39157e+07	10.4598	10.1272
962	1.39157e+07	10.3603	9.92852
956	1.39157e+07	10.3603	10.0425
966	1.39157e+07	10.3603	10.0425
952	1.39157e+07	10.3603	9.96447
952	1.39157e+07	10.3603	9.96447
947	1.39157e+07	10.3603	9.96447
946	1.39157e+07	10.1497	9.7488
960	1.39157e+07	10.1497	9.88077
943	1.39157e+07	10.2875	9.88077
946	1.39157e+07	10.0821	9.70156
948	1.39157e+07	10.0821	9.80888
948	1.39157e+07	10.1419	9.80888
934	1.39157e+07	10.2108	9.80888
926	1.39157e+07	10.0451	9.5624
935	1.39157e+07	9.90015	9.5624
932	1.39157e+07	10.0204	9.66818
940	1.39157e+07	10.0204	9.61118
922	1.39157e+07	10.0204	9.74828
922	1.39157e+07	9.9528	9.49153
912	1.39157e+07	9.75845	9.43505
921	1.39157e+07	9.75845	9.43505
921	1.39157e+07	9.815	9.43505
916	1.39157e+07	9.87805	9.60553
923	1.39157e+07	9.87805	9.39654
926	1.39157e+07	9.7071	9.49256
921	1.39157e+07	9.94175	9.49256
932	1.39157e+07	9.7474	9.49256
927	1.39157e+07	9.87675	9.58499
924	1.39157e+07	9.87675	9.58499
920	1.39157e+07	9.87675	9.52594
921	1.39157e+07	9.87675	9.52594
913	1.39157e+07	9.7968	9.46997
924	1.39157e+07	9.74025	9.35443
918	1.39157e+07	9.74025	9.43505
918	1.39157e+07	9.8644	9.43505
923	1.39157e+07	9.7669	9.50488
932	1.39157e+07	9.8943	9.55675
922	1.39157e+07	9.8943	9.55675
923	1.39157e+07	9.8241	9.43916
931	1.39157e+07	9.87415	9.59937
924	1.39157e+07	9.9892	9.59937
917	1.39157e+07	9.87025	9.47716
915	1.39157e+07	9.7968	9.47716
931	1.39157e+07	9.87155	9.47716
917	1.39157e+07	9.87155	9.60348
915	1.39157e+07	9.87155	9.43248
926	1.39157e+07	9.7474	9.43248
929	1.39157e+07	9.867	9.56291
916	1.39157e+07	9.9359	9.56291
918	1.39157e+07	9.82865	9.43145
914	1.39157e+07	9.69995	9.43145
577	1.39157e+07	9.89755	9.50437
294	1.39157e+07	8.88225	3.94727
300	1.39157e+07	0	0
294	1.39157e+07	0	0
296	1.39157e+07	0	0
294	1.39157e+07	0	0
296	1.39157e+07	0	0
299	1.39157e+07	0	0
298	1.39157e+07	0	0
295	1.39157e+07	0	0
296	1.39157e+07	0	0
292	1.39157e+07	0	0
295	1.39157e+07	0	0
295	1.39157e+07	0	0
295	1.39157e+07	0	0
293	1.39157e+07	0	0
294	1.39157e+07	0	0
294	1.39157e+07	0	0
294	1.39157e+07	0	0
288	1.39157e+07	0	0
295	1.39157e+07	0	0
500	1.39157e+07	0	0
968	1.39157e+07	0	0
954	1.39157e+07	1.95	0.6162
953	1.39157e+07	3.9	1.5405
956	1.39157e+07	7.8	3.081
933	1.39157e+07	16.3088	6.162
936	1.39157e+07	15.2685	14.2707
944	1.39157e+07	10.1459	15.1534
911	1.39157e+07	10.2148	15.3167
930	1.39157e+07	9.95215	9.48434
907	1.39157e+07	9.95215	9.61683
905	1.39157e+07	9.8683	9.45148
909	1.39157e+07	9.72985	9.37548
907	1.39157e+07	9.72985	9.43608
889	1.39157e+07	9.72985	9.43608
899	1.40354e+07	9.72985	9.25738
898	1.39133e+07	9.56345	9.3077
889	1.39133e+07	9.6356	9.3077
900	1.39133e+07	9.6356	9.25738
900	1.39133e+07	9.55695	9.25738
909	1.39133e+07	9.55695	9.31489
904	1.39133e+07	9.7162	9.44943
904	1.39133e+07	9.7162	9.33646
907	1.39133e+07	9.7162	9.39294
907	1.39133e+07	9.7162	9.39294
909	1.39133e+07	9.8293	9.47099
895	1.39133e+07	9.6889	9.29538
896	1.39133e+07	9.54265	9.08176
903	1.39133e+07	9.4237	9.19987
900	1.39133e+07	9.6161	9.26149
893	1.40283e+07	9.55045	9.20808
906	1.39126e+07	9.48285	9.20808
899	1.39126e+07	9.55305	9.20808
915	1.39126e+07	9.55305	9.32516
913	1.39126e+07	9.76365	9.42683
1761	1.39126e+07	9.76365	12.6239
1772	1.39126e+07	20.2462	22.6803
1802	1.39126e+07	36.5066	22.5694
1833	1.39126e+07	35.0773	23.163
1790	1.39126e+07	24.0955	23.163
1731	1.39126e+07	23.8387	22.7491
1745	1.39126e+07	22.9775	21.8915
1780	1.39126e+07	22.6882	21.8361
1754	1.39126e+07	22.815	22.1811
1751	1.39126e+07	22.815	21.8597
1659	1.39126e+07	22.711	21.8597
1667	1.39126e+07	22.0252	20.7043
1675	1.39126e+07	21.4142	20.7043
1662	1.39126e+07	21.515	20.9025
1654	1.39126e+07	21.749	20.77
1649	1.39126e+07	21.398	20.77
1634	1.39126e+07	21.398	20.5164
1621	1.39126e+07	21.1607	20.5164
1612	1.39126e+07	21.229	20.2155
1624	1.39126e+07	20.7935	20.0368
1624	1.39126e+07	20.7935	20.2411
1599	1.39126e+07	20.8682	19.9187
1610	1.39126e+07	20.6863	19.9187
1616	1.39126e+07	20.6863	20.16
1615	1.39126e+07	20.9268	20.0789
1622	1.39126e+07	20.9268	20.1549
1564	1.39126e+07	20.683	19.6722
1591	1.39126e+07	20.1955	19.5376
1585	1.39126e+07	20.397	19.6239
1574	1.39126e+07	20.397	19.6239
1575	1.39126e+07	20.2118	19.512
1590	1.39126e+07	20.2865	19.6886
1605	1.39126e+07	20.4165	19.6886
1590	1.39126e+07	20.4685	19.9844
1586	1.39126e+07	20.579	19.6147
1585	1.39126e+07	20.3352	19.8036
1583	1.39126e+07	20.5562	19.6188
1596	1.39126e+07	20.241	19.6188
1572	1.39126e+07	20.3255	19.6188
1576	1.39126e+07	20.254	19.5027
1565	1.39126e+07	20.254	19.5027
1565	1.39126e+07	20.0688	19.361
1559	1.40246e+07	20.1565	19.361
1565	1.39023e+07	20.1045	19.361
1560	1.39023e+07	20.0005	19.4247
1564	1.39023e+07	20.0005	19.1998
1575	1.39023e+07	20.0005	19.3569
1575	1.39023e+07	20.189	19.5397
1568	1.39023e+07	20.189	19.5397
1575	1.39023e+07	20.189	19.5397
1554	1.39023e+07	20.189	19.628
1554	1.39023e+07	20.189	19.3477
1570	1.39023e+07	19.9745	19.4021
1577	1.39023e+07	20.2052	19.4637
1587	1.39023e+07	20.2995	19.7318
1574	1.39023e+07	20.514	19.7318
1568	1.39023e+07	20.3775	19.6588
1567	1.39023e+07	20.2897	19.5582
1573	1.39023e+07	20.2897	19.5582
1550	1.39023e+07	20.2897	19.5017
1552	1.39023e+07	20.1208	19.3055
1544	1.39023e+07	20.0265	19.4113
1557	1.39023e+07	20.0265	19.1731
1566	1.39023e+07	19.8867	19.3641
1554	1.39023e+07	20.1012	19.3641
1560	1.39023e+07	20.0037	19.3641
1562	1.39023e+07	20.1922	19.3641
1553	1.39023e+07	20.0557	19.3641
1570	1.39023e+07	19.9517	19.3004
1577	1.39023e+07	20.2085	19.5109
1554	1.39023e+07	20.1565	19.5109
1563	1.39023e+07	20.1565	19.3631
1559	1.39023e+07	19.9713	19.4349
1559	1.39023e+07	20.2052	19.4349
1558	1.39023e+07	20.319	19.5089
1562	1.39023e+07	20.215	19.5089
1534	1.39023e+07	19.9387	19.4082
1549	1.39023e+07	20.1663	19.1659
1544	1.39023e+07	19.838	19.2706
1561	1.39023e+07	19.9387	19.2706
1558	1.39023e+07	20.0362	19.4401
1546	1.39023e+07	20.137	19.3107
1546	1.39023e+07	20.137	19.3682
1587	1.39023e+07	20.085	19.7615
1559	1.39023e+07	20.4685	19.589
1570	1.39023e+07	20.254	19.5274
1571	1.39023e+07	20.254	19.3805
1976	1.39023e+07	20.1467	20.0984
2350	1.39023e+07	26.039	30.5912
2332	1.39023e+07	32.6203	47.3935
2357	1.39023e+07	32.3635	31.629
2363	1.39023e+07	32.9972	31.457
2534	1.39023e+07	32.6755	32.009
2645	1.39023e+07	34.7002	35.4341
2676	1.39023e+07	37.2677	36.0066
2688	1.39023e+07	37.3913	36.3661
2671	1.39023e+07	37.8267	36.5766
2643	1.39023e+07	37.7715	36.4046
2609	1.39023e+07	37.4692	35.8423
2626	1.39023e+07	36.985	35.6292
2631	1.39023e+07	36.842	35.6292
2639	1.39023e+07	36.9102	35.7961
2616	1.39023e+07	36.9818	35.7961
2617	1.39023e+07	37.1053	35.4726
2573	1.39023e+07	36.6632	35.3262
2607	1.39023e+07	36.3057	35.0618
2578	1.39023e+07	36.3057	35.1876
2584	1.39023e+07	36.829	35.3211
2541	1.39023e+07	36.2277	34.9514
2572	1.39023e+07	35.8605	34.3917
2546	1.39023e+07	35.5843	34.5868
2531	1.39023e+07	36.0685	34.8127
2548	1.39023e+07	35.6395	34.3146
2548	1.39023e+07	35.3665	34.0142
2525	1.39023e+07	35.6232	34.4507
2529	1.39023e+07	35.5615	34.5303
2531	1.39023e+07	35.477	34.0605
2502	1.39023e+07	35.425	34.2633
2530	1.39023e+07	35.0902	33.9192
2570	1.39023e+07	35.4867	34.6253
2566	1.39023e+07	36.0653	34.9154
557	1.39023e+07	35.9873	26.7893
294	1.39023e+07	9.4445	0
294	1.39023e+07	0	0
294	1.39023e+07	0	0
294	1.39023e+07	0	0
292	1.39023e+07	0	0
290	1.39023e+07	0	0
286	1.39023e+07	0	0
293	1.39023e+07	0	0
291	1.39023e+07	0	0
292	1.39023e+07	0	0
288	1.39023e+07	0	0
294	1.39023e+07	0	0
296	1.39023e+07	0	0
294	1.39023e+07	0	0
292	1.39023e+07	0	0
297	1.39023e+07	0	0
295	1.39023e+07	0	0
290	1.39023e+07	0	0
297	1.39023e+07	0	0
295	1.39023e+07	0	0
296	1.39023e+07	0	0
293	1.39023e+07	0	0
293	1.39023e+07	0	0
298	1.39023e+07	0	0
290	1.39023e+07	0	0
297	1.39023e+07	0	0
294	1.39023e+07	0	0
294	1.39023e+07	0	0
294	1.39023e+07	0	0
293	1.39023e+07	0	0
288	1.39023e+07	0	0
291	1.39023e+07	0	0
293	1.39023e+07	0	0
289	1.39023e+07	0	0
290	1.39023e+07	0	0
285	1.39023e+07	0	0
292	1.39023e+07	0	0
285	1.39023e+07	0	0
293	1.39023e+07	0	0
294	1.39023e+07	0	0
293	1.39023e+07	0	0
289	1.39023e+07	0	0
290	1.39023e+07	0	0
290	1.39023e+07	0	0
292	1.39023e+07	0	0
291	1.39023e+07	0	0
285	1.39023e+07	0	0
288	1.39023e+07	0	0
288	1.39023e+07	0	0
294	1.39023e+07	0	0
290	1.39023e+07	0	0
287	1.39023e+07	0	0
283	1.39023e+07	0	0
283	1.39023e+07	0	0
286	1.39023e+07	0	0
289	1.39023e+07	0	0
288	1.39023e+07	0	0
290	1.39023e+07	0	0
289	1.39023e+07	0	0
292	1.39023e+07	0	0
294	1.39023e+07	0	0
291	1.39023e+07	0	0
291	1.39023e+07	0	0
294	1.39023e+07	0	0
290	1.39023e+07	0	0
293	1.39023e+07	0	0
290	1.39023e+07	0	0
293	1.39023e+07	0	0
292	1.39023e+07	0	0
296	1.39023e+07	0	0
295	1.39023e+07	0	0
293	1.39023e+07	0	0
296	1.39023e+07	0	0
298	1.39023e+07	0	0
300	1.39023e+07	0	0
296	1.39023e+07	0	0
295	1.39023e+07	0	0
294	1.39023e+07	0	0
297	1.39023e+07	0	0
294	1.39023e+07	0	0
299	1.39023e+07	0	0
293	1.39023e+07	0	0
296	1.39023e+07	0	0
292	1.39023e+07	0	0
292	1.39023e+07	0	0
297	1.39023e+07	0	0
293	1.39023e+07	0	0
295	1.39023e+07	0	0
293	1.39023e+07	0	0
1011	1.39023e+07	0	0
2701	1.39023e+07	0.616291	0.6162
2659	1.39023e+07	1.95	1.5405
2720	1.39023e+07	3.9	3.081
2687	1.39023e+07	7.8	6.162
2672	1.39023e+07	19.5	15.405
2618	1.39023e+07	39	30.81
2671	1.39023e+07	57.5042	52.8443
2616	1.39023e+07	55.4743	54.4233
2593	1.39023e+07	37.1865	35.4777
2572	1.39023e+07	36.556	34.9693
2528	1.39023e+07	35.9287	34.918
2540	1.39023e+07	35.9287	34.4173
2515	1.39023e+07	35.7012	34.3121
2519	1.39023e+07	35.3828	34.3121
2513	1.39023e+07	35.4575	34.0219
2504	1.39023e+07	35.126	34.0219
2467	1.39023e+07	35.126	33.9655
2492	1.39023e+07	35.2072	33.5983
2512	1.39755e+07	34.5995	33.5983
2473	1.39755e+07	35.2397	33.986
2517	1.39755e+07	34.8628	33.5649
2506	1.39755e+07	34.996	33.8191
2551	1.39755e+07	34.996	33.9295
2497	1.39755e+07	35.1455	34.3198
2514	1.39755e+07	35.7695	34.081
2514	1.39755e+07	34.957	33.8859
2506	1.39755e+07	35.1683	33.8859
2541	1.39755e+07	35.087	34.1811
2485	1.39755e+07	35.5518	34.0142
881	1.39051e+07	35.1227	26.4247
291	1.39051e+07	9.399	0
288	1.39051e+07	0	0
287	1.39051e+07	0	0
290	1.39051e+07	0	0
294	1.39051e+07	0	0
292	1.39051e+07	0	0
293	1.39051e+07	0	0
290	1.39051e+07	0	0
298	1.39051e+07	0	0
290	1.39051e+07	0	0
295	1.39051e+07	0	0
292	1.39051e+07	0	0
297	1.39051e+07	0	0
291	1.39051e+07	0	0
294	1.39051e+07	0	0
295	1.39051e+07	0	0
292	1.39051e+07	0	0
298	1.39051e+07	0	0
293	1.39051e+07	0	0
298	1.39051e+07	0	0
299	1.39051e+07	0	0
297	1.39051e+07	0	0
290	1.39051e+07	0	0
298	1.39051e+07	0	0
298	1.39051e+07	0	0
298	1.39051e+07	0	0
298	1.39051e+07	0	0
296	1.39051e+07	0	0
296	1.39051e+07	0	0
294	1.39051e+07	0	0
2301	1.39051e+07	0	0.6162
2689	1.39051e+07	1.95	1.5405
2707	1.39051e+07	3.9	3.081
2688	1.39051e+07	7.8	6.162
2676	1.39051e+07	19.5	15.405
2667	1.39051e+07	39	30.81
2585	1.39051e+07	58.9316	52.5547
2632	1.39051e+07	54.522	53.0112
2595	1.39051e+07	36.9038	35.7935
2562	1.39051e+07	37.102	35.3776
2517	1.39051e+07	36.1628	34.6433
2483	1.39051e+07	35.3568	33.9783
2494	1.39051e+07	35.0155	33.6445
2473	1.39051e+07	34.9408	33.7036
2486	1.39051e+07	34.6157	33.4006
2467	1.39051e+07	34.6157	33.5264
2445	1.39051e+07	34.6742	33.3441
2458	1.39051e+07	34.2355	33.0129
2460	1.39051e+07	34.2355	33.2337
2473	1.39051e+07	34.411	33.1593
2441	1.39051e+07	34.5475	33.4288
2474	1.39051e+07	34.5475	33.1644
2498	1.39051e+07	34.229	33.3287
2441	1.39051e+07	34.5865	33.5495
2514	1.39051e+07	34.697	33.0874
2527	1.39051e+07	34.6027	33.9013
2527	1.39051e+07	34.9862	34.0142
2527	1.39051e+07	35.3633	34.0142
2512	1.39051e+07	35.3633	34.1683
2521	1.39051e+07	35.2365	34.3557
2528	1.39051e+07	35.36	33.873
2466	1.39051e+07	35.2202	33.6882
2511	1.39051e+07	34.8433	33.9834
2512	1.39051e+07	35.1097	33.9321
2445	1.39051e+07	35.2202	33.6214
2481	1.39051e+07	34.4857	33.5495
2511	1.39051e+07	34.8107	33.7395
2491	1.39051e+07	35.1715	33.9937
2488	1.39051e+07	35.0643	33.8268
2507	1.39051e+07	34.9473	33.5983
2475	1.39051e+07	34.9473	33.7601
2487	1.39051e+07	34.5962	33.4648
2517	1.39051e+07	34.8237	33.9475
2550	1.39051e+07	35.4282	34.0913
2483	1.39051e+07	35.516	34.6407
2472	1.39051e+07	35.4185	33.642
2476	1.39051e+07	34.606	33.4109
2475	1.39051e+07	34.8042	33.8217
2514	1.39051e+07	34.8887	33.5855
2473	1.39051e+07	34.8887	34.1246
2494	1.39051e+07	35.412	33.642
586	1.39051e+07	34.5832	33.719
296	1.39051e+07	28.0605	10.0595
301	1.39051e+07	0	0
298	1.39051e+07	0	0
304	1.39051e+07	0	0
301	1.39051e+07	0	0
299	1.39051e+07	0	0
299	1.39051e+07	0	0
304	1.39051e+07	0	0
303	1.39051e+07	0	0
300	1.39051e+07	0	0
300	1.39051e+07	0	0
299	1.39051e+07	0	0
302	1.39051e+07	0	0
301	1.39051e+07	0	0
299	1.39051e+07	0	0
305	1.39051e+07	0	0
295	1.39051e+07	0	0
302	1.39051e+07	0	0
297	1.39051e+07	0	0
295	1.39051e+07	0	0
295	1.39051e+07	0	0
298	1.39051e+07	0	0
296	1.39051e+07	0	0
297	1.39051e+07	0	0
298	1.39051e+07	0	0
297	1.39051e+07	0	0
296	1.39051e+07	0	0
291	1.39051e+07	0	0
295	1.39051e+07	0	0
296	1.39051e+07	0	0
293	1.39051e+07	0	0
293	1.39051e+07	0	0
298	1.39051e+07	0	0
295	1.40156e+07	0	0
294	1.39207e+07	0	0
292	1.39207e+07	0	0
298	1.39207e+07	0	0
298	1.39207e+07	0	0
292	1.39207e+07	0	0
293	1.39207e+07	0	0
289	1.39207e+07	0	0
292	1.39207e+07	0	0
290	1.39207e+07	0	0
296	1.39207e+07	0	0
303	1.39207e+07	0	0
302	1.39207e+07	0	0
298	1.39207e+07	0	0
299	1.39207e+07	0	0
300	1.39207e+07	0	0
293	1.39207e+07	0	0
294	1.39207e+07	0	0
289	1.39207e+07	0	0
298	1.39207e+07	0	0
290	1.39207e+07	0	0
295	1.39207e+07	0	0
288	1.39207e+07	0	0
292	1.39207e+07	0	0
297	1.39207e+07	0	0
302	1.39207e+07	0	0
298	1.39207e+07	0	0
303	1.39207e+07	0	0
301	1.46669e+07	0	0
300	1.39215e+07	0	0
301	1.39215e+07	0	0
299	1.39215e+07	0	0
301	1.39215e+07	0	0
298	1.39215e+07	0	0
302	1.39215e+07	0	0
302	1.39215e+07	0	0
302	1.39215e+07	0	0
299	1.39215e+07	0	0
298	1.39215e+07	0	0
297	1.39215e+07	0	0
298	1.39215e+07	0	0
300	1.39215e+07	0	0
296	1.39215e+07	0	0
302	1.39215e+07	0	0
298	1.39215e+07	0	0
302	1.39215e+07	0	0
298	1.39215e+07	0	0
302	1.39215e+07	0	0
297	1.39215e+07	0	0
297	1.39215e+07	0	0
290	1.39215e+07	0	0
289	1.39215e+07	0	0
290	1.39215e+07	0	0
291	1.39215e+07	0	0
291	1.39215e+07	0	0
295	1.39215e+07	0	0
298	1.39215e+07	0	0
294	1.39215e+07	0	0
294	1.39215e+07	0	0
298	1.39215e+07	0	0
301	1.39215e+07	0	0
294	1.39215e+07	0	0
297	1.39215e+07	0	0
292	1.39215e+07	0	0
297	1.39215e+07	0	0
295	1.39215e+07	0	0
295	1.39215e+07	0	0
297	1.39215e+07	0	0
2639	1.39215e+07	0	0.6162
2636	1.39215e+07	1.95	1.5405
2637	1.39215e+07	3.9	3.081
2671	1.39215e+07	7.8	6.162
2612	1.39215e+07	19.5	15.405
2649	1.39215e+07	39	30.81
2666	1.39215e+07	57.057	53.4307
2662	1.39215e+07	56.2477	54.7006
2664	1.39215e+07	37.5602	36.1068
2621	1.39215e+07	37.5602	36.5407
2634	1.39215e+07	37.2775	35.8243
2632	1.39215e+07	37.1995	35.5958
3946	1.39215e+07	36.9688	36.6048
4525	1.39215e+07	48.36	61.4454
4561	1.39215e+07	67.6683	64.8088
4559	1.39215e+07	67.1872	104.122
4556	1.39215e+07	68.1655	65.5585
4482	1.39215e+07	67.6227	65.5585
4466	1.39215e+07	67.314	63.864
4425	1.39215e+07	66.1927	64.2645
4447	1.39215e+07	65.6273	63.3762
4425	1.39215e+07	65.8158	63.7408
4351	1.39215e+07	66.222	63.8126
4291	1.39215e+07	65.2503	62.4262
4304	1.39215e+07	63.7682	61.5122
4317	1.39215e+07	63.8495	61.4505
4361	1.39215e+07	63.375	61.7843
4234	1.39215e+07	63.9795	62.3697
4152	1.39215e+07	64.5287	61.127
4152	1.39215e+07	62.2992	59.5095
4204	1.39215e+07	61.8085	60.1925
4151	1.39215e+07	61.6232	59.3965
4225	1.39215e+07	61.8052	60.4749
4191	1.39215e+07	62.4097	60.2746
4161	1.39215e+07	61.8507	59.2322
4179	1.39215e+07	61.2202	59.2322
4135	1.39215e+07	62.1465	60.403
4175	1.39215e+07	61.1877	59.3811
4142	1.39215e+07	61.7565	59.1963
4150	1.39215e+07	61.1227	59.109
4170	1.39215e+07	61.2235	59.109
4095	1.39215e+07	61.2235	58.9447
4214	1.39215e+07	60.645	59.0474
4200	1.39215e+07	61.7598	60.4389
4157	1.39215e+07	62.1985	59.8382
4119	1.39215e+07	61.321	59.5763
4134	1.39215e+07	61.464	59.0063
4173	1.39215e+07	61.1325	59.2065
4198	1.39215e+07	61.4575	59.4068
4214	1.39215e+07	61.6102	60.1206
4132	1.39215e+07	62.2992	60.4646
4146	1.40136e+07	62.0132	59.1347
4161	1.39065e+07	61.1488	59.5095
4147	1.39065e+07	61.4835	59.6944
4131	1.39065e+07	61.6915	59.453
4157	1.39065e+07	60.8172	58.7957
4146	1.39065e+07	61.5225	59.7663
4143	1.39065e+07	61.62	59.2733
4132	1.39065e+07	61.0545	59.2733
4148	1.39065e+07	60.983	58.9857
4148	1.39065e+07	61.0675	59.5455
4167	1.39065e+07	61.8768	59.5455
4115	1.39065e+07	61.412	59.1809
4122	1.39065e+07	61.3405	59.1809
4126	1.39065e+07	60.9862	58.9806
4098	1.39065e+07	60.8887	58.7187
4131	1.39065e+07	60.8887	59.3298
4153	1.39065e+07	61.6753	59.5557
4163	1.39065e+07	61.3438	59.3503
4121	1.39065e+07	61.4478	59.679
4142	1.39065e+07	61.048	58.9755
4161	1.39065e+07	61.5713	59.4119
4149	1.39065e+07	61.3242	59.3195
4163	1.39065e+07	61.4152	59.6276
4115	1.39065e+07	61.6655	59.4171
4162	1.39065e+07	61.0252	58.8676
4120	1.39065e+07	61.2235	59.0884
4137	1.39065e+07	60.6872	58.9601
4167	1.39065e+07	61.1097	59.2014
4150	1.39065e+07	61.62	59.6533
4127	1.39065e+07	61.6753	59.5557
4163	1.39065e+07	61.0317	59.0268
4156	1.39065e+07	61.3827	59.5198
4101	1.39065e+07	61.3827	59.3041
4099	1.39065e+07	61.2885	59.0936
4069	1.39065e+07	60.5312	58.3233
4084	1.39065e+07	60.1575	58.3233
4172	1.39065e+07	60.398	58.195
4102	1.39065e+07	60.4955	59.1295
4114	1.39065e+07	61.347	59.1295
4149	1.39065e+07	60.658	58.9344
4149	1.39065e+07	61.009	58.8625
4140	1.39065e+07	61.1553	59.3863
4175	1.39065e+07	61.3242	59.4633
4108	1.39065e+07	61.6135	59.6738
4064	1.39065e+07	60.7588	57.7893
3996	1.39065e+07	59.8065	57.5479
4040	1.39065e+07	58.8672	56.8444
4066	1.39065e+07	59.293	57.8612
4084	1.39065e+07	60.138	58.272
4083	1.39065e+07	60.333	58.6828
4092	1.39065e+07	60.3915	58.0666
4081	1.39065e+07	60.164	58.5903
4122	1.39065e+07	60.632	58.0768
4085	1.39065e+07	60.5215	58.8471
4046	1.39065e+07	60.3752	58.4158
4081	1.39065e+07	60.0925	58.3182
4122	1.39065e+07	60.3265	58.4158
4084	1.39065e+07	61.1	58.9806
4013	1.39065e+07	60.229	57.7123
3415	1.39065e+07	59.3223	57.1115
314	1.39065e+07	59.1857	45.7169
316	1.39065e+07	17.0268	0.590525
311	1.39065e+07	0	0
312	1.39065e+07	0	0
