1515951527.748 20.69729995728
1515951528.745 20.24489974976
1515951530.747 20.31379890442
1515951531.739 20.5594997406
1515951532.745 20.50619888306
1515951533.748 20.04990005493
1515951534.747 19.91340065002
1515951535.741 20.29689979553
1515951536.747 20.52829933167
1515951537.74 20.46459960938
1515951538.748 20.55430030823
1515951539.741 20.44120025635
1515951540.747 20.69989967346
1515951541.747 20.2124004364
1515951542.741 19.90169906616
1515951543.749 20.39699935913
1515951544.746 20.64659881592
1515951546.744 20.86499977112
1515951547.75 20.53350067139
1515951548.739 20.32159996033
1515951549.749 20.87150001526
1515951552.749 21.17569923401
1515951553.745 20.78960037231
1515951554.756 21.00279998779
1515951555.737 20.86369895935
1515951556.756 21.21730041504
1515951557.745 21.29529953003
1515951558.752 21.10029983521
1515951559.749 21.24720001221
1515951560.75 20.88189888
1515951561.743 21.00020027161
1515951562.75 21.09770011902
1515951563.753 21.04310035706
1515951565.757 20.93129920959
1515951566.737 20.36450004578
1515951567.758 20.14480018616
1515951568.739 20.57769966125
1515951569.758 21.27840042114
1515951570.738 21.42790031433
1515951572.746 21.16659927368
1515951573.753 21.30179977417
1515951574.757 21.43050003052
1515951578.759 21.51499938965
1515951579.743 21.08209991455
1515951582.76 21.16530036926
1515951583.747 20.87409973145
1515951585.76 21.22769927979
1515951586.746 21.31999969482
1515951587.763 21.59689903259
1515951588.741 21.67490005493
1515951589.761 21.46820068359
1515951590.743 21.41359901428
1515951591.763 21.2250995636
1515951592.749 21.28879928589
1515951594.75 21.15880012512
1515951595.757 20.95470046997
1515951596.751 20.68039894104
1515951597.757 20.88969993591
1515951598.762 21.15099906921
1515951599.743 21.35120010376
1515951600.764 21.64629936218
1515951601.74 21.23679924011
1515951602.765 20.78700065613
1515951603.753 20.87019920349
1515951604.758 20.72329902649
1515951605.752 21.10549926758
1515951606.759 21.03789901733
1515951609.76 21.26409912109
1515951610.753 21.47599983215
1515951611.767 21.56309890747
1515951612.75 21.81529998779
1515951613.761 21.33559989929
1515951614.754 21.00930023193
1515951616.753 21.21470069885
1515951617.761 21.28490066528
1515951618.755 21.35899925232
1515951620.76 21.10029983521
1515951622.76 21.42530059814
1515951623.762 21.10549926758
1515951624.762 20.94689941406
1515951625.757 21.02879905701
1515951626.761 20.86499977112
1515951627.756 21.16139984131
1515951628.764 21.25629997253
1515951629.755 20.74670028687
1515951630.763 22.61479949951
1515951631.763 25.28240013123
1515951632.761 28.41799926758
1515951633.762 28.58829879761
1515951634.765 28.4232006073
1515951635.754 28.13069915771
1515951636.764 28.24119949341
1515951637.763 28.94059944153
1515951638.758 31.58090019226
1515951639.763 46.92024993896
1515951640.758 31.06349945068
1515951641.764 33.47499847412
1515951642.765 37.2872505188
1515951643.758 37.89500045776
1515951644.765 39.90999984741
1515951645.762 42.75374984741
1515951646.759 42.02574920654
1515951647.766 41.96725082397
1515951648.76 21.8172492981
1515951649.768 0
1515951696.772 1.949999928474
1515951697.765 3.899999856949
1515951698.773 7.799999713898
1515951699.777 19.5
1515951700.766 39
1515951701.775 66.59770202637
1515951702.767 67.59999847412
1515951703.776 45.84449768066
1515951704.773 45.33424758911
1515951705.771 45.58124923706
1515951706.773 45.21725082397
1515951707.776 44.18375015259
1515951708.769 44.32024765015
1515951709.775 44.8077507019
1515951710.771 44.87274932861
1515951711.775 45.56174850464
1515951712.779 46.2799987793
1515951713.77 45.59099960327
1515951714.781 44.99300003052
1515951715.773 45.92900085449
1515951716.774 45.69824981689
1515951717.778 45.41550064087
1515951718.777 46.01350021362
1515951719.773 49.98825073242
1515951720.777 50.9242477417
1515951721.771 59.96574783325
1515951722.778 60.55075073242
1515951723.773 60.84000015259
1515951724.779 61.74349975586
1515951725.771 66.64450073242
1515951726.779 66.16024780273
1515951728.773 66.60224914551
1515951729.781 67.39524841309
1515951730.78 70.63549804688
1515951731.779 72.27349853516
1515951732.776 71.62674713135
1515951733.78 76.32299804688
1515951734.773 79.46900177002
1515951735.782 128.4530029297
1515951736.774 79.89150238037
1515951737.781 81.28900146484
1515951738.775 81.08100128174
1515951740.774 80.41149902344
1515951741.783 81.19799804688
1515951742.785 81.68550109863
1515951743.785 80.55449676514
1515951744.781 80.38549804688
1515951745.777 80.50900268555
1515951746.782 82.64749908447
1515951747.776 86.63849639893
1515951748.783 87.2884979248
1515951749.777 87.38600158691
1515951750.785 88.22450256348
1515951751.776 90.07699584961
1515951752.782 88.44549560547
1515951753.782 94.33449554443
1515951754.787 94.17849731445
1515951755.782 94.2825012207
1515951756.784 96.66799926758
1515951757.783 96.40799713135
1515951758.781 97.75350189209
1515951759.783 96.70700073242
1515951760.779 95.82299804688
1515951761.786 95.34199523926
1515951762.778 94.62699890137
1515951763.784 95.83599853516
1515951764.785 103.3499984741
1515951765.778 104.5134963989
1515951766.786 105.1699981689
1515951767.782 105.735496521
1515951768.778 103.1809997559
1515951769.786 103.4410018921
1515951770.778 102.5114974976
1515951771.786 103.4864959717
1515951772.784 105.1309967041
1515951773.785 104.5264968872
1515951774.785 104.3574981689
1515951775.787 103.2395019531
1515951777.789 104.3379974365
1515951778.779 103.2070007324
1515951779.788 104.1754989624
1515951780.786 106.7754974365
1515951781.781 108.0559997559
1515951783.781 106.9249954224
1515951784.789 105.1894989014
1515951785.781 105.2675018311
1515951786.796 105.6770019531
1515951787.781 107.7374954224
1515951788.795 107.2369995117
1515951789.781 105.2610015869
1515951790.79 105.670501709
1515951791.787 107.0094985962
1515951792.788 105.8134994507
1515951793.79 103.1549987793
1515951794.783 103.5709991455
1515951795.795 104.7539978027
1515951796.779 103.9674987793
1515951797.797 104.4745025635
1515951798.777 105.4560012817
1515951799.798 107.158996582
1515951800.775 107.6464996338
1515951801.8 106.6129989624
1515951802.785 106.3074951172
1515951803.795 105.6380004883
1515951804.793 105.0465011597
1515951805.786 106.3399963379
1515951806.792 105.0790023804
1515951807.786 104.2989959717
1515951808.796 103.7334976196
1515951809.789 105.3194961548
1515951810.8 105.1439971924
1515951811.781 103.4215011597
1515951812.8 101.9394989014
1515951813.778 102.7389984131
1515951814.801 103.5970001221
1515951815.781 105.8850021362
1515951816.801 106.8925018311
1515951817.791 106.2880020142
1515951818.79 105.7549972534
1515951819.796 106.5349960327
1515951820.788 86.01449584961
1515951821.802 1.332499980927
1515951822.785 0
1515951840.805 0.7799999713898
1515951841.785 1.949999928474
1515951842.807 3.899999856949
1515951843.8 7.799999713898
1515951844.798 19.5
1515951845.806 39
1515951846.788 78
1515951847.806 153.7737426758
1515951848.787 167.3229980469
1515951849.807 156.766998291
1515951850.787 103.84400177
1515951851.807 104.5849990845
1515951852.787 104.8059997559
1515951853.807 105.2999954224
1515951854.795 104.7279968262
1515951855.807 105.1309967041
1515951856.805 104.0650024414
1515951857.795 102.9469985962
1515951858.808 102.2449951172
1515951859.787 103.3759994507
1515951860.808 102.2709960938
1515951861.79 103.3369979858
1515951862.809 103.5579986572
1515951863.786 105.0530014038
1515951864.81 104.1949996948
1515951865.789 102.1019973755
1515951866.809 101.7900009155
1515951867.794 102.9469985962
1515951868.807 104.8320007324
1515951869.798 102.986000061
1515951870.802 102.4529953003
1515951871.811 103.3369979858
1515951872.791 104.4160003662
1515951873.81 103.1289978027
1515951874.793 102.986000061
1515951875.811 103.0380020142
1515951876.792 103.5319976807
1515951877.812 105.7419967651
1515951878.789 103.84400177
1515951879.811 102.8689956665
1515951880.797 102.0759963989
1515951881.81 102.9209976196
1515951882.798 103.3759994507
1515951884.808 103.4799957275
1515951886.813 103.7009963989
1515951887.789 102.9339981079
1515951888.812 102.5439987183
1515951889.792 101.6989974976
1515951890.814 102.2449951172
1515951891.792 103.3369979858
1515951892.813 103.4150009155
1515951893.8 104.3639984131
1515951894.807 103.6620025635
1515951895.803 102.3359985352
1515951896.807 101.7900009155
1515951897.807 102.4789962769
1515951898.802 102.6090011597
1515951899.814 103.0120010376
1515951900.793 102.2320022583
1515951901.815 100.1520004272
1515951902.794 100.8279953003
1515951903.816 100.9189987183
1515951904.793 100.9840011597
1515951905.816 101.5039978027
1515951906.802 100.3860015869
1515951908.811 101.2569961548
1515951909.809 101.6339950562
1515951910.81 104.7279968262
1515951911.802 106.2490005493
1515951912.81 105.625
1515951913.802 106.9249954224
1515951914.817 107.3409957886
1515951915.797 107.0029983521
1515951916.818 105.2350006104
1515951917.809 106.2099990845
1515951918.813 106.6129989624
1515951919.805 106.1969985962
1515951920.811 104.4939956665
1515951921.811 103.4929962158
1515951922.805 104.2859954834
1515951923.812 104.4680023193
1515951924.81 104.3639984131
1515951925.813 103.7529983521
1515951926.804 104.6889953613
1515951927.812 105.7159957886
1515951928.805 105.9759979248
1515951929.819 104.9359970093
1515951930.809 105.8460006714
1515951931.816 107.7699966431
1515951932.806 107.6009979248
1515951933.813 105.5469970703
1515951934.811 105.0009994507
1515951935.807 105.8199996948
1515951936.814 105.46900177
1515951937.809 106.2750015259
1515951938.817 105.0530014038
1515951939.808 104.8969955444
1515951940.815 103.5319976807
1515951941.807 102.8949966431
1515951942.819 104.2470016479
1515951943.812 105.2740020752
1515951944.818 106.2099990845
1515951945.81 106.4570007324
1515951946.817 105.4820022583
1515951948.811 105.8460006714
1515951949.819 106.4440002441
1515951950.809 106.0800018311
1515951951.817 104.9879989624
1515951952.809 103.4669952393
1515951953.818 105.1569976807
1515951954.809 104.5199966431
1515951955.819 105.7679977417
1515951956.818 105.8720016479
1515951957.823 103.9479980469
1515951958.812 103.3369979858
1515951959.821 103.4929962158
1515951960.82 103.9219970703
1515951961.813 105.93699646
1515951962.819 105.46900177
1515951963.812 104.3769989014
1515951964.82 103.7659988403
1515951965.81 105.7419967651
1515951966.82 105.2089996338
1515951967.811 103.1549987793
1515951968.821 102.5699996948
1515951969.811 102.8819961548
1515951970.821 103.3109970093
1515951971.82 103.4669952393
1515951972.82 103.3109970093
1515951973.826 102.8430023193
1515951974.815 103.1289978027
1515951975.821 102.2320022583
1515951976.815 103.3239974976
1515951977.822 104.8839950562
1515951979.826 104.0779953003
1515951980.815 103.3759994507
1515951981.824 103.3109970093
1515951982.82 103.4280014038
1515951983.817 102.8430023193
1515951984.822 101.3870010376
1515951985.816 103.6230010986
1515951986.829 104.1949996948
1515951987.82 105.6380004883
1515951988.828 105.5859985352
1515951989.817 105.0270004272
1515951990.824 104.3379974365
1515951991.819 103.1289978027
1515951992.825 101.608001709
1515951993.817 101.3219985962
1515951994.826 101.6210021973
1515951995.822 101.8160018921
1515951996.82 102.5439987183
1515951997.824 101.8679962158
1515951998.817 102.2320022583
1515951999.823 103.233001709
1515952000.819 103.1679992676
1515952002.816 102.9469985962
1515952003.828 103.6749954224
1515952004.819 103.2589950562
1515952005.827 102.4400024414
1515952006.817 103.0899963379
1515952007.828 102.7779998779
1515952008.827 102.6350021362
1515952009.821 103.2719955444
1515952010.825 103.3629989624
1515952011.821 102.4529953003
1515952012.831 101.9720001221
1515952013.822 101.9069976807
1515952014.834 103.5449981689
1515952015.817 103.7269973755
1515952016.835 103.0120010376
1515952017.82 101.9589996338
1515952018.828 101.6599960327
1515952019.828 101.9720001221
1515952020.822 102.6999969482
1515952021.828 102.2449951172
1515952022.825 102.8300018311
1515952023.83 104.922996521
1515952024.824 103.8570022583
1515952025.835 103.141998291
1515952026.82 103.4280014038
1515952027.836 103.1940002441
1515952028.813 104.3379974365
1515952029.838 102.2969970703
1515952030.816 103.388999939
1515952031.837 102.0110015869
1515952032.832 102.3099975586
1515952033.826 104.4420013428
1515952034.83 104.1689987183
1515952035.827 102.0370025635
1515952036.83 101.5299987793
1515952037.826 102.4010009766
1515952038.837 101.9589996338
1515952039.818 102.7129974365
1515952040.838 101.2569961548
1515952041.815 101.0100021362
1515952042.839 103.7139968872
1515952043.819 102.3099975586
1515952044.838 102.0889968872
1515952045.83 100.9970016479
1515952046.83 102.375
1515952047.832 102.5439987183
1515952048.826 103.5709991455
1515952049.834 104.0779953003
1515952050.828 102.68699646
1515952051.841 103.5839996338
1515952052.821 103.0510025024
1515952053.841 103.3109970093
1515952054.821 101.9850006104
1515952055.841 102.375
1515952056.828 103.6620025635
1515952057.839 104.7539978027
1515952058.825 102.4529953003
1515952059.835 102.21900177
1515952060.832 103.233001709
1515952061.829 103.84400177
1515952063.823 104.6370010376
1515952064.843 105.3259963989
1515952065.819 104.1689987183
1515952066.844 103.908996582
1515952067.82 103.5579986572
1515952068.843 103.9739990234
1515952069.827 104.2600021362
1515952070.839 102.9079971313
1515952072.837 102.4140014648
1515952073.833 103.1159973145
1515952074.837 100.7109985352
1515952075.843 102.3489990234
1515952076.832 101.0230026245
1515952077.844 100.8799972534
1515952078.828 101.4909973145
1515952079.845 101.4130020142
1515952080.828 100.5029983521
1515952081.844 102.283996582
1515952082.833 103.1289978027
1515952083.839 102.3229980469
1515952084.833 101.2439956665
1515952085.84 101.7119979858
1515952086.834 101.6210021973
1515952087.839 102.2449951172
1515952088.842 103.0899963379
1515952089.832 104.8320007324
1515952090.846 104.766998291
1515952091.826 104.3639984131
1515952092.847 103.4410018921
1515952093.833 100.8020019531
1515952094.844 101.7900009155
1515952095.835 102.5960006714
1515952096.842 101.6989974976
1515952097.833 103.1809997559
1515952099.837 103.3629989624
1515952100.841 104.0260009766
1515952102.836 104.7539978027
1515952103.847 105.7029953003
1515952104.83 102.2060012817
1515952105.849 103.6620025635
1515952106.837 104.2989959717
1515952107.843 104.7539978027
1515952108.838 103.4150009155
1515952109.842 102.7910003662
1515952110.836 103.4280014038
1515952111.844 102.6739959717
1515952112.838 102.8430023193
1515952113.843 106.0279998779
1515952114.844 105.7159957886
1515952115.837 104.3509979248
1515952116.843 102.4140014648
1515952117.836 103.5579986572
1515952118.845 103.8699951172
1515952119.847 102.5830001831
1515952120.844 103.4799957275
1515952121.841 104.9099960327
1515952122.844 104.4160003662
1515952123.839 104.9619979858
1515952124.845 104.4550018311
1515952125.843 103.8699951172
1515952126.842 104.5589981079
1515952127.848 103.6620025635
1515952128.838 104.0260009766
1515952129.846 104.9359970093
1515952130.838 103.9479980469
1515952131.842 102.5569992065
1515952132.846 102.7519989014
1515952133.84 103.1940002441
1515952134.846 104.4809951782
1515952135.846 105.3649978638
1515952136.841 103.6490020752
1515952137.846 103.4929962158
1515952138.846 103.9869995117
1515952139.84 103.908996582
1515952140.848 104.0130004883
1515952141.839 104.3509979248
1515952142.849 106.2099990845
1515952143.849 107.7959976196
1515952144.843 105.5079956055
1515952145.847 102.7649993896
1515952146.843 101.5820007324
1515952147.85 102.375
1515952148.842 104.8969955444
1515952149.85 106.0019989014
1515952150.848 104.1169967651
1515952151.851 103.6360015869
1515952152.843 103.5319976807
1515952153.85 104.8710021973
1515952154.849 105.3649978638
1515952155.85 105.6119995117
1515952156.848 106.2490005493
1515952157.843 106.6129989624
1515952158.851 105.6119995117
1515952159.843 105.2089996338
1515952160.85 104.7539978027
1515952161.844 105.8720016479
1515952162.851 105.3259963989
1515952164.856 106.8079986572
1515952165.843 105.4820022583
1515952166.851 103.8959960938
1515952167.85 105.0270004272
1515952169.852 103.6490020752
1515952170.847 104.5849990845
1515952173.852 105.533996582
1515952174.848 104.9099960327
1515952175.852 104.1429977417
1515952176.845 104.6889953613
1515952177.86 106.4309997559
1515952178.841 106.6910018921
1515952179.859 109.4079971313
1515952180.854 107.40599823
1515952181.849 107.3150024414
1515952182.856 107.5489959717
1515952183.85 107.0680007935
1515952184.856 106.1839981079
1515952185.848 107.1329956055
1515952186.855 106.0279998779
1515952187.851 107.3020019531
1515952188.856 108.4329986572
1515952189.848 107.7180023193
1515952190.862 107.8479995728
1515952191.846 106.0540008545
1515952192.86 104.5199966431
1515952193.85 104.4290008545
1515952194.856 106.483001709
1515952195.856 107.1199951172
1515952196.851 106.9249954224
1515952197.858 107.3020019531
1515952198.85 107.2239990234
1515952199.859 106.0149993896
1515952200.848 107.7309951782
1515952201.862 107.2760009766
1515952202.854 108.1469955444
1515952203.864 107.9389953613
1515952204.852 106.7819976807
1515952205.858 106.8860015869
1515952206.852 107.4580001831
1515952207.858 108.0429992676
1515952208.853 106.4049987793
1515952209.859 107.6529998779
1515952210.856 108.5110015869
1515952211.858 106.5349960327
1515952212.861 106.1449966431
1515952213.854 108.2379989624
1515952214.864 107.25
1515952215.85 108.3419952393
1515952216.867 109.9150009155
1515952217.855 110.2659988403
1515952218.86 109.4729995728
1515952219.855 108.6279983521
1515952220.861 108.7969970703
1515952221.855 106.9509963989
1515952222.861 107.2369995117
1515952223.855 108.016998291
1515952224.863 108.8619995117
1515952225.859 109.2259979248
1515952226.859 108.172996521
1515952227.868 107.25
1515952228.854 106.4179992676
1515952229.865 107.4970016479
1515952230.858 107.0159988403
1515952231.863 107.7959976196
1515952232.857 106.6520004272
1515952233.863 106.4700012207
1515952234.857 107.1070022583
1515952235.862 108.5240020752
1515952236.855 109.6549987793
1515952237.865 108.4199981689
1515952238.855 108.7320022583
1515952239.864 108.6539993286
1515952240.865 106.8079986572
1515952241.867 107.9260025024
1515952242.865 108.6539993286
1515952243.861 108.9140014648
1515952244.864 109.5899963379
1515952245.859 108.4589996338
1515952247.859 107.7180023193
1515952248.865 108.3939971924
1515952249.859 109.0439987183
1515952250.868 109.6029968262
1515952251.86 108.5110015869
1515952252.866 107.0029983521
1515952253.866 108.875
1515952254.869 109.7070007324
1515952255.86 108.6019973755
1515952256.867 108.8489990234
1515952257.864 109.1999969482
1515952258.865 109.4599990845
1515952259.867 110.1620025635
1515952260.862 110.3829956055
1515952261.867 107.5749969482
1515952262.861 107.4189987183
1515952263.868 105.9239959717
1515952264.861 106.483001709
1515952265.872 108.2249984741
1515952266.861 110.8769989014
1515952267.871 111.0199966431
1515952268.862 107.7050018311
1515952269.872 107.0289993286
1515952270.864 106.638999939
1515952271.872 107.2760009766
1515952272.869 108.5110015869
1515952273.872 108.9010009766
1515952274.87 108.1210021973
1515952275.864 108.6019973755
1515952276.869 109.3559951782
1515952277.872 108.2379989624
1515952278.875 108.5110015869
1515952279.865 109.1739959717
1515952280.874 108.3290023804
1515952281.864 108.5889968872
1515952282.873 109.2519989014
1515952283.864 109.3430023193
1515952284.874 109.6940002441
1515952285.865 110.0709991455
1515952287.871 108.5629959106
1515952288.865 107.4319992065
1515952289.871 107.7829971313
1515952290.865 107.1849975586
1515952291.88 108.4720001221
1515952292.867 107.9649963379
1515952293.876 106.9639968872
1515952294.867 106.0540008545
1515952295.875 108.5110015869
1515952296.866 109.2779998779
1515952297.876 106.9899978638
1515952298.866 107.1199951172
1515952299.876 106.8339996338
1515952300.867 107.6790008545
1515952302.881 107.3150024414
1515952303.866 107.5359954834
1515952304.883 108.9400024414
1515952305.872 108.5240020752
1515952306.882 107.3799972534
1515952307.87 106.5739974976
1515952308.878 106.9120025635
1515952309.868 105.6119995117
1515952310.878 107.3799972534
1515952311.868 109.6549987793
1515952312.879 108.3030014038
1515952313.869 108.0690002441
1515952314.88 107.6920013428
1515952315.878 108.5499954224
1515952317.885 106.4960021973
1515952319.881 107.1719970703
1515952320.873 106.3529968262
1515952321.881 106.9509963989
1515952322.871 106.7169952393
1515952324.874 107.1329956055
1515952325.882 107.5749969482
1515952326.878 106.638999939
1515952327.874 105.6510009766
1515952328.881 105.1179962158
1515952329.88 105.8590011597
1515952330.876 106.1449966431
1515952331.88 104.3639984131
1515952333.878 106.638999939
1515952334.883 105.533996582
1515952335.875 104.9749984741
1515952336.883 105.2740020752
1515952337.874 104.4809951782
1515952338.884 105.7419967651
1515952339.882 107.1199951172
1515952340.877 106.236000061
1515952341.885 105.1569976807
1515952342.882 103.4929962158
1515952343.878 104.7149963379
1515952344.883 106.3010025024
1515952345.875 106.0670013428
1515952346.885 105.4820022583
1515952347.881 104.5849990845
1515952348.88 104.2340011597
1515952350.882 103.9219970703
1515952351.884 105.4039993286
1515952352.886 106.3399963379
1515952353.881 106.4700012207
1515952354.884 108.0950012207
1515952355.886 106.8990020752
1515952356.879 106.5089950562
1515952357.887 105.6119995117
1515952358.884 106.0670013428
1515952359.885 108.7449951172
1515952360.887 107.1459960938
1515952361.88 107.6269989014
1515952362.887 107.0029983521
1515952363.888 104.4290008545
1515952364.881 104.1299972534
1515952365.887 105.4169998169
1515952366.887 106.5609970093
1515952367.885 106.7429962158
1515952368.889 105.8590011597
1515952370.889 106.7819976807
1515952371.88 106.6910018921
1515952372.888 105.5209960938
1515952373.891 105.9629974365
1515952374.883 106.4440002441
1515952375.889 107.3929977417
1515952376.89 107.0550003052
1515952377.882 106.236000061
1515952378.89 105.5859985352
1515952379.889 105.4300003052
1515952380.885 106.483001709
1515952381.889 106.391998291
1515952382.884 106.5869979858
1515952383.889 107.6790008545
1515952384.885 106.9379959106
1515952385.889 108.0039978027
1515952387.89 106.9249954224
1515952388.889 106.5089950562
1515952389.893 106.3010025024
1515952390.889 106.9509963989
1515952391.888 107.4970016479
1515952392.892 107.3799972534
1515952394.892 105.7159957886
1515952395.886 106.3399963379
1515952396.892 104.1299972534
1515952397.888 104.9879989624
1515952399.886 105.4169998169
1515952400.9 106.0410003662
1515952401.88 104.922996521
1515952402.9 105.5989990234
1515952403.891 107.1199951172
1515952404.887 107.4580001831
1515952405.893 105.6510009766
1515952406.887 106.4049987793
1515952407.893 107.4449996948
1515952408.89 108.3679962158
1515952409.893 107.9519958496
1515952410.887 108.0820007324
1515952411.893 108.2770004272
1515952412.886 109.4599990845
1515952413.901 110.5130004883
1515952414.881 109.5250015259
1515952415.902 107.5749969482
1515952416.893 106.4309997559
1515952417.896 107.7829971313
1515952418.894 107.3020019531
1515952420.894 106.6259994507
1515952421.891 108.0429992676
1515952422.894 108.5629959106
1515952423.89 108.6669998169
1515952424.903 108.2249984741
1515952425.884 107.5229949951
1515952426.902 107.9130020142
1515952427.88 73.48899841309
1515952428.904 0
1515952459.903 0.5697640180588
1515952460.896 1.949999928474
1515952461.902 3.899999856949
1515952462.898 7.799999713898
1515952463.907 19.5
1515952464.897 39
1515952465.91 78
1515952466.897 146.9097442627
1515952467.904 161.7460021973
1515952468.898 148.5899963379
1515952469.903 98.65699768066
1515952470.903 99.38500213623
1515952471.897 99.65799713135
1515952472.903 99.22899627686
1515952473.902 101.4130020142
1515952474.904 101.0749969482
1515952475.901 101.8030014038
1515952476.913 100.3339996338
1515952477.894 100.8150024414
1515952478.912 99.77500152588
1515952479.9 105.5469970703
1515952480.909 107.7959976196
1515952481.902 24.32299995422
1515952482.908 0
1515952510.912 1.949999928474
1515952511.908 3.899999856949
1515952512.909 7.799999713898
1515952513.91 19.5
1515952514.906 39
1515952515.919 78
1515952516.907 147.15675354
1515952517.912 160.9725036621
1515952518.906 148.421005249
1515952519.913 98.76100158691
1515952520.904 99.81399536133
1515952522.908 99.60599517822
1515952523.916 100.3730010986
1515952524.911 103.8570022583
1515952526.911 101.9980010986
1515952527.906 101.9069976807
1515952528.921 101.1139984131
1515952529.907 100.3079986572
1515952530.916 105.0790023804
1515952531.909 108.263999939
1515952532.916 109.5639953613
1515952533.907 104.1949996948
1515952534.918 103.1289978027
1515952535.907 101.8160018921
1515952536.919 107.6139984131
1515952537.915 108.783996582
1515952538.916 110.5130004883
1515952539.915 106.7689971924
1515952540.913 101.516998291
1515952541.923 101.9069976807
1515952542.91 108.7320022583
1515952543.917 116.5579986572
1515952544.909 115.0499954224
1515952545.918 110.9290008545
1515952546.91 99.17700195312
1515952547.919 101.2569961548
1515952548.91 102.3229980469
1515952549.917 102.6480026245
1515952550.911 102.8819961548
1515952551.92 103.9219970703
1515952552.918 103.7139968872
1515952553.923 103.4540023804
1515952554.917 103.8829956055
1515952555.912 104.1429977417
1515952556.918 102.7389984131
1515952557.911 101.608001709
1515952558.92 103.9739990234
1515952559.912 103.2070007324
1515952560.921 102.6480026245
1515952561.914 105.4820022583
1515952562.92 107.0289993286
1515952563.913 106.6910018921
1515952564.921 106.9120025635
1515952565.914 107.7569961548
1515952566.927 108.1469955444
1515952567.916 106.3269958496
1515952568.919 105.0009994507
1515952569.923 105.3519973755
1515952570.914 104.5199966431
1515952571.923 104.4029998779
1515952572.916 106.4440002441
1515952573.925 106.6259994507
1515952574.916 106.2229995728
1515952575.924 105.1569976807
1515952576.915 104.8839950562
1515952577.921 105.5859985352
1515952578.918 104.3639984131
1515952579.93 105.2610015869
1515952580.922 105.5989990234
1515952581.921 107.6920013428
1515952582.917 106.4179992676
1515952583.923 105.7159957886
1515952584.923 106.7559967041
1515952585.919 105.93699646
1515952586.924 106.5609970093
1515952587.917 107.40599823
1515952588.923 107.6139984131
1515952589.918 106.638999939
1515952590.924 105.1569976807
1515952591.918 107.1459960938
1515952592.929 104.3379974365
1515952593.924 106.4570007324
1515952594.925 107.2239990234
1515952595.92 105.6640014648
1515952596.927 102.986000061
1515952597.925 104.3509979248
1515952598.922 103.4540023804
1515952599.929 104.858001709
1515952600.919 106.4179992676
1515952601.927 107.1459960938
1515952602.92 105.7289962769
1515952603.927 105.9759979248
1515952604.92 106.8339996338
1515952605.934 106.1449966431
1515952606.927 107.0419998169
1515952607.929 107.6009979248
1515952608.92 106.8470001221
1515952609.929 106.3529968262
1515952610.922 106.0410003662
1515952611.928 110.6689987183
1515952612.93 112.3720016479
1515952613.921 111.2799987793
1515952614.929 110.9550018311
1515952615.921 109.2779998779
1515952616.932 109.0569992065
1515952617.926 107.861000061
1515952618.932 108.4850006104
1515952619.932 109.9799957275
1515952620.93 110.5909957886
1515952621.928 114.4779968262
1515952622.931 115.4400024414
1515952623.926 113.2559967041
1515952624.93 109.3949966431
1515952625.926 108.7449951172
1515952626.93 109.8109970093
1515952627.93 118.9109954834
1515952628.927 120.2109985352
1515952629.933 119.5739974976
1515952630.928 105.4430007935
1515952631.933 100.75
1515952632.932 101.2569961548
1515952633.93 43.41999816895
1515952634.929 0
1515952693.941 0.7799999713898
1515952694.935 1.949999928474
1515952695.94 3.899999856949
1515952696.939 7.799999713898
1515952697.947 19.5
1515952698.943 39
1515952699.941 78
1515952700.942 148.0245056152
1515952701.942 158.8404998779
1515952702.943 150.8520050049
1515952703.94 87.50299835205
1515952704.943 2.5609998703
1515952705.936 0
1515952740.944 0.7799999713898
1515952741.949 1.949999928474
1515952742.945 3.899999856949
1515952743.949 7.799999713898
1515952744.944 19.5
1515952745.949 39
1515952746.945 78
1515952747.956 150.5042419434
1515952748.946 163.0979919434
1515952749.956 152.3860015869
1515952750.949 101.3349990845
1515952751.948 102.0370025635
1515952752.951 101.4649963379
1515952753.946 103.5709991455
1515952754.952 102.9599990845
1515952755.948 101.3219985962
1515952756.951 102.3099975586
1515952757.946 108.2119979858
1515952758.951 109.6549987793
1515952759.945 109.888999939
1515952760.959 102.1800003052
1515952761.949 101.2959976196
1515952762.958 102.3099975586
1515952763.954 113.7109985352
1515952764.954 111.9300003052
1515952765.954 113.7630004883
1515952766.95 104.858001709
1515952767.952 102.4789962769
1515952768.951 101.8939971924
1515952769.954 110.9939956665
1515952770.949 118.0919952393
1515952771.955 118.3129959106
1515952772.949 111.5790023804
1515952773.96 101.2699966431
1515952774.947 99.94400024414
1515952775.96 109.2129974365
1515952776.949 128.3619995117
1515952777.956 129.0249938965
1515952778.955 124.2799987793
1515952779.952 102.4659957886
1515952780.955 99.83999633789
1515952781.95 102.4919967651
1515952782.957 133.9909973145
1515952783.949 32.56499862671
1515952784.958 0
1515952874.964 0.7799999713898
1515952875.979 1.949999928474
1515952876.965 3.899999856949
1515952877.975 7.799999713898
1515952878.97 19.5
1515952879.973 39
1515952880.967 78
1515952881.973 156.7604980469
1515952882.968 169.6239929199
1515952883.972 157.7030029297
1515952884.973 106.5349960327
1515952885.966 105.2350006104
1515952886.975 105.8979949951
1515952887.976 110.7859954834
1515952888.976 111.513999939
1515952889.969 111.3450012207
1515952890.975 106.4309997559
1515952892.975 106.5089950562
1515952893.974 112.9440002441
1515952894.978 115.7519989014
1515952895.97 114.2699966431
1515952896.976 108.6019973755
1515952897.978 107.0159988403
1515952898.972 106.8079986572
1515952899.979 110.5
1515952900.98 116.1679992676
1515952901.969 118.4300003052
1515952902.979 113.3339996338
1515952903.978 106.1449966431
1515952904.97 105.0790023804
1515952905.977 111.9039993286
1515952906.971 127.6599960327
1515952907.98 126.9319992065
1515952908.973 123.0970001221
1515952909.978 106.6129989624
1515952910.978 105.5729980469
1515952911.975 106.1449966431
1515952912.981 128.9989929199
1515952913.982 132.0149993896
1515952914.973 131.9239959717
1515952915.981 109.0830001831
1515952916.978 105.7679977417
1515952917.981 106.4309997559
1515952918.981 128.5310058594
1515952919.974 133.8869934082
1515952920.981 133.6399993896
1515952921.974 114.0229949951
1515952922.981 104.9489974976
1515952923.975 106.0540008545
1515952924.984 124.6049957275
1515952925.982 143.4550018311
1515952926.983 70.75900268555
1515952927.973 0
1515952994.992 0.7799999713898
1515952995.989 1.949999928474
1515952996.991 3.899999856949
1515952997.994 7.799999713898
1515952998.993 19.5
1515952999.99 39
1515953000.995 78
1515953001.988 156.0845031738
1515953002.996 168.7464904785
1515953003.991 159.0159912109
1515953004.998 104.0260009766
1515953005.993 103.908996582
1515953006.995 104.6630020142
1515953008.995 105.533996582
1515953009.995 106.3789978027
1515953011.996 106.4440002441
1515953012.989 105.3519973755
1515953013.996 104.7019958496
1515953014.993 105.5209960938
1515953015.997 107.5749969482
1515953016.99 106.9120025635
1515953017.997 106.5869979858
1515953018.992 108.4980010986
1515953019.997 109.1090011597
1515953020.998 105.9759979248
1515953022 104.9619979858
1515953022.993 106.1059951782
1515953023.998 105.7159957886
1515953024.997 105.4430007935
1515953025.998 107.0550003052
1515953026.998 112.5410003662
1515953027.991 113.3339996338
1515953028.999 117.8450012207
1515953029.993 121.1859970093
1515953030.999 120.9519958496
1515953031.994 121.3549957275
1515953032.998 122.4990005493
1515953034.001 123.9680023193
1515953035 126.0349960327
1515953035.995 125.6189956665
1515953037.002 123.6039962769
1515953037.994 121.875
1515953039.006 121.5369949341
1515953039.995 121.0299987793
1515953041.002 120.9519958496
1515953042.001 122.0439987183
1515953042.998 122.1479949951
1515953044.001 126.8799972534
1515953044.997 127.1009979248
1515953046.001 127.8419952393
1515953047.004 126.9580001831
1515953048.002 126.0999984741
1515953048.998 127.5559997559
1515953050.001 130.5330047607
1515953050.996 129.1289978027
1515953052.004 129.2200012207
1515953052.998 130.3769989014
1515953054.006 131.1959991455
1515953055.001 134.4720001221
1515953056 134.6150054932
1515953057.003 134.3159942627
1515953059.003 135.0829925537
1515953060.006 135.5769958496
1515953061.007 135.3300018311
1515953061.999 132.5870056152
1515953063.006 131.3650054932
1515953063.998 134.1210021973
1515953065.005 132.5480041504
1515953066.001 130.7929992676
1515953067.007 131.6770019531
1515953068.007 131.1959991455
1515953069.001 132.0540008545
1515953070.006 133.158996582
1515953071 132.4570007324
1515953072.005 133.4839935303
1515953073.005 133.341003418
1515953075 135.4080047607
1515953076.009 134.0820007324
1515953077.003 132.9120025635
1515953078.004 132.7949981689
1515953079.008 133.2109985352
1515953080.001 134.199005127
1515953081.008 135.0699920654
1515953082.002 135.3950042725
1515953083.008 135.1349945068
1515953084.002 133.6009979248
1515953085.008 133.6920013428
1515953086.009 134.8359985352
1515953087.009 135.9929962158
1515953088.004 135.0310058594
1515953089.01 132.7949981689
1515953090.009 132.1580047607
1515953091.005 133.6269989014
1515953092.011 134.9140014648
1515953093.004 134.1600036621
1515953094.011 132.7429962158
1515953095.004 132.2619934082
1515953096.01 133.56199646
1515953097.005 135.2129974365
1515953098.009 135.3950042725
1515953099.012 135.5249938965
1515953100.012 135.6159973145
1515953101.017 135.2519989014
1515953102.013 136.3959960938
1515953103.013 135.4469909668
1515953104.008 134.9140014648
1515953105.011 135.9409942627
1515953106.006 137.487991333
1515953107.013 137.5919952393
1515953108.004 136.81199646
1515953109.013 134.7449951172
1515953110.013 133.1849975586
1515953111.006 135.0569915771
1515953112.02 137.5529937744
1515953112.999 136.5520019531
1515953114.02 136.0579986572
1515953115.005 135.6940002441
1515953116.015 119.0930023193
1515953117.007 4.705999851227
1515953118.015 0
1515953142.018 1.949999928474
1515953143.013 3.899999856949
1515953144.019 7.799999713898
1515953145.011 19.5
1515953146.019 39
1515953147.018 78
1515953148.011 179.6730041504
1515953149.026 219.2319946289
1515953150.006 202.1109924316
1515953151.027 134.966003418
1515953152.013 136.5780029297
1515953153.02 136.2010040283
1515953154.014 135.5249938965
1515953155.021 134.3939971924
1515953156.014 133.2109985352
1515953157.022 134.3939971924
1515953158.015 135.9929962158
1515953159.017 125.6839981079
1515953160.028 8.762000083923
1515953161.009 0
1515953740.121 1.949999928474
1515953741.115 3.899999856949
1515953742.12 7.799999713898
1515953743.114 19.5
1515953744.128 39
1515953745.113 78
1515953746.13 172.0322418213
1515953747.107 195.0780029297
1515953748.13 182.7279968262
1515953749.118 121.9140014648
1515953750.122 121.6539993286
1515953751.123 121.9919967651
1515953752.115 121.783996582
1515953753.122 121.5759963989
1515953754.117 122.3040008545
1515953755.126 123.9290008545
1515953756.12 123.3310012817
1515953757.128 120.3150024414
1515953758.118 121.0820007324
1515953759.132 121.2119979858
1515953760.117 120.6920013428
1515953761.126 121.1989974976
1515953762.121 121.3939971924
1515953763.125 119.7949981689
1515953764.123 119.5089950562
1515953765.121 119.0540008545
1515953766.127 121.2379989624
1515953767.121 121.8099975586
1515953768.125 123.7729949951
1515953769.118 123.3570022583
1515953770.126 122.3689956665
1515953771.121 123.5
1515953772.13 121.9919967651
1515953773.122 123.1100006104
1515953774.128 123.3570022583
1515953775.119 123.8249969482
1515953776.127 124.8649978638
1515953777.128 124.266998291
1515953778.128 124.4749984741
1515953779.129 123.9680023193
1515953780.122 123.3180007935
1515953781.131 124.0329971313
1515953782.121 124.7610015869
1515953783.132 126.2299957275
1515953784.123 125.6579971313
1515953785.128 125.891998291
1515953786.129 125.5930023193
1515953787.131 124.8129959106
1515953788.125 126.5029983521
1515953789.129 125.9700012207
1515953790.123 126.6979980469
1515953791.128 126.5810012817
1515953792.13 126.047996521
1515953793.122 126.7109985352
1515953794.132 125.1119995117
1515953795.123 122.9410018921
1515953796.131 123.34400177
1515953797.124 122.2910003662
1515953798.132 121.0429992676
1515953800.127 119.0019989014
1515953801.131 116.9479980469
1515953802.133 119.9119949341
1515953803.126 121.8359985352
1515953804.133 122.0569992065
1515953805.132 122.2259979248
1515953806.125 122.3040008545
1515953807.133 121.939994812
1515953808.124 122.2259979248
1515953809.134 122.9929962158
1515953810.127 122.4469985962
1515953811.134 122.1999969482
1515953813.131 122.5639953613
1515953814.133 123.3050003052
1515953815.133 121.875
1515953816.128 120.7959976196
1515953817.138 119.9639968872
1515953818.135 120.9649963379
1515953819.128 120.5879974365
1515953820.138 120.7439956665
1515953821.128 121.5240020752
1515953822.137 120.6790008545
1515953823.13 118.7419967651
1515953824.135 119.7949981689
1515953825.135 120.1849975586
1515953826.128 121.1989974976
1515953827.136 120.8870010376
1515953828.131 121.3809967041
1515953829.135 121.0950012207
1515953830.137 122.18699646
1515953831.136 122.4339981079
1515953832.137 122.9020004272
1515953833.137 122.1090011597
1515953834.129 121.3549957275
1515953835.137 120.9779968262
1515953836.133 120.8089981079
1515953837.135 119.7689971924
1515953838.137 118.2480010986
1515953839.133 117.4160003662
1515953840.138 117.8969955444
1515953841.131 116.4540023804
1515953842.138 120.0680007935
1515953843.135 122.486000061
1515953844.137 119.9509963989
1515953845.139 124.0719985962
1515953846.142 127.0100021362
1515953847.132 127.0879974365
1515953848.14 125.8269958496
1515953849.139 125.736000061
1515953850.137 125.5279998779
1515953851.139 126.4119949341
1515953852.135 126.8279953003
1515953853.14 126.5419998169
1515953854.132 126.4249954224
1515953855.139 122.8629989624
1515953856.138 121.9659957886
1515953857.14 120.861000061
1515953858.141 121.1859970093
1515953860.138 119.6650009155
1515953861.144 117.9879989624
1515953862.143 118.8850021362
1515953863.136 119.9249954224
1515953864.143 118.7939987183
1515953865.135 123.0709991455
1515953866.142 125.8659973145
1515953867.136 125.7490005493
1515953868.144 124.4879989624
1515953869.133 125.3979949951
1515953870.142 125.0079956055
1515953871.137 123.8899993896
1515953872.144 125.3069992065
1515953873.139 125.2549972534
1515953874.149 126.0609970093
1515953875.144 125.9179992676
1515953876.137 125.0079956055
1515953877.144 123.1100006104
1515953878.137 124.1370010376
1515953879.144 124.0329971313
1515953880.141 124.7220001221
1515953881.145 126.3730010986
1515953882.135 125.736000061
1515953883.144 124.7999954224
1515953884.138 124.5790023804
1515953885.148 125.1380004883
1515953886.146 124.8389968872
1515953887.146 125.7490005493
1515953888.143 125.800994873
1515953889.148 124.3190002441
1515953890.145 125.8659973145
1515953891.14 126.90599823
1515953892.146 126.1129989624
1515953893.143 125.6059951782
1515953895.139 126.5550003052
1515953896.146 126.1259994507
1515953897.14 125.7620010376
1515953898.147 127.1269989014
1515953899.147 125.6969985962
1515953902.148 125.8659973145
1515953903.141 125.6969985962
1515953904.148 125.7750015259
1515953905.147 125.2029953003
1515953906.141 126.2949981689
1515953907.149 126.0869979858
1515953908.14 127.3349990845
1515953909.148 128.1409912109
1515953910.141 127.1399993896
1515953911.15 126.9189987183
1515953912.149 128.06300354
1515953913.151 127.3089981079
1515953914.148 127.0229949951
1515953916.143 126.3990020752
1515953917.152 126.6070022583
1515953918.146 127.4909973145
1515953919.148 126.8669967651
1515953920.151 128.5050048828
1515953921.148 129.1679992676
1515953922.15 129.6100006104
1515953923.145 130.8450012207
1515953924.151 129.6620025635
1515953925.153 128.3619995117
1515953926.151 128.6219940186
1515953927.147 128.5569915771
1515953928.154 128.2189941406
1515953929.145 128.921005249
1515953930.154 130.1040039062
1515953931.147 132.171005249
1515953932.153 130.9100036621
1515953933.151 128.8300018311
1515953934.147 128.4140014648
1515953935.152 129.0639953613
1515953936.152 129.8959960938
1515953937.149 129.233001709
1515953938.154 128.0110015869
1515953939.154 127.7249984741
1515953940.148 126.658996582
1515953941.155 126.4639968872
1515953942.149 126.814994812
1515953943.156 128.68699646
1515953944.147 129.0769958496
1515953945.155 129.7919921875
1515953946.149 129.9219970703
1515953947.155 129.233001709
1515953948.154 128.9080047607
1515953949.156 129.3110046387
1515953950.148 128.6349945068
1515953951.156 127.828994751
1515953952.155 128.7389984131
1515953953.153 129.7789916992
1515953954.157 130.5330047607
1515953955.155 130.1560058594
1515953957.152 131.7810058594
1515953958.159 132.1969909668
1515953959.152 131.716003418
1515953960.165 130.0650024414
1515953961.149 131.1569976807
1515953962.166 132.2749938965
1515953963.151 132.6000061035
1515953964.162 133.7830047607
1515953965.154 134.6799926758
1515953966.156 136.3829956055
1515953967.158 137.266998291
1515953968.151 138.8659973145
1515953969.158 140.3739929199
1515953970.154 139.4510040283
1515953971.16 140.1399993896
1515953972.154 139.2299957275
1515953973.167 140.296005249
1515953974.146 138.7229919434
1515953975.168 137.9819946289
1515953976.149 139.7239990234
1515953977.168 137.175994873
1515953978.156 136.720993042
1515953979.163 137.9429931641
1515953980.161 139.7890014648
1515953981.157 139.9189910889
1515953982.163 140.8159942627
1515953983.155 142.1549987793
1515953984.162 140.9850006104
1515953985.154 140.3609924316
1515953986.169 141.8040008545
1515953988.171 141.9729919434
1515953989.148 140.6470031738
1515953990.17 142.6490020752
1515953991.151 143.4420013428
1515953992.17 142.8959960938
1515953993.163 30.35499954224
1515953994.158 0
1515954007.159 0.7799999713898
1515954008.172 1.949999928474
1515954009.153 3.899999856949
1515954010.175 7.799999713898
1515954011.155 19.5
1515954012.175 39
1515954013.154 78
1515954014.175 181.5287475586
1515954015.152 223.0605010986
1515954016.175 211.1069946289
1515954017.168 141.2319946289
1515954018.162 140.9850006104
1515954019.174 141.0890045166
1515954020.154 143.2599945068
1515954021.174 146.8219909668
1515954022.156 148.4599914551
1515954023.176 146.6660003662
1515954024.158 146.7570037842
1515954025.177 148.2519989014
1515954027.178 146.0549926758
1515954028.156 150.6439971924
1515954029.177 148.421005249
1515954030.168 146.3540039062
1515954031.168 147.3029937744
1515954032.172 149.0319976807
1515954033.161 149.4219970703
1515954034.175 152.0610046387
1515954035.157 153.2180023193
1515954036.178 153.4389953613
1515954037.157 151.2420043945
1515954038.178 152.7630004883
1515954040.179 154.1799926758
1515954041.154 154.0890045166
1515954042.178 153.6730041504
1515954043.172 155.0899963379
1515954044.171 155.2980041504
1515954045.178 155.8569946289
1515954046.159 44.62899780273
1515954047.179 0
1515954070.172 0.7799999713898
1515954071.182 1.949999928474
1515954072.162 3.899999856949
1515954073.184 7.799999713898
1515954074.162 19.5
1515954075.185 39
1515954076.163 78
1515954077.185 190.1965026855
1515954078.166 245.1149902344
1515954079.186 229.1510009766
1515954080.173 152.3990020752
1515954081.18 153.737991333
1515954082.179 151.9570007324
1515954083.172 152.5549926758
1515954084.186 152.75
1515954085.165 155.5579986572
1515954086.186 156.1560058594
1515954087.166 155.4149932861
1515954088.186 154.0890045166
1515954089.163 153.7120056152
1515954090.187 151.9179992676
1515954091.164 152.841003418
1515954092.187 151.983001709
1515954093.175 150.5399932861
1515954094.184 151.7229919434
1515954095.181 151.0209960938
1515954096.176 151.4759979248
1515954097.182 153.0229949951
1515954098.173 151.033996582
1515954100.167 151.2939910889
1515954101.188 150.266998291
1515954102.167 153.5690002441
1515954103.189 152.1649932861
1515954104.171 151.9700012207
1515954105.188 153.9850006104
1515954106.174 157.5729980469
1515954107.185 159.4579925537
1515954108.185 161.3950042725
1515954109.177 151.7879943848
1515954110.19 11.46599960327
1515954111.168 0
1515954125.193 1.949999928474
1515954126.17 3.899999856949
1515954127.193 7.799999713898
1515954128.179 9.830274581909
1515954129.189 0
1515954145.19 0.7799999713898
1515954146.184 1.949999928474
1515954147.197 3.899999856949
1515954148.179 7.799999713898
1515954149.196 19.5
1515954150.175 39
1515954151.198 78
1515954152.176 191.1909942627
1515954153.197 248.2870025635
1515954154.183 228.9299926758
1515954155.196 154.4790039062
1515954156.184 154.2059936523
1515954157.192 153.8029937744
1515954158.192 154.0240020752
1515954159.185 155.4019927979
1515954160.198 156.5070037842
1515954161.178 155.5839996338
1515954162.199 154.6739959717
1515954163.177 152.7760009766
1515954164.198 153.1790008545
1515954165.177 153.3739929199
1515954166.199 154.2709960938
1515954167.184 153.4649963379
1515954168.199 152.7109985352
1515954169.185 154.2709960938
1515954170.195 154.4270019531
1515954171.194 155.0639953613
1515954172.187 153.8029937744
1515954173.194 155.050994873
1515954174.188 155.4019927979
1515954175.201 149.2659912109
1515954176.183 15.71700000763
1515954177.202 0
1515954207.203 0.7799999713898
1515954208.192 1.949999928474
1515954209.198 3.899999856949
1515954210.202 7.799999713898
1515954211.192 19.5
1515954212.2 39
1515954213.194 78
1515954214.201 189.4684906006
1515954215.189 246.2525024414
1515954216.208 231.2310028076
1515954217.188 155.453994751
1515954218.208 153.3609924316
1515954219.193 153.0489959717
1515954220.205 155.5970001221
1515954221.194 158.5350036621
1515954222.203 158.9120025635
1515954223.203 157.5859985352
1515954224.196 154.4790039062
1515954225.204 153.2310028076
1515954226.195 156.766998291
1515954228.194 155.7529907227
1515954229.209 154.5050048828
1515954230.191 154.1539916992
1515954231.211 152.9449920654
1515954232.196 154.3489990234
1515954233.204 154.2969970703
1515954234.195 154.6739959717
1515954235.206 156.2859954834
1515954236.206 156.1949920654
1515954237.197 155.5709991455
1515954238.204 155.7789916992
1515954239.197 156.4029998779
1515954240.204 156.6499938965
1515954241.2 155.7010040283
1515954242.206 35.45100021362
1515954243.198 0
1515954258.202 0.7799999713898
1515954259.21 1.949999928474
1515954260.207 3.899999856949
1515954261.204 7.799999713898
1515954262.207 19.5
1515954263.203 39
1515954264.209 78
1515954265.205 190.3882446289
1515954266.212 246.6295013428
1515954267.201 93.02799987793
1515954268.21 0
1515954281.219 0.7799999713898
1515954282.206 1.949999928474
1515954283.214 3.899999856949
1515954284.212 7.799999713898
1515954285.206 19.5
1515954286.214 39
1515954287.208 78
1515954288.213 188.9842529297
1515954289.209 243.4055023193
1515954290.213 229.4889984131
1515954291.209 153.3869934082
1515954293.21 154.8560028076
1515954294.217 124.3190002441
1515954295.215 1.625
1515954296.214 0
1515954317.211 0.7799999713898
1515954318.224 1.949999928474
1515954319.211 3.899999856949
1515954320.22 7.799999713898
1515954321.22 19.5
1515954322.213 39
1515954323.219 72.26180267334
1515954324.212 0
1515954342.228 0.7799999713898
1515954343.217 1.949999928474
1515954344.223 3.899999856949
1515954345.222 7.799999713898
1515954346.217 19.5
1515954347.224 39
1515954348.215 78
1515954349.223 179.2180023193
1515954350.218 221.4875030518
1515954351.224 210.8600006104
1515954352.217 140.4779968262
1515954353.226 140.2700042725
1515954354.221 139.3600006104
1515954355.226 139.9579925537
1515954356.218 140.9980010986
1515954357.224 140.0359954834
1515954358.223 140.5299987793
1515954359.216 139.6979980469
1515954360.226 138.4239959717
1515954361.216 139.9579925537
1515954362.225 139.5289916992
1515954363.221 139.1909942627
1515954364.225 139.4640045166
1515954365.228 139.8280029297
1515954366.223 140.1920013428
1515954367.227 139.5159912109
1515954368.219 138.43699646
1515954369.231 138.9309997559
1515954370.223 137.6699981689
1515954371.231 136.9940032959
1515954372.219 139.4250030518
1515954374.22 137.6309967041
1515954375.227 136.8639984131
1515954376.223 137.0200042725
1515954377.228 138.4889984131
1515954378.227 141.7519989014
1515954379.223 146.3280029297
1515954380.226 146.7830047607
1515954381.222 145.8470001221
1515954382.233 146.4449920654
1515954383.227 147.2639923096
1515954384.23 146.925994873
1515954385.223 146.0289916992
1515954386.23 146.7050018311
1515954388.231 144.5599975586
1515954389.23 143.766998291
1515954390.23 145.1580047607
1515954391.229 146.8869934082
1515954392.224 145.5090026855
1515954393.228 144.4689941406
1515954394.227 145.1060028076
1515954395.234 144.7550048828
1515954396.23 145.391998291
1515954397.235 147.328994751
1515954398.225 146.158996582
1515954399.232 145.9770050049
1515954400.224 147.3679962158
1515954401.233 146.9779968262
1515954402.231 144.5859985352
1515954403.227 144.7680053711
1515954404.231 145.4179992676
1515954405.226 145.1190032959
1515954406.232 145.612991333
1515954407.232 145.8470001221
1515954408.23 145.0670013428
1515954409.235 144.6900024414
1515954410.234 143.4810028076
1515954411.229 144.4299926758
1515954412.234 143.7799987793
1515954413.227 145.0279998779
1515954414.235 145.93800354
1515954415.233 145.5350036621
1515954416.232 146.4319915771
1515954417.236 147.5110015869
1515954418.228 146.4579925537
1515954419.235 145.7559967041
1515954420.235 146.1849975586
1515954421.232 146.6399993896
1515954422.237 147.7319946289
1515954423.235 148.1609954834
1515954424.228 146.3540039062
1515954425.237 146.7310028076
1515954427.235 148.1089935303
1515954428.236 146.3280029297
1515954429.231 146.0679931641
1515954430.237 147.3159942627
1515954431.231 147.3939971924
1515954432.238 147.3029937744
1515954433.239 146.5749969482
1515954434.231 145.3139953613
1515954435.24 144.7420043945
1515954436.236 146.1069946289
1515954437.234 146.3800048828
1515954438.239 147.7319946289
1515954439.229 146.1329956055
1515954440.238 144.4169921875
1515954441.24 144.1569976807
1515954442.232 146.7050018311
1515954443.238 146.0809936523
1515954444.233 145.4179992676
1515954445.239 144.5209960938
1515954446.239 145.2359924316
1515954447.234 144.4169921875
1515954448.242 145.3139953613
1515954449.237 146.25
1515954450.237 146.4969940186
1515954451.241 146.2630004883
1515954452.236 143.8710021973
1515954453.24 145.0930023193
1515954454.24 144.0399932861
1515954455.237 144.3650054932
1515954456.24 143.5849914551
1515954457.235 143.0520019531
1515954458.24 143.5070037842
1515954459.24 145.93800354
1515954460.241 145.7429962158
1515954461.243 144.8719940186
1515954462.241 145.300994873
1515954463.239 144.2870025635
1515954464.243 144.3780059814
1515954465.241 144.6900024414
1515954466.24 146.3670043945
1515954467.242 144.1569976807
1515954468.239 144.2610015869
1515954469.242 143.1040039062
1515954470.236 142.9349975586
1515954471.242 144.6640014648
1515954472.237 144.5209960938
1515954473.243 144.4689941406
1515954474.244 143.2469940186
1515954475.247 141.6349945068
1515954476.239 143.1040039062
1515954477.244 144.0009918213
1515954479.238 142.7789916992
1515954481.238 143.6889953613
1515954482.246 145.6519927979
1515954483.24 145.7169952393
1515954484.247 144.3260040283
1515954485.24 142.1289978027
1515954486.245 143.3379974365
1515954487.239 143.8840026855
1515954488.252 143.2079925537
1515954489.238 142.2850036621
1515954490.251 143.7149963379
1515954491.247 144.0919952393
1515954492.242 145.0800018311
1515954493.247 142.7140045166
1515954494.242 141.4270019531
1515954495.247 141.6349945068
1515954496.241 143
1515954497.246 144.533996582
1515954498.242 145.2879943848
1515954499.246 143.8450012207
1515954500.24 142.4149932861
1515954501.254 143.2339935303
1515954502.239 143.0780029297
1515954503.254 142.5319976807
1515954504.241 143.1300048828
1515954505.25 143.7409973145
1515954506.249 143.858001709
1515954507.242 143.7799987793
1515954508.251 142.1549987793
1515954509.244 141.3880004883
1515954510.25 140.9980010986
1515954511.242 139.9319915771
1515954513.239 143.2469940186
1515954514.258 141.7910003662
1515954515.242 144.31300354
1515954516.257 144.0399932861
1515954517.247 140.9589996338
1515954518.253 138.2420043945
1515954519.247 135.2779998779
1515954520.252 136.9810028076
1515954521.25 134.8359985352
1515954522.246 134.6150054932
1515954523.252 132.3659973145
1515954524.247 133.341003418
