time beam_stop.RBV
1516186789.143 65.64122009277
1516186789.243 65.3923034668
1516186789.343 65.14337921143
1516186789.443 64.89192199707
1516186789.543 64.6429977417
1516186789.643 64.39154052734
1516186789.743 64.14261627197
1516186789.843 63.893699646
1516186789.943 63.64223861694
1516186790.043 63.39078140259
1516186790.143 63.14440155029
1516186790.243 62.89294052124
1516186790.343 62.64402008057
1516186790.443 62.39255905151
1516186790.543 62.14363861084
1516186790.643 61.89218139648
1516186790.743 61.64326095581
1516186790.843 61.39434051514
1516186790.943 61.14287948608
1516186791.043 60.89395904541
1516186791.143 60.64503860474
1516186791.243 60.39358139038
1516186791.343 60.14466094971
1516186791.443 59.89319992065
1516186791.543 59.64427947998
1516186791.643 59.39281845093
1516186791.743 59.14390182495
1516186791.843 58.89498138428
1516186791.943 58.64352035522
1516186792.043 58.39459991455
1516186792.143 58.14567947388
1516186792.243 57.89421844482
1516186792.343 57.64530181885
1516186792.443 57.39384078979
1516186792.543 57.14492034912
1516186792.643 56.89345932007
1516186792.743 56.64453887939
1516186792.843 56.39308166504
1516186792.943 56.14416122437
1516186793.043 55.89524078369
1516186793.143 55.64632034302
1516186793.243 55.39485931396
1516186793.343 55.14593887329
1516186793.443 54.89448165894
1516186793.543 54.64556121826
1516186793.643 54.39410018921
1516186793.743 54.14517974854
1516186793.843 53.89625930786
1516186793.943 53.64479827881
1516186794.043 53.39588165283
1516186794.143 53.14696121216
1516186794.243 52.89550018311
1516186794.343 52.64657974243
1516186794.443 52.39511871338
1516186794.543 52.14619827271
1516186794.643 51.89474105835
1516186794.743 51.64582061768
1516186794.843 51.396900177
1516186794.943 51.14543914795
1516186795.043 50.89651870728
1516186795.143 50.6475982666
1516186795.243 50.39614105225
1516186795.343 50.14722061157
1516186795.443 49.89575958252
1516186795.543 49.64683914185
1516186795.643 49.39537811279
1516186795.743 49.14646148682
1516186795.843 48.89754104614
1516186795.943 48.64608001709
1516186796.043 48.39715957642
1516186796.143 48.14823913574
1516186796.243 47.89677810669
1516186796.426 47.51831817627
1516186796.559 47.19065856934
1516186796.626 46.93920135498
1516186796.726 46.69028091431
1516186796.826 46.44136047363
1516186796.926 46.18989944458
1516186797.026 45.94097900391
1516186797.126 45.68952178955
1516186797.226 45.44060134888
1516186797.326 45.1916809082
1516186797.426 44.94021987915
1516186797.526 44.69129943848
1516186797.626 44.43983840942
1516186797.726 44.19092178345
1516186797.826 43.94200134277
1516186797.926 43.68799972534
1516186798.026 43.44161987305
1516186798.126 43.19015884399
1516186798.226 42.94123840332
1516186798.326 42.69232177734
1516186798.426 42.44086074829
1516186798.526 42.19194030762
1516186798.626 41.94047927856
1516186798.726 41.69155883789
1516186798.826 41.44263839722
1516186798.926 41.19118118286
1516186799.026 40.94226074219
1516186799.126 40.68064117432
1516186799.226 40.44187927246
1516186799.326 40.19295883179
1516186799.426 39.94150161743
1516186799.526 39.69258117676
1516186799.626 39.44112014771
1516186799.726 39.19219970703
1516186799.826 38.94327926636
1516186799.926 38.6918182373
1516186800.026 38.44290161133
1516186800.126 38.19398117065
1516186800.226 37.9425201416
1516186800.326 37.69359970093
1516186800.426 37.44213867188
1516186800.526 37.1932182312
1516186800.626 36.94430160522
1516186800.726 36.69284057617
1516186800.826 36.4439201355
1516186800.926 36.19245910645
1516186801.026 35.94353866577
1516186801.126 35.6946182251
1516186801.226 35.44316101074
1516186801.326 35.19424057007
1516186801.426 34.94277954102
1516186801.526 34.69385910034
1516186801.626 34.44493865967
1516186801.726 34.19348144531
1516186801.826 33.94456100464
1516186801.926 33.69309997559
1516186802.026 33.44417953491
1516186802.126 33.19271850586
1516186802.226 32.94380187988
1516186802.326 32.69488143921
1516186802.426 32.44342041016
1516186802.526 32.19449996948
1516186802.626 31.94304084778
1516186802.726 31.6941204071
1516186802.826 31.44519996643
1516186802.926 31.19374084473
1516186803.026 30.94482040405
1516186803.126 30.693359375
1516186803.226 30.44444084167
1516186803.326 30.195520401
1516186803.426 29.94405937195
1516186803.526 29.69514083862
1516186803.626 29.44367980957
1516186803.726 29.1947593689
1516186803.826 28.94584083557
1516186803.926 28.69437980652
1516186804.026 28.44038009644
1516186804.126 28.18383979797
1516186804.226 27.94507980347
1516186804.326 27.69615936279
1516186804.426 27.44470024109
1516186804.526 27.19577980042
1516186804.626 26.94685935974
1516186804.726 26.69540023804
1516186804.826 26.44647979736
1516186804.926 26.19502067566
1516186805.026 25.94610023499
1516186805.126 25.69717979431
1516186805.226 25.44572067261
1516186805.326 25.19680023193
1516186805.426 24.94533920288
1516186805.526 24.69642066956
1516186805.626 24.44750022888
1516186805.726 24.19603919983
1516186805.826 23.9471206665
1516186805.926 23.69565963745
1516186806.026 23.44673919678
1516186806.126 23.19782066345
1516186806.226 22.9463596344
1516186806.326 22.69743919373
1516186806.426 22.44598007202
1516186806.526 22.19705963135
1516186806.626 21.94813919067
1516186806.793 21.55698013306
1516186806.959 21.23694038391
1516186807.009 20.98801994324
1516186807.109 20.73909950256
1516186807.209 20.48764038086
1516186807.309 20.23871994019
1516186807.409 19.98979949951
1516186807.509 19.73834037781
1516186807.609 19.48941993713
1516186807.709 19.23796081543
1516186807.809 18.98904037476
1516186807.909 18.74011993408
1516186808.009 18.48866081238
1516186808.109 18.2397403717
1516186808.209 17.98827934265
1516186808.309 17.73936080933
1516186808.409 17.49044036865
1516186808.509 17.2389793396
1516186808.609 16.99006080627
1516186808.709 16.73859977722
1516186808.809 16.48967933655
1516186808.909 16.24076080322
1516186809.009 15.98929977417
1516186809.109 15.74038028717
1516186809.209 15.48892021179
1516186809.309 15.23999977112
1516186809.409 14.99108028412
1516186809.509 14.73962020874
1516186809.609 14.49069976807
1516186809.709 14.23923969269
1516186809.809 13.99032020569
1516186809.909 13.74139976501
1516186810.009 13.48993968964
1516186810.109 13.24102020264
1516186810.209 12.98956012726
1516186810.309 12.74063968658
1516186810.409 12.49172019958
1516186810.509 12.24026012421
1516186810.609 11.99133968353
1516186810.709 11.73987960815
1516186810.809 11.49096012115
1516186810.909 11.24203968048
1516186811.009 10.9905796051
1516186811.109 10.7416601181
1516186811.209 10.49020004272
1516186811.309 10.24127960205
1516186811.409 9.992360115051
1516186811.509 9.740900039673
1516186811.609 9.491979598999
1516186811.709 9.240519523621
1516186811.809 8.991600036621
1516186811.909 8.742679595947
1516186812.009 8.491220474243
1516186812.109 8.242300033569
1516186812.209 7.990839958191
1516186812.309 7.741919994354
1516186812.409 7.493000030518
1516186812.509 7.241539955139
1516186812.609 6.992619991302
1516186812.709 6.741159915924
1516186812.809 6.492239952087
1516186812.909 6.243319988251
1516186813.009 5.991859912872
1516186813.109 5.742939949036
1516186813.209 5.491479873657
1516186813.309 5.242559909821
1516186813.409 4.993639945984
1516186813.509 4.742179870605
1516186813.609 4.493259906769
1516186813.709 4.24179983139
1516186813.809 3.992880105972
1516186813.909 3.743959903717
1516186814.009 3.492500066757
1516186814.109 3.243580102921
1516186814.209 2.992120027542
1516186814.309 2.743200063705
1516186814.409 2.494280099869
1516186814.509 2.24282002449
1516186814.609 1.993899941444
1516186814.709 1.742439985275
1516186814.809 1.493520021439
1516186814.909 1.244600057602
1516186815.009 0.9931399822235
1516186815.109 0.7391399741173
1516186815.209 0.4952999949455
1516186815.309 0.2438399940729
1516186815.409 -0.00254000001587

1516186815.509 0
1516188328.838 0.09651999920607
1516188328.938 0.3454400002956
1516188329.038 0.5943599939346
1516188329.138 0.8432800173759
1516188329.238 1.09474003315
1516188329.338 1.343659996986
1516188329.438 1.595119953156
1516188329.538 1.844040036201
1516188329.638 2.092959880829
1516188329.988 2.560319900513
1516188330.007 2.994659900665
1516188330.088 3.218179941177
1516188330.188 3.469640016556
1516188330.288 3.718559980392
1516188330.388 3.970020055771
1516188330.488 4.218939781189
1516188330.588 4.470399856567
1516188330.688 4.719319820404
1516188330.788 4.968239784241
1516188330.888 5.217160224915
1516188330.988 5.468619823456
1516188331.088 5.717539787292
1516188331.188 5.968999862671
1516188331.288 6.217919826508
1516188331.388 6.469379901886
1516188331.488 6.718299865723
1516188331.588 6.967219829559
1516188331.688 7.218679904938
1516188331.788 7.467599868774
1516188331.888 7.716519832611
1516188331.988 7.96797990799
1516188332.088 8.216899871826
1516188332.188 8.468359947205
1516188332.288 8.717280387878
1516188332.388 8.968740463257
1516188332.488 9.217659950256
1516188332.588 9.46658039093
1516188332.688 9.718040466309
1516188332.788 9.966959953308
1516188332.888 10.21588039398
1516188332.988 10.46734046936
1516188333.088 10.71625995636
1516188333.188 10.96772003174
1516188333.288 11.21664047241
1516188333.388 11.46809959412
1516188333.488 11.71702003479
1516188333.588 11.96594047546
1516188333.688 12.21739959717
1516188333.788 12.46632003784
1516188333.888 12.71523952484
1516188333.988 12.96669960022
1516188334.088 13.21562004089
1516188334.188 13.46708011627
1516188334.288 13.71599960327
1516188334.388 13.96745967865
1516188334.488 14.21638011932
1516188334.588 14.46529960632
1516188334.688 14.7167596817
1516188334.788 14.96568012238
1516188334.888 15.21459960938
1516188334.988 15.46605968475
1516188335.088 15.71498012543
1516188335.188 15.96644020081
1516188335.288 16.21536064148
1516188335.388 16.46681976318
1516188335.488 16.71574020386
1516188335.588 16.96466064453
1516188335.688 17.21611976624
1516188335.788 17.46504020691
1516188335.888 17.71396064758
1516188335.988 17.96541976929
1516188336.088 18.21434020996
1516188336.188 18.46579933167
1516188336.288 18.71471977234
1516188336.388 18.96618080139
1516188336.488 19.21509933472
1516188336.589 19.46401977539
1516188336.689 19.71548080444
1516188336.789 19.96439933777
1516188336.889 20.21331977844
1516188336.989 20.4647808075
1516188337.089 20.71369934082
1516188337.189 20.96516036987
1516188337.289 21.21408081055
1516188337.389 21.46553993225
1516188337.489 21.71446037292
1516188337.589 21.9633808136
1516188337.689 22.21229934692
1516188337.789 22.46376037598
1516188337.889 22.71268081665
1516188337.989 22.96413993835
1516188338.089 23.21306037903
1516188338.189 23.46451950073
1516188338.289 23.71343994141
1516188338.389 23.96489906311
1516188338.489 24.21381950378
1516188338.589 24.46273994446
1516188338.689 24.71166038513
1516188338.789 24.96311950684
1516188338.889 25.21203994751
1516188338.989 25.46349906921
1516188339.089 25.71241950989
1516188339.189 25.96388053894
1516188339.289 26.21279907227
1516188339.389 26.46426010132
1516188339.489 26.71318054199
1516188339.589 26.96209907532
1516188339.689 27.21101951599
1516188339.789 27.46248054504
1516188339.889 27.71139907837
1516188339.989 27.96286010742
1516188340.339 28.42514038086
1516188340.361 28.85947990417
1516188340.439 29.08554077148
1516188340.539 29.33699989319
1516188340.639 29.58592033386
1516188340.739 29.83737945557
1516188340.839 30.08629989624
1516188340.939 30.33522033691
1516188341.039 30.58667945862
1516188341.139 30.83559989929
1516188341.239 31.08706092834
1516188341.339 31.33597946167
1516188341.439 31.58489990234
1516188341.539 31.8363609314
1516188341.639 32.08528137207
1516188341.739 32.33673858643
1516188341.839 32.5856590271
1516188341.939 32.83457946777
1516188342.039 33.08604049683
1516188342.139 33.3349609375
1516188342.239 33.58641815186
1516188342.339 33.83533859253
1516188342.439 34.0842590332
1516188342.539 34.33572006226
1516188342.639 34.58464050293
1516188342.739 34.83610153198
1516188342.839 35.08501815796
1516188342.939 35.33393859863
1516188343.039 35.58539962769
1516188343.139 35.83432006836
1516188343.239 36.08578109741
1516188343.339 36.33470153809
1516188343.439 36.58615875244
1516188343.539 36.83507919312
1516188343.639 37.08399963379
1516188343.739 37.33546066284
1516188343.839 37.58438110352
1516188343.939 37.83583831787
1516188344.039 38.08475875854
1516188344.139 38.33367919922
1516188344.239 38.58514022827
1516188344.339 38.83406066895
1516188344.439 39.085521698
1516188344.539 39.33443832397
1516188344.639 39.58335876465
1516188344.739 39.8348197937
1516188344.839 40.08374023438
1516188344.939 40.33520126343
1516188345.039 40.5841217041
1516188345.139 40.83303833008
1516188345.239 41.08449935913
1516188345.339 41.33850097656
1516188345.439 41.58234024048
1516188345.539 41.83380126953
1516188345.639 42.08272171021
1516188345.739 42.33417892456
1516188345.839 42.58309936523
1516188345.939 42.83201980591
1516188346.039 43.08348083496
1516188346.139 43.33240127563
1516188346.239 43.58385848999
1516188346.339 43.83277893066
1516188346.439 44.08423995972
1516188346.539 44.33316040039
1516188346.639 44.58208084106
1516188346.739 44.83354187012
1516188346.839 45.08245849609
1516188346.939 45.33137893677
1516188347.039 45.58283996582
1516188347.139 45.83176040649
1516188347.239 46.08322143555
1516188347.339 46.33214187622
1516188347.439 46.5810585022
1516188347.539 46.83251953125
1516188347.639 47.08143997192
1516188347.739 47.33290100098
1516188347.839 47.58182144165
1516188347.939 47.83074188232
1516188348.039 48.08219909668
1516188348.139 48.33111953735
1516188348.239 48.58258056641
1516188348.339 48.83150100708
1516188348.439 49.08042144775
1516188348.539 49.33187866211
1516188348.639 49.58079910278
1516188348.739 49.83226013184
1516188348.839 50.08118057251
1516188348.939 50.33010101318
1516188349.039 50.58155822754
1516188349.139 50.83047866821
1516188349.239 51.08193969727
1516188349.339 51.33086013794
1516188349.439 51.58232116699
1516188349.539 51.83124160767
1516188349.639 52.08015823364
1516188349.739 52.3316192627
1516188349.839 52.58053970337
1516188349.939 52.82946014404
1516188350.039 53.0809211731
1516188350.139 53.32984161377
1516188350.239 53.58129882812
1516188350.339 53.8302192688
1516188350.556 54.30012130737
1516188350.706 54.7395401001
1516188350.789 54.95544052124
1516188350.889 55.20436096191
1516188350.989 55.45581817627
1516188351.089 55.70473861694
1516188351.189 55.956199646
1516188351.289 56.20512008667
1516188351.389 56.45658111572
1516188351.489 56.7055015564
1516188351.589 56.95441818237
1516188351.689 57.20333862305
1516188351.789 57.4547996521
1516188351.889 57.70372009277
1516188351.989 57.95518112183
1516188352.089 58.2041015625
1516188352.189 58.45555877686
1516188352.289 58.70447921753
1516188352.389 58.95594024658
1516188352.489 59.20486068726
1516188352.589 59.45378112793
1516188352.689 59.7027015686
1516188352.789 59.95415878296
1516188352.889 60.20307922363
1516188352.989 60.45454025269
1516188353.089 60.70346069336
1516188353.189 60.95492172241
1516188353.289 61.20383834839
1516188353.389 61.45529937744
1516188353.489 61.70421981812
1516188353.589 61.95314025879
1516188353.689 62.20206069946
1516188353.789 62.45352172852
1516188353.889 62.70243835449
1516188353.989 62.95389938354
1516188354.089 63.20281982422
1516188354.189 63.45428085327
1516188354.289 63.70320129395
1516188354.389 63.9546585083
1516188354.489 64.20358276367
1516188354.589 64.45249938965
1516188354.689 64.70142364502
1516188354.789 64.95288085938
1516188354.889 65.20179748535
1516188354.989 65.4532623291
1516188355.089 65.68186187744
1516188355.173 65.73265838623
1516188473.975 65.62344360352
1516188474.075 65.37451934814
1516188474.175 65.12560272217
1516188474.275 64.87413787842
1516188474.375 64.62522125244
1516188474.475 64.37629699707
1516188474.875 63.77431869507
1516188474.888 63.36029815674
1516188474.975 63.12662124634
1516188475.075 62.87516021729
1516188475.175 62.62623977661
1516188475.275 62.37477874756
1516188475.375 62.12585830688
1516188475.475 61.87186050415
1516188475.575 61.62548065186
1516188475.675 61.37656021118
1516188475.775 61.12509918213
1516188475.875 60.87617874146
1516188475.975 60.62725830078
1516188476.075 60.37580108643
1516188476.175 60.12688064575
1516188476.275 59.8754196167
1516188476.375 59.62649917603
1516188476.475 59.37757873535
1516188476.575 59.126121521
1516188476.675 58.87720108032
1516188476.775 58.62574005127
1516188476.875 58.3768196106
1516188476.975 58.12789916992
1516188477.075 57.87643814087
1516188477.175 57.62752151489
1516188477.275 57.37606048584
1516188477.375 57.12714004517
1516188477.475 56.87821960449
1516188477.575 56.62675857544
1516188477.675 56.37783813477
1516188477.775 56.12638092041
1516188477.875 55.87746047974
1516188477.975 55.62854003906
1516188478.075 55.37707901001
1516188478.175 55.12815856934
1516188478.275 54.87670135498
1516188478.375 54.62778091431
1516188478.475 54.37886047363
1516188478.575 54.12739944458
1516188478.675 53.87847900391
1516188478.775 53.62702178955
1516188478.875 53.37810134888
1516188478.975 53.1291809082
1516188479.075 52.87771987915
1516188479.175 52.62879943848
1516188479.275 52.37733840942
1516188479.375 52.12842178345
1516188479.475 51.87950134277
1516188479.575 51.62804031372
1516188479.675 51.37911987305
1516188479.775 51.12765884399
1516188479.875 50.87873840332
1516188479.975 50.62982177734
1516188480.075 50.37836074829
1516188480.175 50.12944030762
1516188480.275 49.87797927856
1516188480.375 49.62905883789
1516188480.475 49.38013839722
1516188480.575 49.12868118286
1516188480.675 48.87976074219
1516188480.775 48.62829971313
1516188480.875 48.37937927246
1516188480.975 48.13045883179
1516188481.075 47.87900161743
1516188481.175 47.63008117676
1516188481.275 47.37862014771
1516188481.375 47.12969970703
1516188481.475 46.88077926636
1516188481.575 46.62424087524
1516188481.675 46.38040161133
1516188481.775 46.12894058228
1516188481.875 45.8800201416
1516188481.975 45.63109970093
1516188482.075 45.37963867188
1516188482.175 45.1307182312
1516188482.275 44.87926101685
1516188482.375 44.63034057617
1516188482.475 44.3814201355
1516188482.575 44.12995910645
1516188482.675 43.88103866577
1516188482.775 43.62958145142
1516188482.875 43.38066101074
1516188482.975 43.13174057007
1516188483.075 42.88027954102
1516188483.175 42.63135910034
1516188483.275 42.37990188599
1516188483.375 42.13098144531
1516188483.475 41.88206100464
1516188483.575 41.63059997559
1516188483.675 41.38167953491
1516188483.775 41.13021850586
1516188483.875 40.88130187988
1516188483.975 40.63238143921
1516188484.075 40.38092041016
1516188484.175 40.13199996948
1516188484.275 39.88053894043
1516188484.375 39.63161849976
1516188484.475 39.38270187378
1516188484.575 39.13124084473
1516188484.675 38.87723922729
1516188484.775 38.63339996338
1516188484.875 38.38193893433
1516188485.108 37.91965866089
1516188485.242 37.47261810303
1516188485.325 37.25672149658
1516188485.425 37.00780105591
1516188485.525 36.75888061523
1516188485.625 36.50741958618
1516188485.725 36.25849914551
1516188485.825 36.00703811646
1516188485.925 35.75812149048
1516188486.025 35.5092010498
1516188486.125 35.25774002075
1516188486.225 35.00881958008
1516188486.325 34.75735855103
1516188486.425 34.50843811035
1516188486.525 34.25952148438
1516188486.625 34.00806045532
1516188486.725 33.75914001465
1516188486.825 33.5076789856
1516188486.925 33.25875854492
1516188487.025 33.00983810425
1516188487.125 32.75838088989
1516188487.225 32.50946044922
1516188487.325 32.26054000854
1516188487.425 32.00907897949
1516188487.525 31.76016044617
1516188487.625 31.50869941711
1516188487.725 31.25978088379
1516188487.825 31.00831985474
1516188487.925 30.75939941406
1516188488.025 30.51048088074
1516188488.125 30.25901985168
1516188488.225 30.01009941101
1516188488.325 29.75864028931
1516188488.425 29.50971984863
1516188488.525 29.26079940796
1516188488.625 29.00934028625
1516188488.725 28.76041984558
1516188488.825 28.50896072388
1516188488.925 28.2600402832
1516188489.025 28.01111984253
1516188489.125 27.75966072083
1516188489.225 27.51074028015
1516188489.325 27.26181983948
1516188489.425 27.01036071777
1516188489.525 26.7614402771
1516188489.625 26.50997924805
1516188489.725 26.26106071472
1516188489.825 26.00959968567
1516188489.925 25.760679245
1516188490.025 25.51176071167
1516188490.125 25.26029968262
1516188490.225 25.01137924194
1516188490.325 24.76246070862
1516188490.425 24.51099967957
1516188490.525 24.26207923889
1516188490.625 24.01062011719
1516188490.725 23.76169967651
1516188490.825 23.51024055481
1516188490.925 23.26132011414
1516188491.025 23.01239967346
1516188491.125 22.76094055176
1516188491.225 22.51202011108
1516188491.325 22.26055908203
1516188491.425 22.01164054871
1516188491.525 21.76272010803
1516188491.625 21.51125907898
1516188491.725 21.26234054565
1516188491.825 21.0108795166
1516188491.925 20.76195907593
1516188492.025 20.5130405426
1516188492.125 20.26157951355
1516188492.225 20.01265907288
1516188492.325 19.76374053955
1516188492.425 19.5122795105
1516188492.525 19.26335906982
1516188492.625 19.01189994812
1516188492.725 18.76297950745
1516188492.825 18.51405906677
1516188492.925 18.26259994507
1516188493.025 18.01367950439
1516188493.125 17.76222038269
1516188493.225 17.51329994202
1516188493.325 17.26437950134
1516188493.425 17.01292037964
1516188493.525 16.76399993896
1516188493.625 16.51254081726
1516188493.725 16.26362037659
1516188493.825 16.01469993591
1516188493.925 15.76323986053
1516188494.025 15.51432037354
1516188494.125 15.26286029816
1516188494.225 15.01393985748
1516188494.325 14.76502037048
1516188494.425 14.5135602951
1516188494.525 14.26463985443
1516188494.625 14.01317977905
1516188494.725 13.76426029205
1516188494.825 13.51280021667
1516188494.925 13.263879776
1516188495.025 13.014960289
1516188495.125 12.76350021362
1516188495.225 12.51457977295
1516188495.425 12.04467964172
1516188495.592 11.63827991486
1516188495.675 11.38936042786
1516188495.775 11.14043998718
1516188495.875 10.8889799118
1516188495.975 10.6400604248
1516188496.075 10.38860034943
1516188496.175 10.13967990875
1516188496.275 9.890760421753
1516188496.375 9.639300346375
1516188496.475 9.390379905701
1516188496.575 9.138919830322
1516188496.675 8.890000343323
1516188496.775 8.641079902649
1516188496.875 8.389619827271
1516188496.975 8.140700340271
1516188497.075 7.889239788055
1516188497.175 7.640319824219
1516188497.275 7.391399860382
1516188497.375 7.139939785004
1516188497.475 6.891019821167
1516188497.575 6.639560222626
1516188497.675 6.390639781952
1516188497.775 6.141719818115
1516188497.875 5.890260219574
1516188497.975 5.6413397789
1516188498.075 5.389880180359
1516188498.175 5.140960216522
1516188498.275 4.889500141144
1516188498.375 4.640580177307
1516188498.475 4.39166021347
1516188498.575 4.140200138092
1516188498.675 3.891279935837
1516188498.775 3.642359972
1516188498.875 3.390899896622
1516188498.975 3.141979932785
1516188499.075 2.890520095825
1516188499.175 2.64159989357
1516188499.275 2.392679929733
1516188499.375 2.141220092773
1516188499.475 1.892300009727
1516188499.575 1.640840053558
1516188499.675 1.391919970512
1516188499.775 1.143000006676
1516188499.875 0.886460006237
1516188499.975 0.6426200270653
1516188500.075 0.3911600112915
1516188500.175 0.1422400027514
1516188500.225 0
1516189517 0
