1727 3742 10.4494 9.41862
1798 3871 9.2183 8.18314
1662 3621 8.697 8.53951
1588 3493 8.697 7.8432
1595 3493 7.9911 7.36051
1595 3493 7.7181 7.36051
1443 3212 7.6401 7.20749
1496 3305 7.4178 6.52864
1480 3269 6.6924 6.65701
1422 3161 7.0837 6.71761
1426 3161 6.9108 6.38897
1373 3075 6.617 6.38897
1373 3075 6.617 6.16508
1370 3075 6.2673 5.9833
1388 3075 6.2673 5.9833
1383 3075 6.3921 6.25238
1335 2995 6.3921 5.85801
1338 2995 6.0216 5.85801
1380 3042 6.0216 5.972
1315 2969 6.2504 5.972
1324 2969 5.915 5.66493
1319 2969 5.9852 5.71628
1264 2866 5.9852 5.53861
1276 2866 5.5601 5.3784
1298 2944 5.6134 5.49342
1314 2944 5.8266 5.5992
1291 2926 5.8825 5.5992
1248 2858 5.7083 5.5992
1243 2835 5.7083 5.26851
1250 2835 5.4418 5.26851
1269 2907 5.4418 5.287
1283 2890 5.6251 5.46364
1271 2890 5.785 5.46364
1290 2907 5.603 5.53964
1228 2820 5.9176 5.53964
1194 2766 5.3924 5.11446
1193 2739 5.265 4.97684
1213 2811 5.265 4.97684
1240 2847 5.265 4.97684
1240 2847 5.4288 5.29213
1229 2813 5.5614 5.29213
1252 2871 5.5614 5.29213
1187 2740 5.5614 5.20689
1187 2740 5.3963 4.96349
1182 2740 5.1077 4.96349
926 2207 4.2692 4.89982
429 1419 1.6224 0
418 1428 0 0
418 1415 0 0
408 1415 0 0
418 1423 0 0
419 1423 0 0
416 1415 0 0
417 1415 0 0
415 1431 0 0
415 1422 0 0
414 1422 0 0
416 1431 0 0
415 1431 0 0
412 1431 0 0
416 1441 0 0
414 1427 0 0
414 1436 0 0
410 1436 0 0
413 1436 0 0
411 1422 0 0
416 1430 0 0
407 1439 0 0
404 1428 0 0
407 1484 0 0
406 1425 0 0
407 1425 0 0
402 1425 0 0
403 1425 0 0
403 1425 0 0
408 1455 0 0
480 1581 0.542087 0.608241
491 1581 0.683767 0.698565
1443 3231 1.95 2.62671
1518 3253 1.95 2.62671
1559 3363 7.8 6.162
1571 3385 14.262 9.70926
1569 3350 11.5427 12.3702
1608 3410 11.5427 7.48991
1535 3288 7.84745 7.48991
1161 2657 6.5026 5.47802
1132 2626 6.5026 5.47802
1117 2579 4.81715 4.5835
1160 2677 4.81715 4.65847
1155 2653 4.73005 4.65847
1153 2653 5.0622 4.70982
1105 2561 4.7268 4.70982
1095 2561 4.7268 4.58658
1102 2575 4.51295 4.3247
1146 2623 4.7333 4.3247
1157 2661 4.7333 4.69031
1142 2629 4.8841 4.69031
1162 2675 4.8841 4.69031
1178 2706 4.8841 4.81971
1171 2706 5.03295 4.81971
1148 2645 5.0999 4.81971
1134 2611 5.0999 4.91522
1166 2671 4.8971 4.69442
1226 2783 4.76125 4.55269
1220 2767 5.44765 4.7776
1220 2767 5.44765 5.17813
1143 2634 5.3586 5.07338
1164 2676 4.83145 4.64512
1222 2779 4.92895 4.73755
1225 2763 5.3664 5.135
1218 2738 5.3664 5.135
1194 2716 5.3118 5.135
1190 2716 5.1558 4.94192
1218 2772 5.1558 5.13397
1178 2707 5.3625 5.13397
1178 2691 5.08365 4.87414
1179 2691 5.08365 4.87414
1191 2709 5.08365 4.87414
1171 2686 5.1922 4.97273
1195 2719 5.06935 4.86387
1197 2719 5.0102 4.86387
1170 2670 5.2364 5.01792
1179 2704 5.1493 4.93371
1165 2689 4.88215 4.68004
1184 2689 5.10835 4.89776
1145 2655 5.10835 4.89776
1125 2615 5.10835 4.89776
1113 2615 4.7762 4.5835
1177 2694 4.7762 4.5835
1171 2694 4.7762 4.5835
1174 2694 5.18375 4.96041
1177 2694 5.02515 4.83512
1675 3632 5.09795 4.89057
2161 4414 5.09795 4.89057
2160 4414 11.5265 10.3532
2169 4456 11.806 11.2385
2169 4456 11.6571 11.1132
2244 4558 11.9529 11.3494
2121 4367 11.9529 11.4038
2142 4420 11.3841 10.955
2211 4504 11.6227 11.1275
2207 4540 11.8495 11.3268
2134 4386 11.936 11.3268
2153 4419 11.3341 10.804
2155 4419 11.5349 11.0916
2092 4333 11.4848 11.0053
2109 4333 11.1176 10.6099
2119 4358 11.1176 10.6726
2086 4311 11.2781 10.7609
2049 4247 11.0994 10.5802
2061 4282 10.8017 10.3162
2044 4230 10.9525 10.4436
2046 4230 10.8381 10.3306
2027 4204 10.7711 10.3306
1979 4125 10.6834 10.1735
1979 4153 10.2934 9.86023
2044 4245 10.4618 9.98141
2010 4155 10.7764 10.3224
2010 4181 10.6216 10.1139
2064 4262 10.5131 10.0276
2031 4262 10.866 10.3244
1996 4170 10.8062 10.3244
1961 4107 10.3421 9.89104
1913 4027 10.3421 9.89104
2015 4202 9.9515 9.55213
1942 4074 10.3019 9.81812
2002 4185 10.3019 9.81812
2002 4185 10.3623 9.81812
1994 4156 10.5307 10.042
1924 4037 10.0873 9.62504
1965 4089 10.2583 9.76574
1931 4057 9.8813 9.4217
1950 4078 10.309 9.80169
1987 4182 10.1523 9.74726
1942 4067 10.452 9.92493
2029 4243 10.452 9.98141
1989 4160 10.5189 10.1129
1948 4082 10.5189 9.64456
1889 3991 10.0178 9.64456
1957 4090 9.9567 9.46483
1933 4053 10.2161 9.73699
1840 3880 9.8709 9.39808
1948 4089 9.8709 9.18857
2040 4231 10.4117 9.85509
2008 4165 10.4117 9.85509
2065 4281 10.6535 10.2053
1962 4151 10.6535 10.2053
2066 4271 10.4214 10.0061
2044 4230 10.4214 10.0061
2011 4194 10.6451 10.1242
2054 4272 10.6451 10.1242
1982 4149 10.829 10.3018
1950 4103 10.829 10.3018
1908 4018 10.1108 9.65483
1979 4145 10.1108 9.65483
1934 4083 9.85465 9.3991
2015 4215 10.0802 9.88487
2055 4275 10.0802 9.64866
2055 4275 10.4234 10.1016
1981 4152 10.8615 9.84585
1995 4152 10.3201 9.84585
1976 4152 10.2336 9.91466
1967 4101 10.3376 9.77499
1990 4165 10.2512 9.8479
2043 4228 10.2512 9.8479
1980 4134 10.4214 9.90439
1982 4134 10.4214 9.9619
1914 4016 10.4214 9.9619
2002 4187 9.75 9.36624
2138 4443 10.3499 9.8592
2500 5080 13.076 10.3388
2524 5149 13.076 12.8632
2565 5234 13.9971 13.3459
2761 5580 15.5304 12.9885
2704 5461 15.5304 14.7662
2735 5548 15.2249 14.4519
2967 5952 15.0826 14.3236
2949 5952 16.2175 15.5077
2947 5952 23.0672 16.0849
3040 6061 16.6868 15.8846
3006 6010 17.1626 16.4299
3027 6098 17.3199 15.7716
3256 6518 16.7141 15.7716
3203 6432 17.6397 16.773
3288 6590 18.8981 18.0516
3311 6632 18.5302 17.6469
3304 6632 19.1737 18.3432
3348 6716 18.9241 18.0054
3348 6716 19.3037 18.2991
3455 6910 19.6495 18.7705
3342 6695 20.1149 19.1289
3425 6877 19.3414 18.2909
3393 6729 19.8874 18.9163
3574 7181 19.773 18.9163
3384 6828 20.9989 19.9012
3465 6988 19.591 18.6976
3497 7048 19.9654 19.1001
3555 7134 20.5257 19.4801
3567 7134 20.7727 19.705
3616 7236 20.9872 19.9875
3577 7193 21.1965 20.1559
3635 7322 20.4529 19.4401
3549 7124 21.7009 20.694
3599 7304 20.7883 19.7143
3463 2887 21.0678 20.0635
3365 6799 20.6011 19.6229
3535 7141 19.4168 18.4388
3666 7380 20.1734 19.3446
3582 7235 21.7594 20.7156
3579 7235 21.1822 20.1446
3579 7235 20.7493 19.6167
3656 7374 21.4552 20.234
3618 7286 20.9209 20.0902
3563 7178 21.4487 20.3839
3563 7178 21.164 20.1271
3628 7288 20.9339 19.933
3641 7336 21.3343 20.2185
3451 6960 21.3343 20.3284
3668 7366 21.3343 20.3284
3599 7263 20.4958 19.1197
3599 7263 21.6684 20.6068
3506 7075 20.7831 19.7307
3503 7075 20.6219 19.5787
3552 7168 20.6219 19.5787
3583 7242 21.294 20.0347
3457 6995 20.7688 19.9197
3530 7106 20.3138 19.3086
3617 7301 20.6986 19.7081
3543 7168 21.0041 20.16
3578 7242 20.9014 19.8324
3576 7242 21.5462 20.1364
3589 7242 21.1445 19.9844
3564 7242 20.9339 20.0789
3690 7443 21.0119 19.7852
3834 7745 21.7607 20.7721
3786 7646 23.023 21.8412
3770 7582 22.4068 21.3061
3545 7189 22.4068 21.3678
3645 7336 21.0158 20.0635
3650 7336 21.4838 20.6632
3711 7465 21.5995 20.5102
3619 7350 22.009 20.9005
3629 7350 21.2992 20.2062
3750 7552 21.3681 20.2689
3667 7412 22.2703 21.1408
3603 7271 21.6775 20.6376
3710 7513 21.3707 20.3161
3595 7270 21.6151 20.6427
3503 7085 21.0119 19.9813
3681 7439 20.7233 19.7102
3687 7439 21.1991 20.2473
3687 7439 21.8101 20.7249
3615 7308 21.6684 20.5349
3648 7368 21.6086 20.5349
3637 7368 21.1991 20.1744
3595 7261 21.0353 20.0193
3486 7061 20.8546 19.7965
3710 7511 20.6427 19.6537
3690 7434 22.6434 21.5834
3625 7327 21.2537 20.2042
3681 7447 21.1588 20.0912
3750 7628 21.879 20.8584
5031 10002 24.2424 23.4526
4906 9776 31.4795 29.9083
5206 10419 31.4795 29.9083
5037 10093 32.3635 30.7253
5456 11015 32.3635 29.3979
7104 14231 38.181 35.678
6961 13985 38.181 42.3432
7396 14853 44.5445 42.3432
7028 14175 46.0395 44.0634
7246 14620 45.0742 43.0236
6981 14034 45.0742 43.0236
6730 13614 43.277 41.8503
6851 13807 42.6205 40.6101
7050 14270 42.6205 41.4831
6719 13537 43.5728 41.4831
6732 13613 44.616 42.4228
6785 13760 42.8838 40.7437
6869 13907 42.8838 40.7437
6958 14063 43.6312 41.46
6641 13390 43.6312 41.46
6641 13390 44.0537 41.9247
6785 13695 42.211 40.0171
6729 9503 42.757 40.6718
6978 14067 44.1382 40.2533
6340 12821 41.2327 41.9684
6307 12753 41.2327 39.0106
6555 13273 38.9285 37.049
6729 13577 40.7777 38.7975
6620 13386 42.354 40.2764
6640 13386 42.1947 40.0016
6595 13386 41.73 39.6448
6444 13011 42.0062 39.8014
6543 13242 42.5457 40.492
6884 13929 39.2632 37.3058
6711 13616 43.498 41.3188
6865 13862 43.1567 40.9439
6934 13992 42.6855 40.7103
6904 13992 43.6117 41.46
7003 14133 44.0732 41.8811
6627 13389 43.6735 41.4497
6538 13223 44.0147 41.7758
6474 13104 41.1515 38.9669
6798 13725 40.8167 38.723
6797 13725 41.5057 39.6987
6519 13140 43.4102 41.3496
6723 13576 42.5685 40.4253
6702 13576 41.1742 39.1313
6358 12827 42.6042 40.4895
6052 12238 41.717 39.578
6105 12328 39.6662 37.6113
6462 13089 37.7943 35.9347
6462 13089 38.1485 36.2659
6441 13010 40.547 38.551
6801 13781 40.768 38.8129
6721 13558 43.1145 40.7308
6134 12384 42.1102 40.0325
6703 9481 38.5158 36.4123
6410 12932 42.1265 40.0427
6493 13089 40.313 38.3045
6796 9617 40.989 38.9105
6488 13079 42.315 40.3175
6481 13079 41.0573 39.0029
6666 13440 40.274 38.4894
6601 13317 41.7365 39.6807
6649 13433 42.0322 39.9323
6736 13564 41.0573 39.5806
6467 13049 42.9292 40.7719
6803 13685 41.4797 39.0029
6832 13788 41.8242 39.9529
7066 14203 42.2045 40.2122
6939 13978 45.305 43.2316
7009 13978 43.3745 41.2289
6686 13476 45.1717 42.7001
6887 13860 42.055 39.8553
6798 13665 43.0983 40.9157
6602 13304 42.861 40.8412
6804 13709 42.497 40.2943
6719 13515 42.9975 41.2392
6844 13771 41.7885 39.6704
6624 13336 42.7115 40.7514
9979 3693 42.7992 40.5716
10222 20529 50.1442 49.0624
10222 20529 66.82 63.0219
10099 20257 65.5037 94.4891
10211 20544 64.9382 61.8203
10361 4399 66.3097 63.1246
10906 5465 67.9997 64.3107
10784 21581 70.148 66.4572
11156 5954 70.746 66.7242
10837 21671 72.1793 68.7114
11047 22112 69.9757 66.8474
11943 23882 71.7145 68.9939
12002 7656 77.1485 73.2713
11341 22661 77.623 74.2521
11301 6278 74.1943 70.4881
11752 7141 72.4652 68.9271
11922 7583 75.8128 72.157
12519 8715 77.3923 73.2456
12166 7985 80.8925 77.1072
11879 23781 149.883 75.8388
12206 8072 76.297 72.2084
11988 23916 78.9945 74.9402
12589 8894 77.545 73.4408
12690 9065 81.3995 77.3947
12241 24522 83.096 78.7401
12297 8344 80.262 75.921
12674 25427 79.6185 75.4588
12584 8834 82.94 78.699
12501 25112 81.7765 77.559
12564 8817 81.965 77.708
13031 26162 82.5565 78.3087
13164 26454 83.239 79.0841
13116 9914 84.2075 79.7465
13116 9914 86.8465 82.3911
13271 10259 86.073 81.5849
13250 26572 87.3665 82.8378
13005 26572 86.112 81.6054
13320 26715 83.915 79.1868
12488 20940 85.072 81.0508
12577 8869 81.6335 77.2458
12554 8769 83.135 78.8068
12746 25584 82.693 78.242
12476 24928 82.1405 77.9544
12506 25155 80.535 75.9004
12287 24665 81.4125 77.1585
12411 24934 80.184 75.9826
12915 25951 81.2955 77.1739
13165 26467 84.9615 80.5681
13190 10101 86.0275 81.5489
13170 10035 86.359 81.9341
12931 25925 85.9885 81.4052
12777 9323 84.2075 79.9006
12311 8272 83.6745 79.3512
12880 25829 79.95 75.6642
13215 26490 83.5705 79.2485
13161 10038 86.3265 81.8468
13123 9978 86.3785 82.1754
12845 9416 85.8065 81.0406
12371 24852 83.85 79.536
12371 24852 81.5945 77.3639
12481 25082 81.367 77.2407
12818 25719 80.8145 77.2407
12371 24836 82.355 78.129
12371 24836 82.134 77.7182
12644 25430 81.3345 77.0815
12655 29479 81.4515 76.8607
12444 8593 82.2315 78.0828
12318 8347 82.1275 77.8517
12619 8996 80.7625 76.3985
13224 6104 84.435 80.2806
12489 25113 84.435 80.2806
13395 10570 84.513 80.1933
12702 25557 85.67 81.0714
12860 9473 83.746 79.4744
12988 9750 84.1425 79.4744
13404 10554 85.5725 79.762
13151 26385 87.763 83.1819
12870 25844 86.3395 81.8776
13002 9748 83.434 79.0636
13709 27547 86.5345 82.0111
13523 27220 89.869 85.1794
13352 26886 88.036 83.4643
13234 26583 88.036 83.4643
12995 26092 86.281 81.7903
13592 27341 85.3125 80.8608
13424 10645 88.517 83.9675
13439 27015 88.192 83.6081
12744 25619 87.8475 83.2692
12887 9620 83.0505 78.6887
12485 25158 83.8565 79.4795
12485 25158 81.757 77.482
12526 25206 83.0115 78.7195
13030 9787 81.64 77.369
12866 17647 84.1555 79.8493
12803 21591 84.786 80.4192
12803 21591 84.5585 80.2292
12545 25201 81.7375 77.4563
17836 3117 81.7375 77.4563
20382 24332 133.393 126.881
19713 6260 134.849 192.953
19529 6116 128.336 121.751
19832 55780 130.52 123.815
19046 37898 130.52 123.815
19640 22927 128.654 122.008
19489 38864 132.054 125.13
18325 20161 124.423 117.869
18814 21805 124.937 118.495
18747 20983 127.218 120.59
19281 38670 125.43 118.916
19614 22773 131.436 124.945
19349 54985 129.688 122.942
18856 37672 129.233 122.572
18924 5025 129.233 122.572
19694 6635 123.994 117.591
18170 52680 129.122 122.49
18578 20866 129.74 122.634
18816 21193 118.209 112.22
18344 36676 127.894 121.658
18520 20648 125.021 118.259
18283 52997 121.647 115.733
18415 20458 123.662 117.099
18320 36725 123.266 117.396
18258 52986 121.777 115.938
18503 53513 123.285 116.996
19104 54541 121.153 114.788
18877 4970 126.087 118.865
18877 4970 127.816 121.237
19445 6044 127.302 120.857
17795 35603 127.179 120.364
18322 52987 120.035 114.028
17972 19518 121.921 115.106
18863 54113 122.733 113.956
19375 38680 126.126 119.604
19189 21922 132.08 124.226
19335 38529 129.636 122.829
18995 54326 128.934 122.552
19037 13407 127.296 120.621
18652 53640 126.997 120.221
19081 21780 125.814 119.255
19091 37984 125.548 119.05
18448 36874 129.604 123.127
18871 21312 121.284 114.942
17998 3210 125.196 118.762
18518 20560 120.601 114.028
17769 35530 122.928 116.729
18109 3430 119.08 113.206
18394 4014 119.379 113.206
18506 4248 124.052 117.571
18665 53696 123.487 117.52
17761 19100 126.516 119.45
18080 19690 118.209 111.738
18632 37270 119.567 113.442
18996 5211 122.206 116
18987 21504 126.262 119.738
18071 19643 125.417 118.742
19854 55977 125.769 118.978
18859 4708 124.839 118.495
18859 4708 130.689 122.603
19669 39168 129.551 123.281
19854 7285 130.962 123.825
19554 22609 133.022 125.633
19531 38796 131.755 125.263
19545 22588 130.702 124.246
19562 38896 130.41 123.764
19279 38486 130.227 123.528
18404 3884 129.135 122.994
19844 55917 123.63 117.427
18820 4754 132.1 125.14
18946 21516 125.346 118.998
19409 22313 128.596 121.833
19558 2092 130.299 123.661
19618 6378 130.299 124.401
18989 21387 131.508 124.668
18869 21166 125.977 119.584
18973 5057 126.08 119.656
19664 55561 126.08 119.656
19694 59679 132.424 125.571
18280 3641 132.424 123.866
18907 37804 122.791 115.979
18686 20859 125.964 119.954
18708 12851 125.795 119.307
19563 6266 126.269 119.594
19740 22947 126.269 119.594
19331 5781 132.158 125.356
19021 37854 130.832 123.897
18653 37241 130.832 121.628
19071 5314 124.91 118.187
19514 6137 124.91 118.187
19514 6137 130.072 118.721
18622 37086 125.105 118.588
18923 4983 127.627 120.539
23610 47094 127.627 120.539
24619 36563 166.354 158.671
26132 35603 303.134 158.671
26018 51687 303.134 163.344
24972 49617 180.986 168.705
25475 50599 169.299 162.132
26200 52096 170.144 164.536
26056 35447 175.227 166.703
26429 48414 175.227 166.703
25055 66227 173.862 169.691
25894 51477 173.862 160.89
25246 82946 167.778 160.89
24563 65128 176.813 159.945
25166 115444 167.895 159.945
25108 53932 165.542 157.819
24485 65006 166.335 158.312
25586 1666 168.116 159.01
24730 16379 165.282 157.275
24195 15220 170.911 161.249
25434 116025 165.438 157.234
25269 49964 161.85 154.204
23871 47369 171.197 162.862
24444 32111 167.167 158.908
25715 34615 160.849 153.485
25715 34615 163.553 156.597
25795 34906 172.38 164.084
25283 62503 170.794 162.595
25283 62503 173.316 164.587
24611 44740 169.546 161.352
24530 32325 165.828 157.152
25040 33398 164.034 156.186
24420 32118 164.151 159.452
25006 540 164.151 155.827
25274 50268 166.27 158.261
25998 2520 169.39 161.218
26506 52698 173.68 165.809
25075 33807 176.631 168.274
23425 30111 173.745 164.207
25616 83529 154.947 146.625
25777 67537 167.973 160.643
26410 31920 173.446 164.854
24999 49668 174.213 166.179
25052 33319 171.769 162.81
23766 30674 167.193 159.123
24350 15523 162.383 154.676
25250 66393 159.237 151.842
25303 82899 166.452 158.507
25573 18020 170.053 161.907
24870 16517 168.636 160.51
24918 82221 169.273 160.89
24320 64603 167.791 159.76
24867 16553 163.41 155.97
24544 48701 165.828 157.573
24743 32718 163.865 155.775
24608 32415 165.529 157.347
24608 32415 163.202 156.012
25681 50986 165.854 156.792
25744 34666 172.224 165.131
25404 34168 170.794 163.57
25404 34168 172.341 164.515
25891 34982 169.117 161.393
25308 50210 170.365 163.509
25434 83313 170.131 162.779
25173 33530 169.234 161.537
25279 50056 168.558 160.684
25116 45710 169.182 160.13
26748 53119 168.584 160.315
24869 16515 180.037 170.985
25155 33555 166.491 158.487
24822 33291 167.583 159.514
24420 15655 166.478 158.302
23940 47408 162.89 155.262
24707 65372 160.485 152.777
24720 49097 163.774 155.488
24634 65185 165.022 157.162
24962 33111 164.723 156.248
26214 52003 167.492 159.206
25764 34822 174.85 166.62
25988 35209 173.212 164.536
25010 49692 174.317 167.042
25521 50642 169.338 161.157
25506 83317 167.96 161.383
25506 1498 171.535 162.985
24345 64674 170.443 162.379
24781 16342 166.712 156.915
29910 43112 163.345 154.718
32204 47867 178.178 176.182
1075 1883 215.306 204.784
530 1428 43.745 68.9014
530 1428 0 0
499 1428 0 0
487 1428 0 0
474 1428 0 0
461 1428 0 0
450 1428 0 0
443 1428 0 0
442 1428 0 0
436 1437 0 0
429 1421 0 0
430 1432 0 0
424 1432 0 0
425 1432 0 0
419 1432 0 0
416 1432 0 0
413 1432 0 0
418 1424 0 0
413 1410 0 0
413 1426 0 0
408 1426 0 0
415 1426 0 0
416 1426 0 0
415 1426 0 0
411 1426 0 0
408 1426 0 0
410 1426 0 0
413 1426 0 0
414 1426 0 0
409 1426 0 0
409 1426 0 0
407 1426 0 0
407 1426 0 0
407 1426 0 0
406 1426 0 0
407 1426 0 0
409 1426 0 0
407 1426 0 0
408 1426 0 0
405 1426 0 0
413 1426 0 0
409 1426 0 0
405 1436 0 0
402 1425 0 0
405 1425 0 0
407 1425 0 0
408 1434 0 0
409 1420 0 0
410 1420 0 0
409 1420 0 0
408 1420 0 0
474 1546 0 0
494 1562 0.60788 0
490 1570 0.60788 0.687602
494 1570 0.60788 0.687602
495 1570 0.60788 0.687602
1389 3272 0.60788 0.687602
3135 6136 1.57573 0.687602
3036 6000 3.9 3.081
3019 6000 7.8 6.162
2955 5895 19.5 15.405
3100 6162 25.4748 24.4796
3171 6286 25.1966 24.7373
2987 5960 25.1966 25.2822
2987 5960 16.8961 17.1073
4074 8012 19.7808 16.6836
5335 10364 32.7691 25.1307
5344 10483 52.5168 31.3286
8642 556 52.5168 32.5354
11605 6475 76.6805 59.6944
10420 4320 72.6277 72.0595
12473 8674 68.952 97.2415
14253 12158 94.8025 77.559
13313 10241 94.8025 88.5069
17167 50968 93.4115 83.8083
20397 40699 93.4115 103.855
21033 41842 133.816 130.778
21429 59011 144.261 233.858
20979 58095 144.261 138.162
22479 61293 140.536 135.092
23692 14300 156.124 141.48
22503 28495 241.319 151.883
27284 21732 241.319 147.107
30655 65404 153.439 164.69
29283 95490 197.938 198.704
31043 62183 205.01 191.381
33290 50308 199.914 195.479
32667 65940 215.137 212.343
30163 76606 227.786 214.078
28515 40597 221.117 202.257
30239 76851 200.668 186.092
31704 30705 192.998 191.084
28538 73445 205.517 204.383
29933 59936 214.487 188.958
29933 59936 193.648 188.229
31053 45702 203.008 198.704
31213 46161 210.665 202.617
31061 62253 212.056 203.89
30896 29096 213.2 195.5
30828 78128 207.987 202.329
32053 80625 210.054 199.495
31439 63092 215.904 210.083
31422 63092 215.371 202.001
29990 10945 213.278 198.016
30656 61450 203.866 196.167
32402 64980 208.533 202.74
32864 65888 218.504 211.203
31887 47583 224.809 209.98
31516 14028 214.409 209.98
30945 61994 215.241 199.721
30802 45287 208.858 199.721
31108 62339 211.445 198.786
30016 39644 206.986 201.241
30372 60757 208.923 193.364
30911 94660 200.85 196.229
30731 32854 208.39 198.868
30326 44320 210.028 198.283
31296 62733 206.804 195.839
29071 41785 206.921 200.881
29827 76072 206.232 188.177
29597 6036 196.729 191.803
30063 11037 202.644 191.084
28977 41645 201.279 193.281
28557 57194 200.72 193.281
29532 59178 198.289 184.942
29532 59178 192.998 188.28
29248 42193 198.159 188.28
27102 37835 196.846 176.983
28218 56333 182.143 176.983
30093 56333 192.751 193.045
30647 94128 207.142 193.045
29679 14485 207.09 190.241
29811 92430 200.993 190.241
30033 60166 202.67 192.213
30001 92967 204.139 194.935
29905 27104 202.592 194.935
30527 61202 202.865 195.828
30458 61202 206.245 195.9
31459 63164 206.089 195.9
31241 46265 214.63 202.945
31035 62343 212.173 202.945
30579 44938 210.002 202.401
31710 63667 206.505 202.031
33161 50125 211.341 197.092
29967 72319 225.082 206.098
30120 43894 204.308 206.098
31562 46896 203.229 193.292
30110 93176 211.419 197.554
30087 43917 206.076 204.383
31741 63689 203.45 193.569
31246 46316 215.189 198.961
30916 62065 210.951 204.281
31224 79015 211.614 202.473
30536 93999 212.888 200.532
31527 14087 204.62 200.121
29825 26972 213.954 200.121
29825 26972 208.039 203.202
29176 91239 191.711 192.491
31007 45791 208.78 189.071
30159 44076 203.333 199.217
31720 22698 210.028 197.143
31837 96645 215.319 205.585
31403 30217 215.098 205.585
29619 59297 215.098 203.49
29871 43557 201.279 191.987
29149 42105 201.617 192.83
29192 42105 198.133 189.204
28634 41075 192.725 188.65
29671 59361 192.725 184.583
27503 71373 190.84 190.714
27731 6382 188.955 176.018
29351 91550 188.955 180.238
30508 61149 201.149 187.089
31695 47206 201.149 193.98
30920 29230 208.793 204.558
28962 41579 209.495 197.543
30753 61704 198.965 192.398
30452 89660 198.965 197.369
31906 47659 209.339 196.106
31856 47659 209.339 204.209
31592 63425 215.592 207.844
29207 58515 215.592 204.065
31223 25743 214.812 197.656
31182 13514 196.092 193.795
30794 29092 212.745 200.101
30794 29092 212.394 203.295
30069 93023 205.426 196.321
30069 93023 205.426 195.715
31219 83074 203.866 197.81
30432 61074 210.99 198.992
30800 45363 206.921 198.724
30468 44850 208.819 196.814
31328 95700 205.686 198.427
32279 15621 213.096 203.11
32548 28432 214.877 209.097
33140 66476 221.13 211.572
31948 64201 223.769 214.427
32783 98705 220.506 207.043
32571 98705 221.13 212.014
31472 13984 221.65 208.009
15384 30554 214.305 202.586
551 1446 197.262 87.3053
517 1446 0 0
493 1446 0 0
489 1446 0 0
475 1446 0 0
460 1446 0 0
453 1455 0 0
454 1447 0 0
445 1447 0 0
440 1447 0 0
440 1447 0 0
440 1447 0 0
438 1447 0 0
431 1447 0 0
427 1435 0 0
426 1448 0 0
430 1497 0 0
430 1497 0 0
428 1454 0 0
423 1454 0 0
423 1441 0 0
425 1441 0 0
453 1454 0 0
493 1444 0 0
495 1444 0 0
471 1444 0 0
462 1444 0 0
465 1444 0 0
483 1444 0 0
515 1444 0 0
535 1444 0 0
521 1444 0 0
487 1444 0 0
476 1444 0 0
469 1455 0 0
472 1446 0 0
472 1446 0 0
466 1446 0 0
470 1446 0 0
465 1446 0 0
465 1446 0 0
466 1446 0 0
462 1446 0 0
466 1446 0 0
471 1446 0 0
472 1446 0 0
464 1446 0 0
464 1446 0 0
464 1446 0 0
468 1446 0 0
470 1446 0 0
468 1446 0 0
470 1446 0 0
470 1438 0 0
468 1438 0 0
466 1446 0 0
465 1446 0 0
465 1446 0 0
467 1446 0 0
