scalerS16b IPM2C21A IPM2C24A 
462 1407 0 0
460 1441 0 0
462 1457 0 0
463 1457 0 0
465 1439 0 0
466 1449 0 0
471 1449 0 0
466 1449 0 0
467 1449 0 0
470 1449 0 0
470 1439 0 0
471 1439 0 0
473 1439 0 0
473 1439 0 0
475 1456 0 0
470 1444 0 0
477 1444 0 0
472 1444 0 0
467 1444 0 0
467 1444 0 0
466 1436 0 0
464 1449 0 0
467 1449 0 0
467 1449 0 0
468 1449 0 0
468 1449 0 0
470 1449 0 0
473 1449 0 0
462 1431 0 0
471 1445 0 0
475 1445 0 0
470 1445 0 0
468 1445 0 0
469 1445 0 0
465 1437 0 0
465 1437 0 0
460 1437 0 0
460 1445 0 0
460 1445 0 0
460 1437 0 0
461 1447 0 0
460 1438 0 0
458 1449 0 0
462 1436 0 0
462 1436 0 0
465 1436 0 0
469 1448 0 0
468 1448 0 0
467 1436 0 0
470 1436 0 0
472 1454 0 0
473 1442 0 0
477 1442 0 0
474 1442 0 0
470 1455 0 0
474 1442 0 0
469 1451 0 0
470 1443 0 0
469 1443 0 0
470 1443 0 0
474 1443 0 0
475 1443 0 0
474 1443 0 0
472 1443 0 0
473 1443 0 0
476 1431 0 0
473 1442 0 0
472 1442 0 0
469 1452 0 0
470 1452 0 0
459 1440 0 0
405 1427 0 0
405 1419 0 0
405 1419 0 0
405 1419 0 0
407 1419 0 0
403 1419 0 0
404 1430 0 0
404 1421 0 0
403 1431 0 0
406 1431 0 0
407 1422 0 0
404 1434 0 0
400 1416 0 0
405 1416 0 0
403 1416 0 0
403 1416 0 0
399 1428 0 0
396 1418 0 0
398 1418 0 0
399 1418 0 0
401 1418 0 0
403 1418 0 0
402 1418 0 0
405 1428 0 0
404 1428 0 0
400 1411 0 0
398 1421 0 0
398 1421 0 0
401 1421 0 0
400 1421 0 0
402 1421 0 0
404 1421 0 0
400 1421 0 0
488 1461 0 0
930 1568 0 0
930 1568 0.680745 0
922 1568 0.680745 0.70922
926 1560 0.680745 0.70922
953 1572 0.680745 0.70922
903 1572 0.680745 0.70922
905 1572 0.680745 0.70922
2010 1921 0.680745 0.70922
6627 3238 1.95 1.52515
6726 3221 1.95 6.162
6678 3221 7.65544 11.5884
7031 3379 15.2327 9.97371
6720 3246 15.2327 7.43137
6479 3246 7.19355 7.22854
6465 3183 7.19355 6.85009
6453 3183 7.19355 6.85009
6133 3091 6.94915 6.79823
6246 3118 6.94915 6.53583
6133 3118 6.73335 6.53583
5771 2996 6.90495 6.53583
5602 2945 6.28485 6.09422
5238 2844 6.28485 5.91655
5236 2844 6.0905 5.60845
5351 2871 5.68425 5.50985
5238 2836 5.7473 5.58072
5086 2798 5.7473 5.48623
4958 2750 5.7473 5.34913
4983 2787 5.49965 5.20792
4870 2728 5.40215 5.14989
5060 2788 5.40215 5.14989
5126 2810 5.2819 5.14989
5253 2852 5.51265 5.3748
5253 2852 5.5692 5.3748
5359 2877 5.7291 5.54066
5309 2877 5.8617 5.54066
5219 2837 5.8617 5.48007
5062 2806 5.6927 5.27775
4900 2732 5.486 5.27775
4925 2732 5.343 5.07749
5244 2857 5.6524 5.21562
5087 2796 5.6524 5.54118
4743 2703 5.6524 5.09135
4799 2718 5.239 4.88698
4929 2771 5.0791 5.11035
4872 2727 5.41905 5.11035
4947 2776 5.2871 5.05952
4800 2719 5.3638 5.18173
4783 2719 5.2533 5.0246
4884 2748 5.2533 4.94706
4782 2697 5.13825 5.07133
4704 2680 5.3807 4.90547
4715 2680 5.07 4.90547
4678 2680 5.07 4.90547
4802 2712 5.15515 4.85001
4685 2684 5.15515 4.98249
4777 2720 5.15515 4.98249
4917 2752 5.0895 4.98095
5050 2788 5.2832 5.11241
4547 2652 5.48145 5.11241
4441 2614 5.291 4.70623
4564 2642 4.9387 4.70623
4506 2610 4.9387 4.70623
4571 2647 4.9387 4.70623
4571 2647 4.823 4.70623
4803 2714 5.04595 4.98352
4543 2637 5.16815 4.98352
4358 2584 4.90295 4.80174
4274 2584 4.6826 4.43202
4241 2548 4.5552 4.37348
4467 2639 4.5552 4.37348
4411 2608 4.8711 4.61174
4615 2646 4.75865 4.61174
4613 2663 5.0219 4.93628
4708 2693 5.0219 4.93628
4668 2673 5.083 4.86439
4666 2688 5.083 4.86439
4633 2670 5.083 4.86439
4561 2644 5.0258 4.81406
4593 2644 4.9179 4.81406
4774 2711 5.0115 4.91933
4719 2695 5.161 4.91933
4659 2676 5.161 4.99687
4420 2604 4.966 4.72831
4936 2770 4.7944 4.79866
4758 2712 5.31115 4.79866
4824 2733 5.1753 5.0513
4879 2753 5.1753 4.96709
4644 2671 5.33845 5.05695
4682 2751 5.05895 5.05695
5850 3019 5.05895 4.85206
6111 3108 6.22505 4.96554
6042 3108 6.68785 6.20976
6756 3311 6.68785 6.41978
6838 3350 7.42105 6.41978
6838 3350 7.56665 7.15203
6520 3248 7.3086 7.25165
7308 3511 8.05935 6.97436
7346 3511 8.18155 7.78363
7646 3575 8.39345 7.89968
7705 3616 8.5787 8.10662
7812 3646 8.5787 8.23705
7416 3524 8.4955 8.28738
7616 3593 8.4955 7.90841
7740 3626 8.424 8.17441
7780 3626 8.5696 8.23911
8287 3799 8.99405 8.23911
8606 3913 9.42305 8.77623
8168 3760 9.6044 9.13516
8288 3800 9.0389 8.89279
8531 3881 9.4289 8.72591
8575 3915 9.54915 9.11873
8174 3801 9.54915 9.11873
8819 3975 9.295 8.8702
8872 4022 9.94825 9.1706
9138 4080 10.0217 9.49667
8545 3893 10.0217 9.72364
9382 4173 10.0217 9.38473
9139 4074 10.5612 9.74726
9103 4101 10.2694 9.96241
9247 4124 10.2694 9.65175
9443 4186 10.2694 9.94187
9358 4165 10.7185 9.94187
9062 4064 10.7185 10.5093
9988 4367 10.7185 9.64815
9639 4253 10.0548 10.1955
9639 4253 11.1839 10.6906
9714 4275 10.9128 10.3681
9733 4275 10.9128 10.4199
9726 4299 10.8537 10.651
9786 4299 11.1559 10.3239
9550 4245 10.9447 10.4852
9361 4149 10.6223 10.2659
9359 4173 10.6223 10.0204
9273 4148 10.4468 10.0785
9041 4079 10.5774 9.82017
9527 4225 10.0899 9.89309
9445 4225 10.6398 10.1611
9606 4249 10.6398 10.1611
9105 4107 10.7146 10.3414
8990 4051 10.4949 9.72364
9085 4095 9.95995 9.63275
9324 4159 10.3181 9.78166
9332 4159 10.3181 9.97987
8891 4025 10.4787 9.97987
8805 4025 10.4787 9.72107
8864 4025 9.99765 9.31386
9044 4070 9.99765 9.48332
9364 4204 10.2609 9.63891
8999 4036 10.2609 9.88796
8658 3950 10.6372 9.88796
8768 3990 9.9151 9.27535
8436 3884 9.63885 9.36213
8971 4037 9.6889 9.13825
9154 4110 9.5485 9.2964
9467 4191 10.1634 9.83712
9180 4123 10.3305 10.0189
9180 4123 10.6808 10.1349
9077 4089 10.2258 9.63223
9190 4120 10.1432 9.94752
9643 4268 10.363 10.0954
9562 4242 10.8882 10.4086
9753 4297 10.7484 10.4086
9989 4387 11.0253 10.5185
9798 4335 11.1937 10.7614
9346 4178 11.0233 10.2525
9448 4226 10.5885 9.92493
9565 4226 10.6652 10.5
9559 4255 10.9525 10.0826
9788 4328 10.6535 10.4585
9667 4271 10.9986 10.4585
9304 4170 10.9986 10.4585
9247 4143 10.4358 10.309
9347 4186 10.1783 10.0466
9485 4223 10.5196 10.0466
9491 4223 10.5196 10.0466
9608 4259 10.684 10.2792
9363 4181 10.766 10.2839
9268 4159 10.7022 9.99528
9118 4108 10.4052 9.99528
9240 4137 10.2804 9.7678
8818 4008 10.2804 9.7678
11422 4824 9.91835 9.50283
11300 4790 11.698 9.50283
11365 4822 12.6295 12.3132
13073 5379 13.0253 12.2608
12084 5056 14.168 12.2608
12882 5314 14.168 14.15
12882 5314 14.168 18.9132
13059 5381 14.4885 13.8296
12855 5321 14.8044 14.1182
12374 5162 14.8044 14.1182
12882 5343 14.183 13.4845
13713 5602 14.2454 13.5739
12872 5328 15.7274 14.9921
14897 5975 24.2749 14.0997
15317 6125 15.6 16.8151
16165 6411 17.5734 16.8151
15585 6228 18.2585 17.3614
15970 6365 17.6007 16.697
16795 6599 18.6446 17.7825
17127 6736 18.5276 17.5299
17612 6884 19.3388 18.4151
17746 6958 19.8757 18.9071
17145 6796 20.3827 19.4093
17426 6871 20.0551 19.2378
17025 6731 19.6196 18.6277
17442 6877 19.7873 18.8218
17761 6965 19.37 18.4151
17679 6965 20.4035 19.4175
17515 6920 20.3242 19.3333
17998 7052 20.4256 19.1813
17626 6967 20.0252 19.1813
18109 7115 20.5296 19.4575
18903 7362 20.2163 19.2337
18086 7094 21.0925 20.1364
18369 7207 21.567 20.3983
17856 7027 20.8299 19.8437
19263 7498 21.0639 19.9895
19263 7498 20.5686 19.5602
18282 7179 21.9531 20.8707
18565 7320 20.9261 19.8632
18721 7320 21.4097 20.387
18926 7404 21.4097 20.3315
18448 7245 21.7165 20.6468
18639 7323 21.1159 20.0861
18465 7257 21.4409 20.2021
18470 7257 21.0717 20.0131
18317 7257 21.151 20.198
18116 7144 21.151 20.1467
18461 7260 20.8637 19.9207
18912 7388 20.9521 19.9957
18043 7118 21.6736 20.6109
17909 7066 21.1263 20.0953
18216 7163 20.4841 19.4986
18517 7257 20.852 19.8293
17259 6890 21.0704 19.9916
18399 7235 20.1409 19.1967
17372 6899 20.8507 19.6126
17492 6899 20.3385 19.3066
17502 6899 20.0889 19.1443
16504 6590 19.9888 19.0108
17327 6860 19.0502 18.257
17581 6951 19.1698 18.257
17986 7098 20.072 19.1207
17450 6904 20.2124 19.3559
17679 6991 19.9238 18.8989
17485 6930 20.3203 19.3867
18313 7213 20.0291 19.0457
18313 7213 20.2371 19.2511
17627 7034 20.7506 19.7297
18003 7086 20.2306 19.2552
16871 6736 20.3216 19.2552
16574 6642 18.8994 18.0033
17626 6959 19.4584 18.5291
18081 7113 20.3502 19.3887
18954 7429 20.7727 19.7923
19770 7682 22.7279 21.6296
18917 7411 22.1468 21.0812
19602 7629 21.6541 20.5831
18975 7400 22.5706 21.4622
18545 7304 21.6515 20.5708
18621 7304 21.2381 20.2329
18941 7413 21.2992 20.2329
19552 7642 21.866 20.767
18760 7355 22.3301 21.2188
19384 7588 21.4422 20.3777
19556 7650 22.2755 21.1952
19061 7452 22.4978 21.3852
18445 7273 21.8491 20.7659
18930 7433 21.1926 20.1898
19814 7719 21.4058 20.3942
19186 7502 22.7149 21.6101
19988 7778 22.1052 20.958
19983 7778 22.906 21.7375
18854 7395 22.906 21.8166
18512 7290 21.5137 21.8166
19313 7511 21.7607 20.5698
38786 13998 22.2508 21.0134
42860 15396 22.2508 21.0134
42860 15396 39.3081 58.806
42461 15396 72.852 58.806
41389 15057 48.321 45.7991
40028 14598 48.321 44.0455
40254 14716 46.6667 44.3228
39806 14543 47.086 44.7721
36669 13520 47.086 40.5716
40316 14749 45.8835 43.3368
39953 14615 45.8835 44.2663
39399 14450 45.604 43.4498
36260 13394 44.1805 42.1121
38571 14144 44.1805 42.1121
2832 2132 19.695 40.4766
424 1419 19.695 24.3322
414 1419 0 0
414 1419 0 0
409 1419 0 0
405 1419 0 0
403 1419 0 0
402 1419 0 0
401 1419 0 0
401 1419 0 0
397 1419 0 0
397 1419 0 0
392 1419 0 0
394 1419 0 0
394 1429 0 0
392 1420 0 0
392 1409 0 0
398 1418 0 0
396 1418 0 0
396 1418 0 0
395 1426 0 0
393 1418 0 0
394 1418 0 0
396 1418 0 0
398 1418 0 0
394 1418 0 0
393 1418 0 0
394 1418 0 0
398 1418 0 0
398 1418 0 0
391 1430 0 0
393 1420 0 0
392 1420 0 0
393 1420 0 0
393 1420 0 0
390 1420 0 0
388 1412 0 0
386 1434 0 0
388 1434 0 0
393 1423 0 0
392 1423 0 0
938 1599 0 0
944 1585 0 0
10074 4281 0.735865 0.749145
15632 5912 1.34141 1.40945
16054 6133 3.9 6.162
15582 6027 7.8 15.405
15944 6149 19.5 25.9276
15657 6113 26.5921 24.7928
15793 6159 25.7023 21.5747
15793 6159 18.0284 17.1586
15691 6159 18.0284 17.1586
15318 6064 17.6865 16.8659
15331 6064 17.2861 16.5398
40240 14075 19.0099 17.3948
47076 127 54.0969 52.1331
45958 16305 96.369 51.7557
36412 13733 78.7345 49.0932
36502 13262 41.4895 40.1429
35681 13029 42.3085 39.9708
34376 12611 40.8135 38.9336
33844 12441 39.65 37.6601
35282 12910 39.923 37.7474
33949 12483 40.898 38.6665
35020 12874 39.4095 37.126
35162 12874 41.0085 38.7975
34415 12681 40.716 38.2763
35445 13028 39.676 37.3725
37910 13855 41.2165 38.9284
35863 13216 43.4265 41.5755
34369 12704 41.7495 39.5498
35931 13227 39.858 37.7525
35609 13124 41.9315 39.6756
35947 13250 41.392 39.1364
36818 13545 41.522 39.2263
35725 13183 43.1145 40.8078
36884 13556 41.5545 39.4034
36381 13405 43.1665 40.8541
35102 12978 42.094 39.7244
33609 12478 41.873 39.5857
35556 13112 39.078 37.0465
36556 13475 40.235 38.1274
36556 13475 42.3735 40.1018
36731 13559 42.12 39.9939
35620 13212 42.796 40.2019
36042 13302 41.2555 38.777
35175 13011 41.457 39.2211
34569 12810 40.3065 38.1839
36022 13304 41.3985 38.6588
34766 12893 41.3985 38.6588
36237 13362 40.9305 38.7128
36844 13593 42.2045 39.9298
35662 13169 42.2045 40.6076
36945 13647 41.561 40.6076
36673 13534 43.212 40.8746
36410 13450 42.172 39.8835
34361 12721 42.3085 40.0812
34932 12951 39.598 40.0812
35724 13224 41.288 39.1313
34637 12874 41.288 39.1313
34893 12945 41.158 39.0696
34820 12945 41.158 39.0696
35279 13038 40.5405 37.9887
35954 13302 40.5405 38.9978
36891 13639 41.015 38.9978
36891 13639 41.9055 39.5729
34356 12745 42.8415 38.7667
34005 12650 39.3575 37.6883
35696 13206 39.3575 37.6883
35742 13206 39.4615 37.316
35328 13093 41.5155 39.4291
36503 13558 41.5155 39.4291
36503 13558 41.093 40.1814
36304 13430 42.0485 40.1814
36742 13572 42.224 40.4022
35648 13221 42.77 40.4022
36091 13358 41.8405 39.5883
35912 13266 41.405 39.3803
35579 13149 41.977 39.8681
33868 12608 41.2815 38.9901
34643 12854 39.585 37.7936
35872 13275 41.4505 37.7936
35998 13275 41.4505 40.0504
35619 13200 42.757 40.0504
36526 13481 40.7095 38.5767
36748 13581 42.094 39.8245
36003 13339 42.8415 40.5229
35950 13339 41.925 39.6088
36609 13533 41.015 38.8797
38076 14037 42.978 40.6589
41401 15162 43.5305 41.3984
44624 16259 44.5965 42.279
45790 16694 52.13 49.0906
63293 22636 51.3175 48.6105
82995 12953 54.5935 56.1178
83667 29557 92.664 82.8738
84040 29727 98.293 151.873
84083 13319 95.7775 126.506
81860 12626 99.736 94.6586
79690 11902 95.641 90.8895
81852 12620 94.341 89.6057
80325 28496 92.612 88.1371
80418 12162 95.5695 90.263
79091 28143 94.536 89.5236
79091 28143 92.3845 87.3155
78606 11627 93.184 88.2604
76927 27345 90.4865 86.0934
75589 10596 88.933 84.4399
76180 27171 88.3025 83.7005
78961 28126 88.569 83.9983
78136 11400 91.6565 86.9972
71554 9161 91.2795 86.4837
73805 26339 84.071 78.9558
80448 28589 87.347 81.9032
76506 27286 93.184 89.5236
73566 22236 89.2125 84.2756
72837 9667 86.0535 81.4206
73594 9932 85.2475 80.4244
74014 26429 85.1955 81.6876
70863 8984 86.5865 81.626
72684 26008 82.498 78.6374
71115 21361 82.498 79.8082
70843 25398 83.655 78.2985
76037 10798 82.6735 78.2985
75249 26833 87.971 83.1151
74749 26833 88.1595 83.4951
76868 11070 86.879 82.2524
75618 10580 88.621 84.1729
75918 27073 90.012 85.241
76009 10726 86.4955 82.5811
75984 27165 89.2125 84.4399
75227 26836 88.4975 83.8648
70691 25363 89.0955 84.3783
72268 25830 83.941 79.6233
73114 9788 81.7115 77.4563
73114 9788 86.021 81.3795
72630 25961 83.8175 79.5309
74643 10263 86.3395 81.9135
74467 10263 88.2895 83.7313
71735 9358 83.4925 79.5822
75095 26866 86.424 81.9238
75758 27038 87.1065 82.6016
73771 26410 88.14 83.5875
69408 24878 84.2205 79.7876
72615 9597 83.2715 79.0174
70569 8957 82.589 78.6682
75870 10702 84.461 79.7568
74518 26627 87.3535 83.0638
72817 9723 86.5475 82.16
73073 9723 85.319 80.7325
69893 25108 84.448 80.26
73552 26352 81.9065 77.405
74813 10346 85.982 81.5233
74156 10100 87.0935 82.5297
71588 9230 86.567 82.5811
72387 25949 83.538 79.2228
72197 25949 84.396 79.9314
70771 9012 83.655 79.4384
70915 9012 83.2065 78.8633
67858 7985 83.2065 79.2741
68611 24584 79.027 74.9094
67160 24148 79.95 75.7618
72314 9490 77.584 73.4921
69820 25058 83.668 79.1303
72771 26047 83.668 77.4563
73749 9973 81.757 78.9147
73749 9973 86.06 81.6465
71409 25591 84.383 80.0136
72389 25939 83.733 80.0136
68463 24538 83.733 75.8234
70389 25300 81.5165 77.1277
70628 25300 82.264 77.9288
72341 25906 82.264 77.9288
71662 9302 84.539 79.7568
66689 23964 84.539 79.7568
70265 8782 78.845 74.8067
71469 9201 82.7905 74.8067
73499 30375 82.7905 78.5141
71152 25506 85.2605 79.9006
70484 25307 85.2605 79.9006
72770 26018 82.8945 78.9249
72538 26018 82.485 78.9249
73943 26502 85.5465 80.2806
71864 21639 85.5465 81.0919
70569 25270 87.0805 82.694
73351 9860 81.822 77.5693
74422 10213 86.4305 81.8827
73438 9868 86.4305 81.6568
70980 9037 86.1315 81.6568
68280 24524 86.1315 81.3589
65534 7224 82.9855 78.6168
71516 25589 78.7215 75.238
69168 24842 79.378 73.2456
68826 8304 82.4655 78.812
70007 8787 80.8275 77.0969
69718 25044 80.8275 76.4704
69718 25044 81.991 77.1174
69071 24790 81.887 77.6926
70459 25177 80.5285 76.152
70302 25177 82.1925 78.0931
72222 25844 81.6985 77.4461
75012 26769 84.344 79.9314
73469 26262 86.723 81.8416
76016 27140 86.1055 82.0368
71457 9227 87.2885 82.4373
74427 10241 85.4685 79.8184
75517 26981 86.19 81.3795
74110 10124 87.4445 82.7351
70360 8857 87.23 83.1973
71000 25471 84.2855 79.7055
73521 26290 81.809 77.6412
75998 10793 84.11 79.7568
71213 9123 88.257 83.5978
69381 24879 86.216 81.6876
72455 25923 79.001 74.8786
71104 9111 84.7405 80.3319
70150 25137 83.0505 78.545
70192 8779 82.9205 78.6168
70742 25355 82.3615 78.0725
67449 7839 82.3615 78.0725
71589 9266 80.704 76.4191
94509 555 79.9695 76.4191
99199 34806 90.5255 82.1189
104246 36426 116.122 110.331
109141 21584 117.734 111.738
107725 53803 124.963 118.618
106374 4144 126.262 119.83
107147 4430 126.262 119.748
107147 4430 123.422 116.903
104094 3371 124.884 117.787
107816 53835 123.63 116.38
107883 53835 126.249 119.512
102434 19259 124.455 118.259
104854 20080 122.245 114.243
102249 52024 122.311 116.349
101730 35515 119.333 112.949
98183 34361 118.463 112.693
104829 36510 116.168 108.718
103022 31811 121.602 115.322
109598 38105 120.055 113.319
107443 4489 127.874 120.621
107797 53899 126.1 118.618
109288 54388 126.1 119.491
107323 53709 126.965 120.58
107425 53709 125.151 118.69
104665 20027 124.93 118.69
110337 38662 122.506 115.876
111065 38662 128.986 121.946
109636 21577 128.908 122.49
105683 36810 130.553 124.873
106821 53584 122.928 116.544
108571 21294 123.474 117.561
108571 21294 125.125 118.762
108390 4864 129.421 122.963
108400 53991 126.958 120.477
106872 33015 127.602 120.827
104816 20109 124.442 118.362
104521 19988 123.058 116.421
103315 19637 121.082 114.562
103315 19637 124.481 118.393
103974 15759 118.118 111.193
103825 36222 121.862 115.866
104426 36222 124.312 117.54
103943 36222 119.691 113.617
103635 19730 122.206 116.174
110837 5682 125.398 118.074
107427 4495 128.641 122.028
109146 37833 125.027 118.577
110362 54664 128.297 121.535
107482 20924 128.538 121.535
109046 54309 123.981 117.941
103210 35984 126.873 120.56
105485 20327 122.356 115.866
111103 38592 123.156 116.708
108060 53993 129.525 123.394
110372 5504 129.525 120.375
112660 22588 128.817 121.576
110736 22041 131.417 124.647
105514 20274 128.986 122.326
104643 20069 128.986 116.975
42855 15484 122.902 116.4
432 1424 59.3385 36.1093
425 1424 0 0
422 1424 0 0
419 1424 0 0
419 1433 0 0
417 1433 0 0
418 1424 0 0
414 1424 0 0
414 1424 0 0
413 1424 0 0
414 1424 0 0
416 1424 0 0
415 1432 0 0
413 1424 0 0
410 1432 0 0
410 1424 0 0
409 1409 0 0
404 1424 0 0
401 1434 0 0
400 1434 0 0
524 1483 0 0
912 1583 0.564538 0
931 1597 0.687018 0.577713
10753 4580 0.687018 0.70465
15665 6104 3.9 6.162
15625 6104 7.8 6.162
16103 6334 19.5 24.9371
16168 6334 19.5 27.4486
15921 6334 30.5851 27.4486
15544 6215 26.845 26.3425
15885 6327 17.8438 16.9763
16190 6439 17.9751 17.1945
15608 6265 17.9751 17.1945
15608 6265 18.4327 17.4949
53423 18811 18.2793 19.0817
53467 18973 51.5307 49.5117
74097 26017 85.4067 59.204
76416 26880 107.055 59.4376
73172 25905 87.373 83.7056
73172 25905 88.1465 133.412
70782 8772 84.981 131.579
73644 26089 82.693 78.052
72214 9480 85.163 80.9584
77382 11024 84.474 79.613
74522 26504 89.804 85.0972
99802 2178 87.0805 82.3551
101770 51844 111.897 105.165
104127 3442 118.709 112.795
102813 35737 121.173 114.685
101838 51836 120.828 114.757
104198 19881 118.378 111.173
106083 20470 121.972 115.784
106364 4145 123.305 115.188
102636 2923 125.437 118.875
108403 37549 121.348 115.086
110890 38321 121.882 115.496
104711 20000 130.253 123.589
106731 4311 123.097 116.955
112435 38885 122.629 115.979
109067 4986 129.837 121.669
109346 37848 131.684 125.243
113242 55568 125.769 118.69
114803 39740 130.436 124.637
110069 21671 131.001 124.267
107567 37368 132.424 125.397
108796 4959 127.381 120.785
108692 4959 125.619 119.995
98923 34477 125.827 119.697
110276 5530 124.969 118.526
109147 5096 118.956 114.151
109147 5096 129.695 122.726
107200 53616 126.223 119.81
111195 22191 123.974 117.571
105644 3976 126.783 120.334
104830 3713 123.688 117.386
113087 22804 122.076 116.616
113677 23032 133.614 126.732
112508 22525 132.626 125.89
108495 21253 130.715 122.963
107654 16960 125.756 119.461
109682 21719 125.833 119.224
116388 23860 127.731 121.699
112765 6271 135.324 128.365
109819 21722 131.898 125.16
109301 37921 128.128 121.545
113088 55519 127.666 121.381
109456 21640 132.587 126.095
110626 54718 127.348 121.042
105812 4056 130.266 123.415
102803 35792 123.643 117.304
118577 24628 120.38 113.935
133488 29482 127.049 124.76
129043 27981 158.34 150.343
138299 26958 203.268 142.507
153943 48639 156.884 147.097
150955 35320 180.18 171.468
147102 1286 177.658 168.716
144051 16649 169.078 160.808
148514 67290 169.585 161.075
149331 26601 171.314 162.112
154439 16013 171.574 163.601
154439 16013 179.777 171.283
153851 69015 177.411 168.253
154730 3866 182.234 173.08
147961 1543 172.38 164.258
153810 69117 176.514 167.565
149703 2156 174.343 166.764
140445 64622 167.193 159.534
145305 62113 164.008 155.334
150103 35042 171.418 162.903
153181 56592 177.021 168.171
148853 1910 176.93 168.849
149258 67493 176.93 166.939
148347 30346 171.938 163.827
149938 2142 172.51 164.186
149986 84110 174.239 165.953
142163 32441 172.835 163.817
150231 18674 167.908 160.048
147219 13601 167.908 160.048
145090 33326 169.208 160.756
150759 35178 171.678 160.756
142471 65256 171.678 163.201
141209 48428 166.556 157.87
140376 15541 166.556 157.87
137207 47126 162.266 156.279
138672 14922 159.744 151.37
138605 14739 159.744 152.16
137267 30793 159.731 152.16
140481 64547 159.731 154.451
140510 15530 163.098 154.327
145458 49891 164.632 156.833
147048 34000 164.632 156.833
147048 34000 166.53 163.262
154229 85566 171.509 163.262
141828 48595 165.945 157.829
144368 33169 165.711 157.829
140169 31703 166.374 156.176
143206 49015 166.374 156.176
139780 31569 163.852 156.001
142519 65228 165.048 157.039
144046 65906 164.424 157.039
139620 15172 169.338 161.064
137197 47165 160.329 154.009
144095 28982 161.603 154.009
141686 48623 161.967 153.947
133577 29530 166.595 159.216
138776 64032 159.432 151.606
143015 65467 159.432 151.606
150620 51631 173.498 156.32
148995 51167 173.498 164.361
145709 33618 174.876 166.384
138157 47462 169.182 160.972
143929 32993 163.033 158.723
145809 33543 166.205 158.723
145894 62360 166.894 163.036
148734 51023 171.34 163.036
145544 50004 171.184 163.498
152574 85087 168.376 160.222
149572 18503 173.368 163.211
149046 83874 177.411 167.935
146329 17440 173.654 164.649
151081 43661 173.654 165.593
152214 52225 168.415 161.537
152214 52225 178.165 169.147
147866 50730 176.41 167.997
143894 33022 170.495 162.42
146558 50361 167.375 159.318
136733 47136 170.053 161.752
142144 69389 159.25 151.534
141242 32194 167.375 158.23
145380 756 165.061 158.815
137631 30948 170.742 161.393
137625 14507 159.432 151.975
141590 16324 160.316 150.014
146307 50258 167.063 158.415
147540 1362 169.533 161.342
150020 51589 170.963 162.584
152893 52339 174.018 165.624
157315 70273 176.852 168.87
152310 68542 182.299 173.029
145049 49820 178.763 169.814
137228 84131 173.173 165.326
140774 31934 160.199 152.766
151458 19184 161.902 153.547
150872 31235 173.628 165.059
151564 88801 172.302 163.848
151501 51935 179.582 171.016
143965 65843 175.591 166.836
143565 57453 170.521 162.471
143565 57453 163.696 156.885
145465 17119 167.765 159.873
150791 35381 167.375 159.514
147846 34323 173.875 164.197
148938 34748 172.029 162.923
148938 34748 177.138 169.126
144505 49596 166.829 159.021
151933 35657 171.73 165.162
148338 50831 174.005 165.552
147707 50831 172.419 164.084
149350 51126 172.237 163.991
156632 53652 176.397 169.845
155493 86013 180.336 171.673
142185 48899 177.281 168.017
142965 28620 162.968 154.902
138675 14800 168.103 158.733
146421 50259 162.76 154.101
144262 49565 170.053 162.235
148747 51002 167.557 158.98
157275 82486 173.745 165.029
155100 85799 182.104 173.553
158323 37798 179.452 170.626
158312 37798 183.989 175.442
154625 20182 183.56 174.724
158266 54225 179.621 171.16
152547 68701 183.833 175.032
152506 35901 178.048 169.599
155081 85759 177.489 169.342
154065 52733 180.076 171.755
163341 55878 181.766 172.351
165851 36185 189.163 180.197
160300 54911 189.826 180.957
165512 7444 189.228 179.499
165752 23986 192.673 184.295
163834 39688 188.409 179.437
168487 57520 193.83 185.343
168487 57520 190.372 180.793
160804 55035 189.449 181.029
158890 70881 186.901 176.726
161068 5965 187.239 178.184
165958 73160 189.618 180.423
162748 55635 194.311 185.168
158018 50153 186.355 176.439
170378 90981 196.066 184.706
168240 8382 196.066 186.164
166281 56955 195.065 187.469
169870 41728 195.065 187.469
172943 75376 198.705 189.297
176508 60307 202.54 193.23
171981 58919 202.54 193.23
173242 26476 203.112 190.262
172365 75314 199.082 190.057
168103 41055 199.082 190.057
165479 56665 193.232 184.069
170273 41864 193.232 183.997
168689 8622 198.939 189.461
169608 25250 198.939 183.556
166026 40335 197.327 189.132
163638 39630 197.327 184.008
156731 53719 193.128 184.008
161814 22686 188.682 179.694
163729 35590 182.637 173.337
162039 55512 188.955 179.479
162555 39351 190.099 180.998
162701 88441 188.656 179.612
156249 4541 187.772 179.407
166007 36474 191.126 182.128
166007 36474 182.455 182.693
165640 56719 192.179 182.693
168652 8455 191.412 183.063
167370 73591 195.39 186.092
176366 60198 192.686 183.361
170853 58377 205.959 195.921
165376 40297 200.252 190.56
162472 6560 189.072 182.292
164159 23427 189.072 180.516
160378 38607 189.696 180.957
163389 6726 188.149 178.236
164214 89052 190.645 180.639
165974 40434 188.942 179.376
160216 54878 193.973 184.788
162709 39314 185.926 177.414
161875 88147 189.8 180.957
165505 40267 187.59 179.222
170335 9143 192.153 182.292
166152 56828 196.339 186.965
172824 75468 194.194 185.055
171645 58701 195.962 188.054
173867 59438 201.864 192.059
173091 59438 201.513 191.833
165018 76909 201.045 191.71
169199 20959 199.979 190.457
164053 23372 192.764 183.802
161423 38847 191.776 184.069
168084 57542 191.321 182.601
171575 58594 188.11 177.086
176090 27374 197.548 188.208
168599 24913 202.007 192.09
168599 24913 199.602 190.827
164258 7160 191.516 183.114
171051 42163 198.289 188.845
161998 51359 197.925 188.67
158459 54276 182.936 175.514
164565 56314 185.523 177.425
166184 24101 192.842 182.344
158119 37788 190.528 181.183
159410 21927 186.901 177.866
157545 17234 187.343 178.38
156558 20945 180.96 172.022
157713 37609 182.936 174.189
160897 63316 183.508 175.473
162577 2337 185.77 177.692
528 1436 170.144 167.945
486 1436 8.983 4.52907
484 1436 0 0
477 1436 0 0
473 1436 0 0
468 1456 0 0
467 1428 0 0
467 1442 0 0
465 1442 0 0
462 1442 0 0
462 1442 0 0
462 1453 0 0
460 1453 0 0
458 1445 0 0
478 1445 0 0
516 1445 0 0
518 1445 0 0
518 1445 0 0
464 1445 0 0
457 1437 0 0
455 1447 0 0
457 1447 0 0
460 1447 0 0
499 1447 0 0
457 1447 0 0
420 1436 0 0
412 1489 0 0
409 1440 0 0
407 1440 0 0
408 1440 0 0
409 1432 0 0
409 1432 0 0
402 1432 0 0
405 1443 0 0
403 1443 0 0
402 1443 0 0
405 1443 0 0
406 1443 0 0
404 1457 0 0
405 1442 0 0
406 1442 0 0
404 1434 0 0
