911		880.5		0		0
908		886.5		0		0
908		886.5		0		0
3140		14192		0		0.860472
3140		14192		1.93596		3.081
12208		68322		3.9		6.162
12208		68322		7.8		15.405
19299		111593		19.5		28.7329
19299		111593		34.2849		35.1871
23407		139227		37.2476		35.3083
23407		139227		39.5915		25.1512
26131		157859		26.9815		26.9254
26131		157859		29.7375		28.2425
29078		177254		30.3323		30.0372
29078		177254		33.1273		31.059
31481		191268		32.942		32.3993
31481		191268		35.8117		34.0682
34465		204686		36.465		35.4366
34465		204686		39.0033		36.9925
35571.5		208342		38.935		36.9386
35571.5		208342		39.8677		37.3623
35687		208342		38.8797		36.6485
35687		208342		39.7897		38.5022
39500		232973		42.1623		40.9337
39500		232973		44.629		41.9452
40203.5		237794		44.2227		41.9452
40203.5		237794		45.0352		42.356
41740		247364		44.8078		42.356
41740		247364		46.462		45.3292
43581.5		259168		48.6362		45.5808
43581.5		259168		48.464		45.8992
42964		255572		48.8475		45.5115
42964		255572		47.8887		44.654
42087.5		250210		47.0275		43.6629
42087.5		250210		46.4555		44.5667
43612.5		259921		48.5322		46.5513
43612.5		259921		49.0783		45.075
43803.5		261248		47.6353		45.55
43803.5		261248		49.0327		46.2124
43792.5		261248		48.9515		45.853
43792.5		261248		48.9515		46.1662
44041		262690		48.3633		44.8157
44041		262690		48.295		47.1085
45653.5		272928		51.1452		47.9532
45653.5		272928		50.8235		47.8864
46170.5		276315		51.649		49.1188
46170.5		276315		51.87		48.1098
45194.5		270416		50.7975		47.3575
45194.5		270416		49.9688		47.5373
44936.5		268898		50.8918		47.2779
44936.5		268898		49.829		47.1265
45022.5		268898		50.739		47.9891
45022.5		268898		50.44		46.8774
44629		267174		49.8387		46.9416
44629		267174		49.7705		46.5642
44629		267174		50.05		47.9481
45095.5		269984		50.7487		47.1188
45095.5		269984		49.8485		47.1188
45469.5		272448		50.6838		47.9224
45469.5		272448		50.8592		46.9878
43167		258188		48.425		44.6309
43167		258188		47.8855		46.2099
44994		269513		50.167		47.6246
44994		269513		50.284		46.5539
43646.5		261118		48.8442		45.7297
43646.5		261118		48.633		45.5038
43716.5		261118		48.1618		45.5038
43716.5		261118		49.2147		47.7298
45108.5		270034		51.2687		47.4192
45108.5		270034		49.6242		46.4307
45243.5		270034		49.3447		46.9827
45243.5		270034		51.3175		49.0521
45983		275650		52.0065		48.2844
45983		275650		51.0055		47.4987
44976		269324		49.7705		46.9313
44976		269324		50.622		47.7683
44309		265386		50.3522		46.8286
44309		265386		49.192		45.4422
43842		262325		47.7393		45.3087
43842		262325		49.4032		47.414
45298		271388		50.8202		47.8428
45298		271388		50.596		47.0058
44644.5		267464		49.3155		46.5899
44644.5		267464		50.2873		47.1188
43476		260306		49.1042		45.4627
43476		260306		48.386		45.6553
43828.5		262410		48.3047		45.5295
43828.5		262410		48.971		46.6694
45017.5		269782		49.8647		46.8517
45017.5		269782		50.388		47.6836
45229.5		269782		50.3197		47.1444
45229.5		269782		50.4985		47.8043
44732.5		268040		50.388		46.9519
44732.5		268040		49.9492		47.0135
46038.5		276180		50.1247		47.7812
46038.5		276180		51.6847		48.8518
45108.5		270366		51.4832		47.871
45108.5		270366		50.7455		47.0648
45181		270366		50.011		47.776
45181		270366		50.401		47.0212
44759.5		268228		50.401		47.396
44759.5		268228		49.8745		46.7028
44002.5		263462		49.5592		46.0866
44002.5		263462		48.659		46.2304
45241.5		271184		49.881		47.5706
45241.5		271184		50.8885		47.4731
44885		268828		50.0077		46.8492
44885		268828		50.1182		47.3627
44755.5		268828		50.2905		47.5424
44755.5		268828		50.5635		46.7876
43963.5		263211		48.8475		45.7092
43963.5		263211		48.9645		46.2278
45094		270280		49.6047		47.5783
45094		270280		50.9925		47.337
45421.5		272422		49.5788		46.6746
45421.5		272422		50.4107		48.079
45421.5		272422		51.2297		47.8941
45354.5		272422		50.4953		47.717
45354.5		272422		50.4953		45.8633
43032.5		257442		47.45		44.9723
43032.5		257442		48.763		47.1034
46998		282020		51.9545		50.0714
46998		282020		52.9847		48.4847
45044.5		270033		50.8365		47.3601
45044.5		270033		49.8452		46.7003
43674		261545		49.4618		46.2972
43674		261545		48.1292		44.5076
43611		261545		48.0382		46.3074
43611		261545		49.1595		45.722
43068.5		257739		48.3503		45.0853
43068.5		257739		47.7717		46.138
44689.5		267784		50.3848		46.7824
44689.5		267784		49.2472		46.1508
43637		261370		48.6818		45.9377
43637		261370		48.8215		45.9916
44512		266726		49.8452		47.396
44512		266726		49.5723		45.9428
44565.5		266726		49.3317		46.9236
44565.5		266726		49.9232		46.785
44883.5		269154		49.517		46.6001
44883.5		269154		50.128		48.1381
45072.5		270590		51.4605		47.6682
45072.5		270590		50.115		46.3973
44631.5		267600		48.7533		46.2535
44631.5		267600		50.2287		47.8479
45147		271060		50.7975		47.4423
45147		271060		50.3327		47.1444
44546.5		267220		49.5983		46.328
44546.5		267220		49.5983		47.3883
45681		274232		50.83		47.9044
45681		274232		51.2948		47.9635
43983		263730		49.985		46.1508
43983		263730		48.8312		46.1508
45243		271428		49.1952		46.8415
45243		271428		50.6707		48.2356
44623.5		267650		51.4963		47.4987
44623.5		267650		49.4585		46.2561
45535.5		273110		49.4585		47.2728
45535.5		273110		50.7195		48.1894
45689.5		273110		52.2567		48.8518
45689.5		273110		50.57		47.2548
44775.5		268458		50.7682		47.4602
44775.5		268458		49.803		46.6489
45289		271606		50.5147		48.0764
45289		271606		50.4107		47.0494
45942		275689		50.4627		47.9506
45942		275689		50.9795		48.2716
44997		269890		51.9772		48.1535
44997		269890		50.1377		46.957
44377		266060		49.6437		46.2895
44377		266060		49.0912		46.5976
44915		269416		50.3587		47.7144
44915		269416		50.4205		46.7696
45213.5		271300		49.8387		47.4269
45213.5		271300		50.7357		47.5501
44064		264162		49.842		45.8812
44064		264162		48.5648		46.102
44064		264162		50.3425		48.0713
45127.5		270713		50.44		47.2086
45127.5		270713		50.2092		47.1573
44685		267916		49.9395		46.5976
44685		267916		49.855		47.0982
44320		265570		49.6893		46.5231
44320		265570		49.2082		46.12
44642		267518		49.4552		47.0469
44642		267518		50.2222		47.0469
44539.5		267518		49.816		46.8903
44539.5		267518		49.6502		46.1482
43787.5		262349		48.529		45.7888
43787.5		262349		49.2407		46.6309
44468		266422		49.608		46.559
44468		266422		49.608		46.8312
44661		266422		50.1507		47.3062
44661		266422		49.6502		46.3254
44959.5		269544		49.5235		47.1008
44959.5		269544		50.583		47.9737
45602		273612		51.2492		47.9737
45602		273612		50.7227		47.3575
44539.5		267036		49.8517		46.6951
44539.5		267036		49.5983		47.0905
46057		276561		50.7975		48.4333
46057		276561		51.8083		48.5103
45424.5		272498		51.4215		48.0431
45424.5		272498		50.4562		47.0212
44769.5		268560		49.764		47.0212
44769.5		268560		50.2157		47.1932
45115.5		270624		50.1312		47.1932
45115.5		270624		50.31		47.7889
44800.5		268702		51.1257		47.6862
44800.5		268702		49.959		46.0764
43661.5		261660		48.737		46.0764
43661.5		261660		48.8573		45.5577
45159		270852		48.7272		46.5642
45159		270852		50.596		48.3255
46272		277768		51.35		48.5822
46272		277768		52.104		48.6464
45393.5		272322		50.9697		48.0225
45393.5		272322		51.051		47.3267
46256.5		277686		50.2125		47.6605
46256.5		277686		51.961		49.4603
45185.5		271152		52.1657		49.1522
45185.5		271152		51.3857		46.0455
44264.5		265279		47.8465		45.4576
44264.5		265279		49.66		47.2497
45250		271384		49.66		46.8286
45250		271384		50.9145		48.1304
19936.5		117002		50.3262		44.7618
19936.5		117002		27.3162		4.34164
846.5		535		0		0
