848.5		519		0		0
848.5		519		0		0
848		519		0		0
848		519		0		0.596302
1761.5		55175.5		1.49721		1.5405
1761.5		55175.5		3.9		3.081
2532.5		101460		7.8		6.162
2532.5		101460		19.5		15.405
3084		137762		34.7386		29.7635
3084		137762		38.7114		37.6775
3280.5		151716		39.2308		37.0696
3280.5		151716		26.936		27.5621
3627.5		174584		30.4037		28.5121
3627.5		174584		31.0212		31.0231
3890		190000		33.9072		32.1887
3890		190000		34.333		32.9205
4144.5		201270		36.0653		34.5457
4144.5		201270		36.7868		35.7987
4438		215684		39.7507		38.1017
4438		215684		40.4722		38.5459
4466.5		217831		41.639		38.9875
4466.5		217831		40.7323		38.4098
4560		223714		41.457		39.4086
4560		223714		41.9608		39.7654
4751.5		235794		43.03		41.2597
4751.5		235794		44.3495		41.9478
4870.5		243464		44.6355		42.1635
4870.5		243464		45.409		43.5037
4848		243464		46.397		43.0775
4848		243464		45.1587		42.505
5070.5		256216		45.825		43.799
5070.5		256216		47.7002		45.7528
5195		264235		48.8995		46.12
5195		264235		49.4065		46.8158
5042		254936		49.1595		44.9261
5042		254936		47.2127		44.8517
5067.5		256502		48.1097		44.8517
5067.5		256502		47.6027		45.2984
5235.5		267026		48.5615		46.5539
5235.5		267026		50.492		47.5193
5067.5		256757		49.0197		45.1444
5067.5		256757		48.035		45.1444
5035		254873		47.6807		44.2252
5035		254873		46.9235		44.7361
5295.5		271056		48.3372		46.595
5295.5		271056		50.4043		47.7298
5235.5		267372		50.6512		47.1136
5235.5		267372		49.8192		46.9365
5235.5		267372		49.8192		46.6078
5324.5		272715		49.881		48.2947
5324.5		272715		51.7725		48.5103
5467.5		281862		51.9155		49.3628
5467.5		281862		52.949		49.2036
5374		276242		52.1073		49.0829
5374		276242		51.0933		46.8492
5207.5		265916		49.3838		46.4127
5207.5		265916		49.621		47.1085
5265.5		269490		50.284		47.3935
5265.5		269490		50.1833		46.9185
5182		264423		49.972		46.7876
5182		264423		48.971		45.2907
5068		257150		47.9147		45.0339
5068		257150		47.749		45.74
5410.5		278300		50.5928		48.7697
5410.5		278300		52.0357		48.5951
5214		266364		50.4432		46.3819
5214		266364		49.452		46.9108
5261		269180		50.1085		47.1958
5261		269180		49.9297		47.1342
5379.5		276424		50.037		47.0135
5379.5		276424		51.7173		49.9687
5292		271318		52.4907		48.2408
5292		271318		50.3425		46.5539
5291		271318		49.2765		46.9544
5291		271318		50.7098		48.0482
5251.5		268630		50.5505		46.7773
5251.5		268630		49.8225		47.3293
5332		273618		50.687		47.8813
5332		273618		50.9437		47.9429
5194.5		265268		50.9437		47.4705
5194.5		265268		49.4552		45.6938
5224		266770		48.633		46.3126
5224		266770		49.6275		46.9801
5284		270584		50.2028		46.9801
5284		270584		50.1117		47.7555
5260.5		269104		51.259		48.0379
5260.5		269104		50.1215		46.577
5284.5		270715		49.569		47.034
5284.5		270715		50.5245		47.4474
5287.5		270715		50.8267		48.0508
5287.5		270715		50.5083		47.1316
5193		264812		49.777		46.3203
5193		264812		49.0165		46.2535
5364		275600		49.972		47.7144
5364		275600		50.8853		48.269
5230.5		267483		51.935		48.269
5230.5		267483		49.8615		46.2612
5244.5		267483		49.348		46.7465
5244.5		267483		49.959		47.1778
5175		263892		49.7933		45.7939
5175		263892		48.5907		46.5103
5191		263892		49.946		46.7644
5191		263892		49.2017		46.2278
5251		268534		49.4813		46.6053
5251		268534		49.4065		46.6926
5285		270690		50.674		48.1714
5285		270690		50.7975		47.3781
5373		276242		50.089		47.3036
5373		276242		50.713		48.1458
5373		276242		51.9675		49.2883
5422.5		279344		52.4745		48.6978
5422.5		279344		51.4995		48.5129
5354.5		275103		51.285		47.8531
5354.5		275103		51.0835		48.7003
5278		270360		51.415		47.2548
5278		270360		49.6015		46.0558
5160.5		262867		48.789		46.3536
5160.5		262867		49.1595		45.8941
5186.5		264608		48.6558		45.817
5186.5		264608		49.5202		47.3062
5229		267380		50.3035		46.9647
5229		267380		49.5397		46.423
5216.5		267380		49.6242		47.0392
5216.5		267380		49.751		46.3896
5272		270023		49.5365		47.1598
5272		270023		50.492		47.6579
5313		272546		50.492		47.3396
5313		272546		50.999		47.9506
5083		258383		49.7575		45.5654
5083		258383		47.684		44.8748
5128.5		260676		48.1942		45.568
5128.5		260676		48.5875		45.8761
5281		270230		49.1205		47.1932
5281		270230		50.9405		47.5244
5226.5		266788		50.05		46.7953
5226.5		266788		49.5072		46.6335
5248		266788		49.5755		46.6335
5248		266788		50.0272		47.2985
5252		268436		49.764		46.7799
5252		268436		50.2028		47.3139
5290		270882		50.596		47.4782
5290		270882		50.1702		47.4012
5378.5		276148		50.6545		47.7401
5378.5		276148		51.2557		48.8467
5272		269680		51.2557		47.1342
5272		269680		50.2385		47.5321
5241.5		267962		50.063		46.6874
5241.5		267962		50.063		47.2112
5409.5		278154		49.9557		47.7221
5409.5		278154		52.1527		49.4167
5189		264648		51.3662		47.0828
5189		264648		49.3545		46.0584
5167		264648		48.5842		45.1521
5167		264648		48.3925		46.6053
5340.5		274127		50.3783		47.396
5340.5		274127		50.6447		48.3871
5338		274127		51.4085		47.8197
5338		274127		50.8853		48.1227
5317		272716		51.2882		48.1791
5317		272716		51.181		47.8351
5178.5		264123		49.868		45.8684
5178.5		264123		48.7825		46.3819
5257		268804		49.8322		47.3909
5257		268804		50.2222		46.8389
5259		268804		49.8225		47.224
5259		268804		50.1865		46.7876
5224		266866		49.9818		46.9519
5224		266866		49.8615		47.0751
5122.5		260572		49.4422		45.3677
5122.5		260572		47.7002		45.3677
5122.5		260572		49.3805		47.1393
5294.5		271322		50.713		47.6631
5294.5		271322		50.206		47.7812
5296		271322		51.4735		47.6656
5296		271322		49.6828		46.1534
5246.5		268522		49.5235		47.4808
5246.5		268522		50.245		46.9596
5284.5		270686		50.245		47.2779
5284.5		270686		50.3652		47.5013
5275.5		270686		50.128		47.0366
5275.5		270686		50.4335		48.0918
5366		276118		51.8862		48.7055
5366		276118		50.973		47.1958
5281		270736		49.7477		47.2831
5281		270736		50.8202		47.8941
5429		279834		51.8342		49.4372
5429		279834		52.2308		48.2305
5246.5		268516		50.4823		46.8569
5246.5		268516		49.686		47.1701
5242		268516		50.4302		47.1701
5242		268516		49.712		46.5924
5131.5		261328		49.5267		46.1714
5131.5		261328		48.5095		45.2753
5203		265560		48.7435		46.785
5203		265560		49.5853		46.2355
5132		261190		48.854		45.7092
5132		261190		48.4445		45.9043
5286.5		270833		49.8582		47.717
5286.5		270833		51.194		47.0161
5175.5		263879		48.3372		45.6014
5175.5		263879		49.452		46.8723
5171.5		263879		49.7803		46.5385
5171.5		263879		49.4032		45.8787
5085.5		258240		47.645		44.5102
5085.5		258240		47.7912		45.817
5278		270414		50.154		48.0148
5278		270414		50.6415		46.7234
5225.5		267055		49.192		46.3459
5225.5		267055		49.7185		47.0315
5277		270136		50.0728		47.4243
5277		270136		50.8105		47.2754
5245.5		268398		49.907		47.0417
5245.5		268398		49.7542		46.7901
5283		270590		50.1865		47.8633
5283		270590		51.0672		47.1085
5149.5		262568		49.2505		46.0995
5149.5		262568		48.711		45.6784
5149.5		262568		49.088		46.2689
5149.5		262568		48.6525		45.6245
5240.5		268040		49.205		46.7567
5240.5		268040		49.569		46.7567
5368.5		275958		50.3978		48.3537
5368.5		275958		51.8537		48.097
5376.5		275958		50.8397		48.4102
5376.5		275958		51.7627		48.3203
5362.5		275958		51.0023		48.002
5362.5		275958		51.675		48.5309
5186		264688		50.8495		47.0392
5186		264688		49.2863		46.12
5077		257990		49.2863		46.6746
5077		257990		48.9352		44.9518
5077		257990		47.281		45.4756
5245		268343		49.1725		46.4153
5245		268343		50.5505		48.2074
5360.5		275644		51.233		48.2074
5360.5		275644		51.337		48.6156
5248		268564		51.441		47.2138
5248		268564		48.9515		45.4242
5257.5		268564		48.6297		46.9082
5257.5		268564		51.064		48.382
5386.5		277083		51.4637		48.382
5386.5		277083		51.5547		48.382
5262.5		269307		50.8495		47.1624
5262.5		269307		49.7673		46.6489
5067.5		257189		48.7272		44.8568
5067.5		257189		47.5247		44.8568
5112		260050		47.8855		45.7092
5112		260050		48.8638		45.6142
5139		261664		48.5778		45.7066
5139		261664		48.4705		46.4538
5352		274988		50.921		48.4847
5352		274988		51.259		47.586
5307		272173		50.2515		47.4243
5307		272173		50.6707		42.4973
872		2059		20.982		1.76901
872		2059		0		0
