  246 743.5 0 0
  246 743.5 0 0
  244.5 743.5 0 0
  244.5 743.5 0 0
  246 743.5 0 0
  246 743.5 0 0
  243.5 743.5 0 0
  243.5 743.5 0 0
  242 743.5 0 0
  242 743.5 0 0
  244.5 750.5 0 0
  244.5 750.5 0 0
  242.5 750.5 0 0
  242.5 750.5 0 0
  241 750.5 0 0
  241 750.5 0 0
  241.5 750.5 0 0
  241.5 750.5 0 0
  241.5 750.5 0 0
  241.5 750.5 0 0
  239.5 744 0 0
  239.5 744 0 0
  242.5 744 0 0
  242.5 744 0 0
  241.5 740 0 0
  241.5 740 0 0
  244 744.5 0 0
  244 744.5 0 0
  239.5 744.5 0 0
  239.5 744.5 0 0
  241 740.5 0 0
  241 740.5 0 0
  243.5 740.5 0 0
  243.5 740.5 0 0
  243.5 740.5 0 0
  274.5 1021.5 0 0
  274.5 1021.5 0 0
  292 1186.5 0 0
  292 1186.5 0 0
  294 1186.5 0 0
  294 1186.5 0 0
  290.5 1180.5 0 0
  290.5 1180.5 0 0
  289 1180.5 0 0
  289 1180.5 0 0
  292 1180.5 0 0
  292 1180.5 0 0
  292.5 1180.5 0 0
  292.5 1180.5 0 0
  306 1302 0 0
  306 1302 0 0
  305 1310 0 0
  305 1310 0 0
  306 1310 0 0
  306 1310 0 0
  238 726 0 0
  238 726 0 0
  215 540.5 0 0
  215 540.5 0 0
  215.5 544.5 0 0
  215.5 544.5 0 0
  219.5 541.5 0 0
  219.5 541.5 0 0
  221 541.5 0 0
  221 541.5 0 0
  222.5 541.5 0 0
  222.5 541.5 0 0
  218.5 541.5 0 0
  218.5 541.5 0 0
  215.5 541.5 0 0
  215.5 541.5 0 0
  216.5 541.5 0 0
  216.5 541.5 0 0
  216.5 541.5 0 0
  216.5 541.5 0 0
  214 541.5 0 0
  214 541.5 0 0
  213 541.5 0 0
  213 541.5 0 0
  214.5 541.5 0 0
  214.5 541.5 0 0
  213.5 545 0 0
  213.5 545 0 0
  216.5 545 0 0
  216.5 545 0 0
  213.5 545 0 0
  213.5 545 0 0
  214.5 542 0 0
  214.5 542 0 0
  215 545.5 0 0
  215 545.5 0 0
  215 545.5 0 0
  215 545.5 0 0
  215 545.5 0 0
  218 545.5 0 0
  218 545.5 0 0
  216 541 0 0
  216 541 0 0
  217.5 541 0 0
  217.5 541 0 0
  216.5 541 0 0
  216.5 541 0 0
  213.5 541 0 0
  213.5 541 0 0
  216.5 544 0 0
  216.5 544 0 0
  217.5 544 0 0
  217.5 544 0 0
  217.5 544 0 0
  217.5 544 0 0
  215.5 544 0 0
  215.5 544 0 0
  218 544 0 0
  218 544 0 0
  217 544 0 0
  217 544 0 0
  217.5 544 0 0
  217.5 544 0 0
  217 541 0 0
  217 541 0 0
  217 544 0 0
  217 544 0 0
  210.5 544 0 0
  210.5 544 0 0
  214.5 544 0 0
  214.5 544 0 0
  227.5 644.5 0 0
  227.5 644.5 0 0
  280 1117 0 0
  280 1117 0 0
  275 1103 0 0
  275 1103 0 0
  275.5 1118.5 0 0
  275.5 1118.5 0 0
  285 1151 0 0
  285 1151 0 0
  287 1186 0 0
  287 1186 0 0
  287.5 1209.5 0 0
  287.5 1209.5 0 0
  293 1239 0 0
  293 1239 0 0
  298.5 1259.5 0 0
  298.5 1259.5 0 0
  298 1278.5 0 0
  298 1278.5 0 0
  303.5 1303 0 0
  303.5 1303 0 0
  301.5 1303 0 0
  301.5 1303 0 0
  303 1303 0 0
  303 1303 0 0
  303.5 1289 0 0
  303.5 1289 0 0
  303.5 1289 0 0
  309 1331 0 0
  309 1331 0 0
  399 2090 0 0
  399 2090 0 0
  496 2947.5 0 0
  496 2947.5 0 0
  541.5 3360 0 0
  541.5 3360 0 0
  540.5 3360 0 0
  540.5 3360 0 0
  542 3360 0 0
  542 3360 0 0
  601 3877 0 0
  601 3877 0 0
  681 4566 0 0
  681 4566 0 0
  681.5 4566 0 0
  681.5 4566 0 0
  796.5 5575 0.523575 0.535195
  796.5 5575 0.666932 0.680952
  846.5 6029 0.666932 0.680952
  846.5 6029 0.666932 0.680952
  1021.5 7572.5 0.793325 0.804603
  1021.5 7572.5 0.883805 0.893439
  1213.5 9279 0.94575 0.951002
  1213.5 9279 1.14907 1.14598
  1296.5 9971.5 1.14907 1.14598
  1296.5 9971.5 1.14907 1.14598
  1271 9751.5 1.14907 1.14598
  1271 9751.5 1.14907 1.14598
  1285.5 9854 1.14907 1.14598
  1285.5 9854 1.14907 1.14598
  1262 9703.5 1.14907 1.14598
  1262 9703.5 1.14907 1.14598
  1277.5 9842 1.14907 1.14598
  1277.5 9842 1.14907 1.14598
  1260.5 9684 1.14907 1.14598
  1260.5 9684 1.14907 1.14598
  1259.5 9684 1.14907 1.14598
  1259.5 9684 1.14907 1.14598
  1278.5 9854.5 1.14907 1.14598
  1278.5 9854.5 1.14907 1.14598
  1268.5 9854.5 1.14907 1.14598
  1268.5 9854.5 1.14907 1.14598
  1276 9854.5 1.14907 1.14598
  1276 9854.5 1.14907 1.14598
  1254 9685 1.14907 1.14598
  1254 9685 1.14907 1.14598
  1258.5 9740 1.14907 1.14598
  1258.5 9740 1.14907 1.14598
  1238 9549.5 1.14907 1.14598
  1238 9549.5 1.14907 1.14598
  1209 9308.5 1.06119 1.06202
  1209 9308.5 1.06119 1.06202
  1426 11212.5 1.06119 1.06202
  1426 11212.5 1.34153 1.32652
  1481 11724.5 1.34153 2.12086
  1481 11724.5 1.34153 1.35698
  1504 11936 1.39919 1.35698
  1504 11936 1.39919 1.35698
  1504 11936 1.39919 1.35698
  1483 11741.5 1.39919 1.35698
  1483 11741.5 1.39919 1.35698
  1477 11741.5 1.39919 1.35698
  1477 11741.5 1.39919 1.35698
  1462 11570.5 1.39919 1.35698
  1462 11570.5 1.34212 1.35698
  1451 11488.5 1.34212 1.35698
  1451 11488.5 1.34212 1.35698
  1466 11601 1.34212 1.35698
  1466 11601 1.34212 1.35698
  1445 11433 1.34212 1.35698
  1445 11433 1.34212 1.35698
  1461.5 11597.5 1.34212 1.35698
  1461.5 11597.5 1.34212 1.35698
  1453.5 11453.5 1.34212 1.35698
  1453.5 11453.5 1.34212 1.35698
  1464 11540 1.34212 1.35698
  1464 11540 1.34212 1.35698
  1449 11397 1.34212 1.35698
  1449 11397 1.34212 1.35698
  1455 11457 1.34212 1.35698
  1455 11457 1.34212 1.35698
  1456 11548.5 1.34212 1.35698
  1456 11548.5 1.34212 1.35698
  1461 11548.5 1.34212 1.35698
  1461 11548.5 1.34212 1.35698
  1454.5 11548.5 1.34212 1.35698
  1454.5 11548.5 1.34212 1.35698
  1464 11548.5 1.34212 1.35698
  1464 11548.5 1.34212 1.35698
  1457.5 11548.5 1.34212 1.35698
  1457.5 11548.5 1.34212 1.35698
  1459.5 11548.5 1.34212 1.35698
  1459.5 11548.5 1.34212 1.35698
  1461 11548.5 1.34212 1.35698
  1461 11548.5 1.34212 1.35698
  1471.5 11638.5 1.34212 1.35698
  1471.5 11638.5 1.34212 1.35698
  1449.5 11366 1.34212 1.35698
  1449.5 11366 1.34212 1.35698
  1455 11473.5 1.34212 1.35698
  1455 11473.5 1.34212 1.35698
  1466 11593.5 1.34212 1.35698
  1466 11593.5 1.34212 1.35698
  1445 11391 1.34212 1.35698
  1445 11391 1.34212 1.35698
  1455.5 11523 1.34212 1.35698
  1455.5 11523 1.34212 1.35698
  1448 11415 1.34212 1.35698
  1448 11415 1.34212 1.35698
  1452.5 11506 1.34212 1.35698
  1452.5 11506 1.34212 1.35698
  1437 11364.5 1.34212 1.35698
  1437 11364.5 1.34212 1.35698
  1449 11469 1.34212 1.35698
  1449 11469 1.34212 1.35698
  1467 11605.5 1.34212 1.35698
  1467 11605.5 1.34212 1.35698
  1469 11605.5 1.34212 1.35698
  1469 11605.5 1.34212 1.35698
  1469 11605.5 1.34212 1.35698
  1470.5 11673 1.34212 1.35698
  1470.5 11673 1.34212 1.35698
  1450.5 11499.5 1.34212 1.35698
  1450.5 11499.5 1.34212 1.35698
  1459.5 11607 1.34212 1.35698
  1459.5 11607 1.34212 1.35698
  1429.5 11330 1.34212 1.35698
  1429.5 11330 1.34212 1.2971
  1436.5 11330 1.34212 1.2971
  1436.5 11330 1.34212 1.2971
  1451 11522 1.34212 1.2971
  1451 11522 1.34212 1.2971
  1450.5 11522 1.34212 1.2971
  1450.5 11522 1.34212 1.2971
  1465 11668 1.34212 1.2971
  1465 11668 1.34212 1.35533
  1462 11668 1.34212 1.35533
  1462 11668 1.34212 1.35533
  1454 11531 1.34212 1.35533
  1454 11531 1.34212 1.35533
  1444.5 11432.5 1.34212 1.35533
  1444.5 11432.5 1.34212 1.35533
  1457 11572.5 1.34212 1.35533
  1457 11572.5 1.34212 1.35533
  1454 11572.5 1.34212 1.35533
  1454 11572.5 1.34212 1.35533
  1454 11513 1.34212 1.35533
  1454 11513 1.34212 1.35533
  1472.5 11664 1.34212 1.35533
  1472.5 11664 1.34212 1.35533
  1469 11664 1.34212 1.35533
  1469 11664 1.34212 1.35533
  1474 11664 1.34212 1.35533
  1474 11664 1.34212 1.35533
  1461.5 11527.5 1.34212 1.35533
  1461.5 11527.5 1.34212 1.35533
  1476 11685 1.34212 1.35533
  1476 11685 1.34212 1.35533
  1460.5 11521.5 1.34212 1.35533
  1460.5 11521.5 1.34212 1.35533
  1454.5 11521.5 1.34212 1.35533
  1454.5 11521.5 1.34212 1.35533
  1477 11644.5 1.34212 1.35533
  1477 11644.5 1.34212 1.35533
  1470.5 11644.5 1.34212 1.35533
  1470.5 11644.5 1.34212 1.35533
  1471.5 11644.5 1.34212 1.35533
  1471.5 11644.5 1.34212 1.35533
  1462 11525 1.34212 1.35533
  1462 11525 1.34212 1.35533
  1458 11525 1.34212 1.35533
  1458 11525 1.34212 1.35533
  1466.5 11525 1.34212 1.35533
  1466.5 11525 1.34212 1.35533
  1443 11360.5 1.34212 1.35533
  1443 11360.5 1.34212 1.30521
  1469 11546.5 1.34212 1.30521
  1469 11546.5 1.34212 1.30521
  1450 11362 1.34212 1.30521
  1450 11362 1.34212 1.30521
  1450 11362 1.34212 1.30521
  1442 11290.5 1.34212 1.30521
  1442 11290.5 1.34212 1.30521
  1463.5 11497 1.34212 1.30521
  1463.5 11497 1.34212 1.30521
  1474 11601 1.34212 1.30521
  1474 11601 1.34212 1.30521
  1480 11671 1.34212 1.30521
  1480 11671 1.34212 1.30521
  1449 11349.5 1.34212 1.30521
  1449 11349.5 1.34212 1.30521
  1459 11437 1.34212 1.30521
  1459 11437 1.34212 1.30521
  1486 11682 1.34212 1.30521
  1486 11682 1.34212 1.35821
  1465 11571.5 1.34212 1.35821
  1465 11571.5 1.34212 1.35821
  1447.5 11387.5 1.34212 1.35821
  1447.5 11387.5 1.34212 1.35821
  1463 11523.5 1.34212 1.35821
  1463 11523.5 1.34212 1.35821
  1463.5 11523.5 1.34212 1.35821
  1463.5 11523.5 1.34212 1.35821
  1451.5 11413 1.34212 1.35821
  1451.5 11413 1.34212 1.35821
  1437 11266.5 1.34212 1.30665
  1437 11266.5 1.34212 1.30665
  1441 11266.5 1.34212 1.30665
  1441 11266.5 1.34212 1.30665
  1428 11266.5 1.34212 1.30665
  1428 11266.5 1.34212 1.30665
  1451.5 11383 1.34212 1.30665
  1451.5 11383 1.34212 1.30665
  1439.5 11249 1.34212 1.30665
  1439.5 11249 1.34212 1.30665
  1447 11331 1.34212 1.30665
  1447 11331 1.34212 1.30665
  1438.5 11331 1.34212 1.30665
  1438.5 11331 1.34212 1.30665
  1459.5 11466 1.34212 1.30665
  1459.5 11466 1.34212 1.30665
  1460.5 11466 1.34212 1.30665
  1460.5 11466 1.34212 1.30665
  1463 11466 1.34212 1.30665
  1463 11466 1.34212 1.30665
  1453.5 11406.5 1.34212 1.30665
  1453.5 11406.5 1.34212 1.30665
  1433 11270.5 1.34212 1.30665
  1433 11270.5 1.34212 1.30665
  1450.5 11399 1.34212 1.30665
  1450.5 11399 1.34212 1.30665
  1447.5 11399 1.34212 1.30665
  1447.5 11399 1.34212 1.30665
  1438 11280.5 1.34212 1.30665
  1438 11280.5 1.34212 1.30665
  1459 11450 1.34212 1.30665
  1459 11450 1.34212 1.30665
  1472 11586 1.34212 1.30665
  1472 11586 1.34212 1.30665
  1474 11586 1.34212 1.30665
  1474 11586 1.34212 1.30665
  1474 11586 1.34212 1.30665
  1445 11334 1.34212 1.30665
  1445 11334 1.34212 1.30665
  1452.5 11437 1.34212 1.30665
  1452.5 11437 1.34212 1.30665
  1462 11437 1.34212 1.30665
  1462 11437 1.34212 1.30665
  1449 11437 1.34212 1.30665
  1449 11437 1.34212 1.30665
  1460.5 11437 1.34212 1.30665
  1460.5 11437 1.34212 1.30665
  1462 11524 1.34212 1.30665
  1462 11524 1.34212 1.30665
  1483.5 11677.5 1.34212 1.30665
  1483.5 11677.5 1.34212 1.30665
  1396 10880 1.27433 1.30665
  1396 10880 1.27433 1.24863
  1373 10702.5 1.27433 1.24863
  1373 10702.5 1.27433 1.24863
  1368.5 10702.5 1.27433 1.24863
  1368.5 10702.5 1.27433 1.24863
  1402 10969 1.27433 1.24863
  1402 10969 1.27433 1.24863
  1393 10893 1.27433 1.24863
  1393 10893 1.27433 1.24863
  1384.5 10797 1.27433 1.24863
  1384.5 10797 1.27433 1.24863
  1386 10797 1.27433 1.24863
  1386 10797 1.27433 1.24863
  1379.5 10797 1.27433 1.24863
  1379.5 10797 1.27433 1.24863
  1388.5 10854 1.27433 1.24863
  1388.5 10854 1.27433 1.24863
  1392 10854 1.27433 1.24863
  1392 10854 1.27433 1.24863
  1384 10854 1.27433 1.24863
  1384 10854 1.27433 1.24863
  1389.5 10925 1.27433 1.24863
  1389.5 10925 1.27433 1.24863
  1401.5 11025 1.27433 1.24863
  1401.5 11025 1.27433 1.24863
  1407.5 11025 1.27433 1.24863
  1407.5 11025 1.27433 1.24863
  1406 11025 1.27433 1.24863
  1406 11025 1.27433 1.24863
  1395.5 10907.5 1.27433 1.24863
  1395.5 10907.5 1.27433 1.24863
  1382 10780.5 1.27433 1.24863
  1382 10780.5 1.27433 1.24863
  1395.5 10881.5 1.27433 1.24863
  1395.5 10881.5 1.27433 1.24863
  1404.5 10952 1.27433 1.24863
  1404.5 10952 1.27433 1.24863
  1394 10866.5 1.27433 1.24863
  1394 10866.5 1.27433 1.24863
  1398.5 10950 1.27433 1.24863
  1398.5 10950 1.27433 1.24863
  1384.5 10777.5 1.27433 1.24863
  1384.5 10777.5 1.27433 1.24863
  1387.5 10777.5 1.27433 1.24863
  1387.5 10777.5 1.27433 1.24863
  1387.5 10777.5 1.27433 1.24863
  1392.5 10777.5 1.27433 1.24863
  1392.5 10777.5 1.27433 1.24863
  1389 10837 1.27433 1.24863
  1389 10837 1.27433 1.24863
  1382 10743.5 1.27433 1.24863
  1382 10743.5 1.27433 1.24863
  1379 10689.5 1.27433 1.24863
  1379 10689.5 1.27433 1.24863
  1377 10689.5 1.27433 1.24863
  1377 10689.5 1.27433 1.24863
  1363.5 10524.5 1.27433 1.24863
  1363.5 10524.5 1.27433 1.24863
  1370.5 10631 1.27433 1.24863
  1370.5 10631 1.27433 1.24863
  1377 10631 1.27433 1.24863
  1377 10631 1.27433 1.24863
  1384 10716.5 1.27433 1.24863
  1384 10716.5 1.27433 1.24863
  1371 10599 1.27433 1.24863
  1371 10599 1.27433 1.24863
  1377.5 10599 1.27433 1.24863
  1377.5 10599 1.27433 1.24863
  1385 10709 1.27433 1.24863
  1385 10709 1.27433 1.24863
  1377 10620 1.27433 1.24863
  1377 10620 1.27433 1.24863
  1352.5 10414 1.27433 1.24863
  1352.5 10414 1.19782 1.19142
  1377 10611 1.19782 1.19142
  1377 10611 1.25658 1.24637
  1380 10682.5 1.25658 1.24637
  1380 10682.5 1.25658 1.24637
  1359.5 10516.5 1.25658 1.24637
  1359.5 10516.5 1.25658 1.24637
  1361 10516.5 1.25658 1.24637
  1361 10516.5 1.25658 1.24637
  1377 10655.5 1.25658 1.24637
  1377 10655.5 1.25658 1.24637
  1385 10737 1.25658 1.24637
  1385 10737 1.25658 1.24637
  1364 10568.5 1.25658 1.24637
  1364 10568.5 1.25658 1.24637
  1376 10630 1.25658 1.24637
  1376 10630 1.25658 1.24637
  1393.5 10806.5 1.25658 1.24637
  1393.5 10806.5 1.25658 1.24637
  1363.5 10574.5 1.25658 1.24637
  1363.5 10574.5 1.25658 1.24637
  1357 10513 1.25658 1.24637
  1357 10513 1.25658 1.24637
  1337.5 10342 1.2027 1.19625
  1337.5 10342 1.2027 1.19625
  1352 10460 1.2027 1.19625
  1352 10460 1.2027 1.19625
  1332 10239 1.2027 1.19625
  1332 10239 1.2027 1.19625
  1362 10557.5 1.2027 1.19625
  1362 10557.5 1.2027 1.19625
  1359.5 10557.5 1.2027 1.19625
  1359.5 10557.5 1.2027 1.19625
  1359.5 10557.5 1.2027 1.19625
  1371.5 10624 1.2027 1.19625
  1371.5 10624 1.26171 1.25191
  1383 10729.5 1.26171 1.25191
  1383 10729.5 1.26171 1.25191
  1384 10729.5 1.26171 1.25191
  1384 10729.5 1.26171 1.25191
  508.5 3096 0.518765 0
  508.5 3096 0 0
  219.5 545 0 0
  219.5 545 0 0
  218.5 545 0 0
  218.5 545 0 0
  216.5 545 0 0
  216.5 545 0 0
  218.5 545 0 0
  218.5 545 0 0
  219.5 545 0 0
  219.5 545 0 0
  217 542 0 0
  217 542 0 0
  218 542 0 0
  218 542 0 0
  216 542 0 0
  216 542 0 0
  219 542 0 0
  219 542 0 0
  220 542 0 0
  220 542 0 0
  219.5 542 0 0
  219.5 542 0 0
  219.5 542 0 0
  219.5 542 0 0
  218 542 0 0
  218 542 0 0
  218 547.5 0 0
  218 547.5 0 0
  219.5 547.5 0 0
  219.5 547.5 0 0
  218.5 541 0 0
  218.5 541 0 0
  220 541 0 0
  220 541 0 0
  221 541 0 0
  221 541 0 0
  220.5 545.5 0 0
  220.5 545.5 0 0
  219 545.5 0 0
  219 545.5 0 0
  220 545.5 0 0
  220 545.5 0 0
  221.5 545.5 0 0
  221.5 545.5 0 0
  219 542 0 0
  219 542 0 0
  220 546.5 0 0
  220 546.5 0 0
  225.5 546.5 0 0
  225.5 546.5 0 0
  225.5 546.5 0 0
  225 546.5 0 0
  225 546.5 0 0
  222.5 543.5 0 0
  222.5 543.5 0 0
  221 543.5 0 0
  221 543.5 0 0
  224 543.5 0 0
  224 543.5 0 0
  223 543.5 0 0
  223 543.5 0 0
  222 543.5 0 0
  222 543.5 0 0
  224.5 543.5 0 0
  224.5 543.5 0 0
  223.5 543.5 0 0
  223.5 543.5 0 0
  222 543.5 0 0
  222 543.5 0 0
  222 543.5 0 0
  222 543.5 0 0
  223 543.5 0 0
  223 543.5 0 0
  222 543.5 0 0
  222 543.5 0 0
  221.5 543.5 0 0
  221.5 543.5 0 0
  224 543.5 0 0
  224 543.5 0 0
  224.5 543.5 0 0
  224.5 543.5 0 0
  223 547 0 0
  223 547 0 0
  223 544 0 0
  223 544 0 0
  218.5 544 0 0
  218.5 544 0 0
  219 544 0 0
  219 544 0 0
  222 544 0 0
  222 544 0 0
  217.5 544 0 0
  217.5 544 0 0
  218.5 544 0 0
  218.5 544 0 0
  218.5 544 0 0
  218.5 544 0 0
  221.5 544 0 0
  221.5 544 0 0
  220 544 0 0
  220 544 0 0
  221.5 544 0 0
  221.5 544 0 0
  221 544 0 0
  221 544 0 0
  220.5 544 0 0
  220.5 544 0 0
  221 541 0 0
  221 541 0 0
  221 541 0 0
  221 541 0 0
  221 541 0 0
  224.5 541 0 0
  224.5 541 0 0
  225.5 541 0 0
  225.5 541 0 0
  226 541 0 0
  226 541 0 0
  227 541 0 0
  227 541 0 0
  1063.5 7667.5 0.786955 0.501885
  1063.5 7667.5 1.24891 1.23938
  1385.5 10421.5 1.24891 1.23938
  1385.5 10421.5 1.24891 1.95859
  1390.5 10529 1.24891 1.24555
  1390.5 10529 1.24891 1.24555
  1401.5 10635 1.24891 1.24555
  1401.5 10635 1.24891 1.24555
  1396 10635 1.24891 1.24555
  1396 10635 1.24891 1.24555
  1381.5 10545 1.24891 1.24555
  1381.5 10545 1.24891 1.24555
  1395.5 10680.5 1.24891 1.24555
  1395.5 10680.5 1.24891 1.24555
  1393 10680.5 1.24891 1.24555
  1393 10680.5 1.24891 1.24555
  1561.5 12151.5 1.24891 1.24555
  1561.5 12151.5 1.59237 1.56114
  2151 17355.5 3.016 1.9017
  2151 17355.5 2.28787 2.19953
  2266.5 18382 2.28787 2.19953
  2266.5 18382 2.28787 2.19953
  2256.5 18382 2.28787 2.19953
  2256.5 18382 2.28787 2.19953
  2238.5 18226 2.28787 2.19953
  2238.5 18226 2.28787 2.19953
  2280 18596.5 2.28787 2.19953
  2280 18596.5 2.28787 2.19953
  2283.5 18596.5 2.28787 2.19953
  2283.5 18596.5 2.28787 2.19953
  2267 18596.5 2.28787 2.19953
  2267 18596.5 2.28787 2.19953
  2250 18410 2.28787 2.19953
  2250 18410 2.28787 2.19953
  2282.5 18660 2.28787 2.19953
  2282.5 18660 2.28787 2.19953
  2305 18858 2.28787 2.19953
  2305 18858 2.28787 2.19953
  2265.5 18427.5 2.28787 2.19953
  2265.5 18427.5 2.28787 2.19953
  2268 18427.5 2.28787 2.19953
  2268 18427.5 2.28787 2.19953
  2235 18284.5 2.28787 2.19953
  2235 18284.5 2.28787 2.19953
  2265 18541.5 2.236 2.19953
  2265 18541.5 2.28956 2.19953
  2272.5 18541.5 2.28956 2.19953
  2272.5 18541.5 2.28956 2.19953
  2271.5 18541.5 2.28956 2.19953
  2271.5 18541.5 2.28956 2.19953
  2258 18541.5 2.28956 2.19953
  2258 18541.5 2.28956 2.19953
  2258 18541.5 2.28956 2.19953
  2278 18685 2.28956 2.19953
  2278 18685 2.28956 2.19953
  2256.5 18506.5 2.28956 2.19953
  2256.5 18506.5 2.39733 2.30079
  2880.5 24042 3.00222 2.86174
  2880.5 24042 3.11623 4.79763
  3279 27564 3.46736 3.29025
  3279 27564 5.7616 3.37036
  3360.5 28364.5 3.549 3.37036
  3360.5 28364.5 3.549 3.37036
  3371 28364.5 3.549 3.37036
  3371 28364.5 3.60002 3.37036
  3397 28810.5 3.60002 3.37036
  3397 28810.5 3.60002 3.42042
  3346 28372.5 3.5282 3.35136
  3346 28372.5 3.5282 3.35136
  3329.5 28185 3.5282 3.35136
  3329.5 28185 3.5282 3.35136
  3360 28460 3.5282 3.35136
  3360 28460 3.5282 3.35136
  3323.5 28161 3.5282 3.35136
  3323.5 28161 3.5282 3.35136
  3318 28161 3.5282 3.35136
  3318 28161 3.5282 3.35136
  3680 31441.5 3.80282 3.6058
  3680 31441.5 4.01245 3.79862
  3762.5 32226.5 4.01245 3.79862
  3762.5 32226.5 4.01245 3.79862
  4115.5 34890 4.24255 4.01223
  4115.5 34890 4.55195 4.29517
  4270.5 35470.5 4.55195 4.29517
  4270.5 35470.5 4.64068 4.37784
  4405 36638 4.64068 4.37784
  4405 36638 4.85095 4.57169
  4808.5 40112 5.26857 4.95399
  4808.5 40112 5.26857 4.95399
  4793.5 39871.5 5.26857 4.95399
  4793.5 39871.5 5.26857 4.95399
  4801.5 39871.5 5.26857 4.95399
  4801.5 39871.5 5.26857 4.95399
  4717 39442 5.18375 4.87851
  4717 39442 5.18375 4.87851
  4633.5 38769 5.02677 4.73447
  4633.5 38769 5.02677 4.73447
  4671 39137 5.12427 4.82279
  4671 39137 5.0583 4.76271
  4742 39768 5.21105 4.90161
  4742 39768 5.21105 4.90161
  4808 40414.5 5.21105 4.90161
  4808 40414.5 5.27117 4.95682
  4803 40414.5 5.27117 4.95682
  4803 40414.5 5.27117 4.95682
  4839 40692 5.27117 4.95682
  4839 40692 5.33423 5.01587
  4757.5 39866 5.20813 4.89956
  4757.5 39866 5.20813 4.89956
  4754.5 40167.5 5.20813 4.89956
  4754.5 40167.5 5.20813 4.89956
  4692.5 39438.5 5.20813 4.89956
  4692.5 39438.5 5.0999 4.80097
  4692.5 39438.5 5.0999 4.80097
  4695.5 39438.5 5.0999 4.80097
  4695.5 39438.5 5.17205 4.86695
  4754 39937 5.17205 4.86695
  4754 39937 5.17205 4.86695
  4748.5 39937 5.17205 4.86695
  4748.5 39937 5.17205 4.86695
  4792.5 40320.5 5.2611 4.94886
  4792.5 40320.5 5.2611 4.94886
  4773.5 40320.5 5.2611 4.94886
  4773.5 40320.5 5.2611 4.94886
  4737.5 39767.5 5.18148 4.87466
  4737.5 39767.5 5.18148 4.87466
  4713 39539 5.18148 4.87466
  4713 39539 5.18148 4.87466
  4736.5 39822 5.18148 4.87466
  4736.5 39822 5.18148 4.87466
  4744.5 39822 5.18148 4.87466
  4744.5 39822 5.18148 4.87466
  4761 40070 5.18148 4.87466
  4761 40070 5.18148 4.87466
  4758.5 40070 5.18148 4.87466
  4758.5 40070 5.18148 4.87466
  4712 39511 5.18148 4.87466
  4712 39511 5.18148 4.87466
  4776 40170 5.18148 4.87466
  4776 40170 5.23607 4.92729
  4829.5 40617 5.2962 4.98198
  4829.5 40617 5.2962 4.98198
  4758 40086 5.22372 4.91548
  4758 40086 5.22372 4.91548
  4711.5 39592 5.15125 4.8477
  4711.5 39592 5.15125 4.8477
  4764.5 39974.5 5.15125 4.8477
  4764.5 39974.5 5.21885 4.90957
  4704.5 39543 5.21885 4.90957
  4704.5 39543 5.12038 4.81997
  4741.5 39920 5.12038 4.81997
  4741.5 39920 5.1961 4.88826
  4761 40150 5.1961 4.88826
  4761 40150 5.1961 4.88826
  4778.5 40150 5.1961 4.88826
  4778.5 40150 5.1961 4.88826
  4792 40150 5.1961 4.88826
  4792 40150 5.24713 4.88826
  4868 40975 5.24713 4.97658
  4868 40975 5.32837 4.97658
  4782 40412 5.32837 4.97658
  4782 40412 5.20878 4.9011
  4746 39961.5 5.20878 4.9011
  4746 39961.5 5.20878 4.9011
  4765.5 40245 5.20878 4.9011
  4765.5 40245 5.20878 4.9011
  4841.5 40924.5 5.20878 4.9011
  4841.5 40924.5 5.3014 4.98634
  4842 40924.5 5.3014 4.98634
  4842 40924.5 5.3014 4.98634
  4749 40011 5.3014 4.98634
  4749 40011 5.1792 4.8726
  4699 39636 5.1792 4.8726
  4699 39636 5.12493 4.8726
  4699 39636 5.12493 4.81843
  4806.5 40664 5.24388 4.93114
  4806.5 40664 5.3261 5.00945
  4818.5 40664 5.2728 5.00945
  4818.5 40664 5.2728 4.95502
  4798.5 40664 5.2728 4.95502
  4798.5 40664 5.2728 4.95502
  4821.5 40882 5.2728 4.95502
  4821.5 40882 5.2728 4.95502
  4840.5 41132.5 5.2728 4.95502
  4840.5 41132.5 5.2728 4.95502
  5036.5 42791 5.36088 5.0418
  5036.5 42791 5.78045 5.42667
  5164.5 44080.5 5.64232 5.30035
  5164.5 44080.5 5.70927 5.36222
  5147.5 44080.5 5.70927 5.36222
  5147.5 44080.5 5.58317 5.24592
  5039 42899.5 5.45675 5.12961
  5039 42899.5 5.60007 5.26235
  5046 42899.5 5.53345 5.20021
  5046 42899.5 5.53345 5.20021
  5080.5 43240 5.59162 5.25336
  5080.5 43240 5.53573 5.20227
  846 5923.5 1.5535 1.4283
  846 5923.5 0 0
  226 514.5 0 0
  226 514.5 0 0
  223 534.5 0 0
  223 534.5 0 0
  224.5 538 0 0
  224.5 538 0 0
  222.5 538 0 0
  222.5 538 0 0
  219 541 0 0
  219 541 0 0
  218 541 0 0
  218 541 0 0
  220.5 545 0 0
  220.5 545 0 0
  224 545 0 0
  224 545 0 0
  223.5 545 0 0
  223.5 545 0 0
  222.5 545 0 0
  222.5 545 0 0
  224 545 0 0
  224 545 0 0
  224 545 0 0
  224 545 0 0
  222 545 0 0
  222 545 0 0
  221.5 545 0 0
  221.5 545 0 0
  222 545 0 0
  222 545 0 0
  220 545 0 0
  220 545 0 0
  218.5 545 0 0
  218.5 545 0 0
  220 545 0 0
  220 545 0 0
  220 545 1.1076 0
  4958.5 41880.5 3.9 1.5405
  4958.5 41880.5 7.33226 3.081
  5121 42644.5 9.08537 6.162
  5121 42644.5 8.78605 8.73566
  5139.5 43075.5 5.64005 8.16106
  5139.5 43075.5 5.64005 5.33013
  5167.5 43506 5.64005 5.33013
  5167.5 43506 5.64005 5.33013
  5116 43149.5 5.64005 5.25927
  5116 43149.5 5.64005 5.33937
  5208.5 43931.5 5.7252 5.33937
  5208.5 43931.5 5.7252 5.39072
  5137 43394 5.6446 5.30445
  5137 43394 5.6446 5.30445
  5062.5 42840 5.6446 5.30445
  5062.5 42840 5.49315 5.16273
  5130 43465.5 5.5991 5.26029
  5130 43465.5 5.681 5.33681
  5077 43061 5.6095 5.27108
  5077 43061 5.53735 5.20432
  5030 42490.5 5.53735 5.20432
  5030 42490.5 5.53735 5.20432
  5088 43359 5.60105 5.2644
  5088 43359 5.60105 5.2644
  5170.5 44090.5 5.60105 5.2644
  5170.5 44090.5 5.73885 5.39072
  5113 43448.5 5.64525 5.30445
  5113 43448.5 5.64525 5.30445
  5155.5 43764.5 5.64525 5.30445
  5155.5 43764.5 5.70895 5.36299
  5157.5 43764.5 5.70895 5.36299
  5157.5 43764.5 5.70895 5.36299
  4257 35988.5 5.6589 5.36299
  4257 35988.5 4.5591 4.30621
  219.5 487.5 0 0
  219.5 487.5 0 0
  221 527.5 0 0
  221 527.5 0 0
  221 536 0 0
  221 536 0 0
  219 536 0 0
  219 536 0 0
  221 541 0 0
  221 541 0 0
  219.5 544 0 0
  219.5 544 0 0
  221.5 544 0 0
  221.5 544 0 0
  4070 34682.5 0.863752 0
  4070 34682.5 3.9 1.5405
  5090 42853 7.35501 3.081
  5090 42853 9.10617 6.162
  5067 42853 8.51435 8.4404
  5067 42853 5.5653 8.04963
  5019 42589.5 5.5653 5.22178
  5019 42589.5 5.4977 5.16889
  5057.5 42929.5 5.4977 5.16889
  5057.5 42929.5 5.5666 5.23205
  5025 42929.5 5.5666 5.23205
  5025 42929.5 5.5666 5.23205
  5025 42929.5 5.5666 5.23205
  5100 43563.5 5.5666 5.23205
  5100 43563.5 5.5666 5.23205
  5098 43563.5 5.5666 5.23205
  5098 43563.5 5.5666 5.23205
  5073.5 43563.5 5.5666 5.23205
  5073.5 43563.5 5.5666 5.23205
  5062 43315 5.50225 5.17351
  5062 43315 5.61405 5.27621
  5066.5 43315 5.61405 5.27621
  5066.5 43315 5.54385 5.211
  5097 43815 5.61665 5.27827
  5097 43815 5.61665 5.27827
  5057 43408 5.61665 5.27827
  5057 43408 5.52565 5.19354
  5056.5 43408 5.52565 5.19354
  5056.5 43408 5.52565 5.19354
  5017 43175 5.52565 5.19354
  5017 43175 5.52565 5.19354
  5131 44364.5 5.61535 5.27775
  5131 44364.5 5.67255 5.32962
  5108.5 44065.5 5.67255 5.32962
  5108.5 44065.5 5.57505 5.23873
  5064.5 43645 5.57505 5.23873
  5064.5 43645 5.57505 5.23873
  5000.5 43098 5.5237 5.23873
  5000.5 43098 5.4613 5.13449
  5070 43730 5.56075 5.22794
  5070 43730 5.56075 5.22794
  5065.5 43730 5.5029 5.17403
  5065.5 43730 5.6121 5.27364
  5084 43730 5.6121 5.27364
  5084 43730 5.6121 5.27364
  5060.5 43730 5.5393 5.20638
  5060.5 43730 5.5393 5.20638
  5069.5 43730 5.5393 5.20638
  5069.5 43730 5.5913 5.20638
  5023 43478 5.538 5.20638
  5023 43478 5.538 5.20638
  5005.5 43478 5.46975 5.14322
  5005.5 43478 5.46975 5.14322
  5062.5 43839 5.525 5.19405
  5062.5 43839 5.525 5.19405
  5035.5 43612.5 5.58805 5.2531
  5035.5 43612.5 5.49055 5.16273
  5052.5 43612.5 5.54645 5.16273
  5052.5 43612.5 5.54645 5.16273
  5024 43612.5 5.54645 5.21613
  5024 43612.5 5.4782 5.15092
  5042 43612.5 5.53995 5.20843
  5042 43612.5 5.53995 5.20843
  5036 43612.5 5.4834 5.15708
  5036 43612.5 5.54255 5.21048
  5091 44179 5.54255 5.21048
  5091 44179 5.6108 5.27313
  5037.5 43728 5.5458 5.21305
  5037.5 43728 5.5458 5.21305
  5038 43728 5.5458 5.21305
  5038 43728 5.5458 5.21305
  5102.5 44264 5.5458 5.21305
  5102.5 44264 5.60755 5.27005
  5102.5 44264 5.5003 5.17146
  4976 43073.5 5.4054 5.08262
  4976 43073.5 5.54385 5.211
  5101.5 44209.5 5.6355 5.29727
  5101.5 44209.5 5.5562 5.22281
  5051.5 43836 5.5562 5.22281
  5051.5 43836 5.50225 5.22281
  5004.5 43355 5.50225 5.14219
  5004.5 43355 5.50225 5.14219
  4979.5 43078 5.4327 5.14219
  4979.5 43078 5.4938 5.14219
  5007.5 43348.5 5.4938 5.14219
  5007.5 43348.5 5.56595 5.23308
  5161 44668 5.6992 5.35375
  5161 44668 5.63485 5.29521
  5046.5 43669.5 5.5575 5.22384
  5046.5 43669.5 5.5575 5.22384
  5069 43669.5 5.6147 5.27621
  5069 43669.5 5.51135 5.18121
  5081 43669.5 5.58155 5.24694
  5081 43669.5 5.58155 5.24694
  5055 43669.5 5.58155 5.24694
  5055 43669.5 5.58155 5.24694
  5124 44395 5.58155 5.24694
  5124 44395 5.6329 5.24694
  5142.5 44395 5.6329 5.29829
  5142.5 44395 5.6329 5.29829
  5056.5 43718.5 5.57895 5.24489
  5056.5 43718.5 5.5211 5.19148
  4945 42785 5.43205 5.10727
  4945 42785 5.43205 5.10727
  5037.5 43530 5.486 5.15913
  5037.5 43530 5.5471 5.21511
  4983.5 43091.5 5.5471 5.21511
  4983.5 43091.5 5.4444 5.12011
  4940 42662.5 5.4444 5.12011
  4940 42662.5 5.4444 5.12011
  4991 43128 5.4444 5.12011
  4991 43128 5.4444 5.12011
  4978 43128 5.4444 5.12011
  4978 43128 5.4444 5.12011
  4935 42577 5.3521 5.03487
  4935 42577 5.42945 5.10624
  5077.5 43942.5 5.5445 5.21357
  5077.5 43942.5 5.5445 5.21357
  5019 43449 5.5445 5.21357
  5019 43449 5.4782 5.15195
  4997 43186 5.4782 5.15195
  4997 43186 5.4782 5.15195
  4953.5 42713.5 5.4782 5.15195
  4953.5 42713.5 5.4782 5.15195
  4913.5 42411.5 5.40995 5.08724
  4913.5 42411.5 5.40995 5.08724
  4933.5 42625.5 5.3521 5.03538
  4933.5 42625.5 5.3521 5.03538
  5008.5 43144 5.45285 5.12781
  5008.5 43144 5.50615 5.12781
  5004.5 43144 5.50615 5.12781
  5004.5 43144 5.50615 5.12781
  5004.5 43144 5.50615 5.2033
  5019.5 43144 5.50615 5.2033
  5019.5 43144 5.4392 5.11549
  4952.5 42652 5.4392 5.11549
  4952.5 42652 5.4392 5.11549
  5065.5 43596 5.525 5.19508
  5065.5 43596 5.6316 5.29316
  5040.5 43596 5.5601 5.22794
  5040.5 43596 5.43465 5.11241
  4950.5 42661 5.43465 5.11241
  4950.5 42661 5.43465 5.11241
  4957 42661 5.43465 5.11241
  4957 42661 5.43465 5.11241
  4947.5 42661 5.43465 5.11241
  4947.5 42661 5.43465 5.11241
  4946.5 42661 5.43465 5.11241
  4946.5 42661 5.43465 5.11241
  5017.5 43157.5 5.4977 5.16889
  5017.5 43157.5 5.4977 5.16889
  4990 43157.5 5.4977 5.16889
  4990 43157.5 5.4977 5.16889
  4976.5 42918 5.4977 5.16889
  4976.5 42918 5.421 5.09854
  4956.5 42918 5.421 5.09854
  4956.5 42918 5.421 5.09854
  4941.5 42610.5 5.421 5.09854
  4941.5 42610.5 5.421 5.09854
  4955.5 42610.5 5.421 5.09854
  4955.5 42610.5 5.421 5.09854
  5050.5 43608.5 5.512 5.18327
  5050.5 43608.5 5.512 5.18327
  5052.5 43608.5 5.512 5.18327
  5052.5 43608.5 5.512 5.18327
  5069.5 43608.5 5.512 5.18327
  5069.5 43608.5 5.60365 5.26748
  5009 43124.5 5.52825 5.19867
  5009 43124.5 5.4639 5.13911
  5028 43405 5.4639 5.13911
  5028 43405 5.4639 5.13911
  4952.5 42776 5.4639 5.13911
  4952.5 42776 5.4119 5.13911
  5012 43363.5 5.4873 5.13911
  5012 43363.5 5.4873 5.13911
  4997 43363.5 5.4093 5.13911
  4997 43363.5 5.4964 5.13911
  4931 42706.5 5.4964 5.13911
  4931 42706.5 5.37745 5.05849
  4955 42988.5 5.37745 5.05849
  4955 42988.5 5.37745 5.05849
  4994.5 43296 5.37745 5.05849
  4994.5 43296 5.47495 5.14886
  4987.5 43296 5.47495 5.14886
  4987.5 43296 5.47495 5.14886
  5008 43296 5.47495 5.14886
  5008 43296 5.47495 5.14886
  4962.5 42942.5 5.47495 5.14886
  4962.5 42942.5 5.47495 5.14886
  4948.5 42700.5 5.4067 5.08519
  4948.5 42700.5 5.4067 5.08519
  4935 42700.5 5.4067 5.08519
  4935 42700.5 5.4067 5.08519
  4935 42700.5 5.4067 5.08519
  4945 42700.5 5.4067 5.08519
  4945 42700.5 5.4067 5.08519
  4954 43028.5 5.4067 5.08519
  4954 43028.5 5.4067 5.08519
  4973 43028.5 5.4067 5.08519
  4973 43028.5 5.49185 5.16478
  5013.5 43273.5 5.49185 5.16478
  5013.5 43273.5 5.43075 5.1083
  4965 42926.5 5.43075 5.1083
  4965 42926.5 5.43075 5.1083
  5053 43725 5.56335 5.23102
  5053 43725 5.50095 5.17146
  4960.5 42988 5.42945 5.10727
  4960.5 42988 5.42945 5.10727
  4969 42988 5.42945 5.10727
  4969 42988 5.42945 5.10727
  4962.5 42988 5.42945 5.10727
  4962.5 42988 5.42945 5.10727
  5023.5 43425 5.5406 5.21048
  5023.5 43425 5.4704 5.14424
  5007.5 43425 5.4704 5.14424
  5007.5 43425 5.5614 5.22794
  5091 44099 5.62055 5.28237
  5091 44099 5.5523 5.22075
  4994 43106 5.5523 5.22075
  4994 43106 5.4366 5.11343
  5027.5 43423.5 5.4366 5.11343
  5027.5 43423.5 5.53215 5.20073
  5056.5 43423.5 5.53215 5.20073
  5056.5 43423.5 5.53215 5.20073
  5088 43943 5.53215 5.20073
  5088 43943 5.6082 5.2721
  5050 43561 5.6082 5.2721
  5050 43561 5.46845 5.14219
  5049 43561 5.46845 5.14219
  5049 43561 5.53215 5.20175
  5062.5 43794 5.5861 5.20175
  5062.5 43794 5.53475 5.20175
  5021.5 43470.5 5.53475 5.20175
  5021.5 43470.5 5.53475 5.20175
  5019 43470.5 5.53475 5.20175
  5019 43470.5 5.53475 5.20175
  5124.5 44342 5.53475 5.20175
  5124.5 44342 5.64655 5.30702
  5121.5 44342 5.64655 5.30702
  5121.5 44342 5.64655 5.30702
  5162 44787 5.59325 5.30702
  5162 44787 5.707 5.36248
  5100 44133.5 5.707 5.36248
  5100 44133.5 5.56985 5.23565
  5159.5 44685 5.56985 5.23565
  5159.5 44685 5.6992 5.35529
  5124 44399 5.6329 5.29521
  5124 44399 5.6329 5.29521
  5087.5 43935 5.6329 5.29521
  5087.5 43935 5.5783 5.24386
  5037.5 43602.5 5.5276 5.24386
  5037.5 43602.5 5.5276 5.24386
  5037.5 43602.5 5.5276 5.17711
  5081.5 44055.5 5.5276 5.17711
  5081.5 44055.5 5.62705 5.28956
  5105 44055.5 5.62705 5.28956
  5105 44055.5 5.62705 5.28956
  5104.5 44055.5 5.62705 5.28956
  5104.5 44055.5 5.62705 5.28956
  5127 44391 5.62705 5.28956
  5127 44391 5.62705 5.28956
  5148.5 44391 5.62705 5.28956
  5148.5 44391 5.62705 5.28956
  5105 44088 5.56075 5.22846
  5105 44088 5.6706 5.33013
  5170.5 44642.5 5.6706 5.33013
  5170.5 44642.5 5.6706 5.33013
  5267.5 45470.5 5.785 5.43437
  5267.5 45470.5 5.785 5.43437
  5245 45203 5.785 5.43437
  5245 45203 5.71545 5.37172
  5206 45203 5.71545 5.37172
  5206 45203 5.71545 5.37172
  5131.5 44573 5.71545 5.37172
  5131.5 44573 5.59585 5.25927
  5040 43452 5.5198 5.19046
  5040 43452 5.5198 5.19046
  5064 43452 5.5198 5.19046
  5064 43452 5.59195 5.2567
  5099.5 43990 5.538 5.2567
  5099.5 43990 5.65175 5.31164
  5109.5 43990 5.65175 5.31164
  5109.5 43990 5.5575 5.22435
  5128 44249.5 5.5575 5.22435
  5128 44249.5 5.66865 5.32654
  5145 44249.5 5.66865 5.32654
  5145 44249.5 5.66865 5.32654
  5202 44963 5.66865 5.32654
  5202 44963 5.66865 5.32654
  5081.5 43855.5 5.66865 5.32654
  5081.5 43855.5 5.538 5.20586
  5127 44266.5 5.66215 5.32037
  5127 44266.5 5.60885 5.32037
  5089 43970 5.60885 5.25516
  5089 43970 5.60885 5.25516
  5096 43970 5.54905 5.25516
  5096 43970 5.6238 5.25516
  5105.5 43970 5.6238 5.25516
  5105.5 43970 5.6238 5.25516
  5180.5 44765 5.6238 5.32962
  5180.5 44765 5.70375 5.32962
  5070 43780 5.70375 5.32962
  5070 43780 5.52955 5.19919
  5077 43780 5.52955 5.19919
  5077 43780 5.52955 5.19919
  5085 43780 5.5835 5.19919
  5085 43780 5.5835 5.19919
  5129 44232 5.63615 5.29727
  5129 44232 5.63615 5.29727
  5059 43662 5.63615 5.29727
  5059 43662 5.5263 5.19508
  5113.5 44021 5.58675 5.25105
  5113.5 44021 5.58675 5.25105
  5113.5 44021 5.58675 5.25105
  5128.5 44021 5.58675 5.25105
  5128.5 44021 5.58675 5.25105
  5100.5 44021 5.58675 5.25105
  5100.5 44021 5.6576 5.31627
  5173.5 44597.5 5.6576 5.31627
  5173.5 44597.5 5.6576 5.31627
  5106.5 43967 5.6576 5.31627
  5106.5 43967 5.5679 5.23513
  5116 43967 5.5679 5.23513
  5116 43967 5.65045 5.30856
  5173.5 44522 5.65045 5.30856
  5173.5 44522 5.65045 5.30856
  5023.5 43143.5 5.49575 5.16838
  5023.5 43143.5 5.49575 5.16838
  5067.5 43717.5 5.5523 5.21921
  5067.5 43717.5 5.5523 5.21921
  5037.5 43430.5 5.47885 5.15143
  5037.5 43430.5 5.61405 5.27621
  5243.5 45238.5 5.7668 5.41691
  5243.5 45238.5 5.7668 5.41691
  5198 45238.5 5.6849 5.34091
  5198 45238.5 5.76615 5.4164
  5190.5 44941 5.76615 5.4164
  5190.5 44941 5.68295 5.3404
  5072 43944.5 5.58025 5.24592
  5072 43944.5 5.58025 5.24592
  5019 43389.5 5.58025 5.24592
  5019 43389.5 5.48405 5.15657
  5067 43833 5.53995 5.20792
  5067 43833 5.53995 5.20792
  4987.5 42893.5 5.47625 5.15092
  4987.5 42893.5 5.47625 5.15092
  4914.5 42373.5 5.47625 5.15092
  4914.5 42373.5 5.3521 5.03487
  5033.5 43531 5.4691 5.14219
  5033.5 43531 5.53995 5.20689
  4990.5 43024.5 5.46585 5.14065
  4990.5 43024.5 5.46585 5.14065
  5054.5 43522.5 5.5692 5.23513
  5054.5 43522.5 5.5692 5.23513
  5039 43522.5 5.4717 5.14527
  5039 43522.5 5.56985 5.23513
  5048 43522.5 5.56985 5.23513
  5048 43522.5 5.56985 5.23513
  5048.5 43522.5 5.56985 5.23513
  5048.5 43522.5 5.56985 5.23513
  4996.5 43088.5 5.46 5.13397
  4996.5 43088.5 5.46 5.13397
  4966.5 43088.5 5.46 5.13397
  4966.5 43088.5 5.46 5.13397
  5029.5 43088.5 5.46 5.13397
  5029.5 43088.5 5.5471 5.21562
  4999 43088.5 5.48275 5.15605
  4999 43088.5 5.48275 5.15605
  5007.5 43088.5 5.48275 5.15605
  5007.5 43088.5 5.48275 5.15605
  5008 43088.5 5.48275 5.15605
  5008 43088.5 5.48275 5.15605
  5008 43088.5 5.48275 5.15605
  4953.5 42785.5 5.48275 5.15605
  4953.5 42785.5 5.3781 5.05952
  4886.5 42046 5.3781 5.05952
  4886.5 42046 5.3781 5.05952
  4943.5 42632 5.42815 5.05952
  4943.5 42632 5.1038 4.80225
  1041.5 7815 0 0
  1041.5 7815 0 0
  219 521 0 0
  219 521 0 0
  215.5 539.5 0 0
  215.5 539.5 0 0
  217.5 548 0 0
  217.5 548 0 0
  217 548 0 0
  217 548 0 0
  217.5 548 0 0
  217.5 548 0 0
  218.5 548 0 0
  218.5 548 0 0
  218 551 0 0
  218 551 0 0
  217 551 0 0
  217 551 0 0
  219 551 0 0
  219 551 0 0
  219 547.5 0 0
  219 547.5 0 0
  219 552 0 0
  219 552 0 0
  220 552 0 0
  220 552 0 0
  218.5 549 0 0
  218.5 549 0 0
  222 549 0 0
  222 549 0 0
  224 552 0 0
  224 552 0 0
  2075 16898 0 0
  2075 16898 1.67661 0.6162
  4963.5 41806.5 3.9 1.5405
  4963.5 41806.5 7.24048 3.081
  5029 42109 8.78638 6.162
  5029 42109 8.61575 8.5241
  5020 42355.5 5.56465 8.05373
  5020 42355.5 5.49965 5.17094
  4928 41866 5.4288 5.10573
  4928 41866 5.3755 5.10573
  5009.5 42399 5.45545 5.10573
  5009.5 42399 5.51785 5.18892
  5035 42748.5 5.51785 5.18892
  5035 42748.5 5.51785 5.18892
  4985.5 42443.5 5.51785 5.18892
  4985.5 42443.5 5.46455 5.18892
  5052 43145 5.46455 5.18892
  5052 43145 5.5406 5.18892
  5087 43558 5.60885 5.27159
  5087 43558 5.60885 5.27159
  5004 42649.5 5.60885 5.27159
  5004 42649.5 5.4665 5.14013
  5004 42649.5 5.4665 5.14013
  5019.5 42649.5 5.4665 5.14013
  5019.5 42649.5 5.58935 5.25362
  5118 43825 5.58935 5.25362
  5118 43825 5.58935 5.25362
  5063 43439 5.5146 5.18481
  5063 43439 5.6498 5.30908
  5077.5 43439 5.5926 5.25619
  5077.5 43439 5.52175 5.19097
  5071.5 43439 5.58545 5.25002
  5071.5 43439 5.58545 5.25002
  5055 43207 5.58545 5.25002
  5055 43207 5.50485 5.17454
  5006.5 42746.5 5.50485 5.17454
  5006.5 42746.5 5.50485 5.17454
  5047.5 43131 5.50485 5.17454
  5047.5 43131 5.58545 5.25002
  5108.5 43706 5.58545 5.25002
  5108.5 43706 5.58545 5.25002
  5065.5 43267.5 5.58545 5.25002
  5065.5 43267.5 5.58545 5.25002
  5081 43594 5.58545 5.25002
  5081 43594 5.58545 5.25002
  5092.5 43594 5.58545 5.25002
  5092.5 43594 5.58545 5.25002
  5013.5 42965 5.58545 5.25002
  5013.5 42965 5.4483 5.12165
  4976.5 42520.5 5.4483 5.12165
  4976.5 42520.5 5.5094 5.17916
  5039.5 43268 5.5094 5.17916
  5039.5 43268 5.5783 5.24283
  5087.5 43693 5.5783 5.24283
  5087.5 43693 5.5783 5.24283
  5073 43693 5.63225 5.29316
  5073 43693 5.51785 5.18789
  4980.5 42732.5 5.43595 5.11087
  4980.5 42732.5 5.48795 5.11087
  5142 44157 5.5614 5.22743
  5142 44157 5.7044 5.35889
  5103 43797.5 5.6433 5.30291
  5103 43797.5 5.6433 5.30291
  5102.5 43797.5 5.5874 5.25105
  5102.5 43797.5 5.5874 5.25105
  5046 43432.5 5.5874 5.25105
  5046 43432.5 5.5289 5.19713
  5033.5 43432.5 5.5289 5.19713
  5033.5 43432.5 5.5289 5.19713
  5013 42960.5 5.47625 5.19713
  5013 42960.5 5.47625 5.19713
  5002.5 42960.5 5.47625 5.19713
  5002.5 42960.5 5.47625 5.19713
  5027 42960.5 5.47625 5.19713
  5027 42960.5 5.538 5.19713
  4960 42471 5.538 5.19713
  4960 42471 5.41255 5.09084
  5057.5 43374 5.4808 5.15297
  5057.5 43374 5.58545 5.25002
  5039 43374 5.52305 5.192
  5039 43374 5.52305 5.192
  5081 43374 5.52305 5.192
  5081 43374 5.5744 5.192
  5081 43374 5.6446 5.30445
  5120.5 43986 5.6446 5.30445
  5120.5 43986 5.6446 5.30445
  5102 43986 5.6446 5.30445
  5102 43986 5.6446 5.30445
  5162 44446.5 5.70245 5.35735
  5162 44446.5 5.6277 5.28802
  5116.5 43970 5.6277 5.28802
  5116.5 43970 5.6277 5.28802
  5016 43090 5.46715 5.14116
  5016 43090 5.5653 5.23205
  5066.5 43502.5 5.5653 5.23205
  5066.5 43502.5 5.5653 5.23205
  5078.5 43502.5 5.5653 5.23205
  5078.5 43502.5 5.62185 5.2834
  5049 43502.5 5.54645 5.21357
  5049 43502.5 5.54645 5.21357
  5078.5 43740.5 5.6251 5.28648
  5078.5 43740.5 5.5302 5.19919
  5080 43740.5 5.5302 5.19919
  5080 43740.5 5.63875 5.29881
  5074.5 43476 5.5666 5.23154
  5074.5 43476 5.5666 5.23154
  5084.5 43476 5.5666 5.23154
  5084.5 43476 5.5666 5.23154
  5062 43476 5.5666 5.23154
  5062 43476 5.5666 5.23154
  5131.5 44062.5 5.655 5.31267
  5131.5 44062.5 5.655 5.31267
  5056.5 43386 5.55035 5.21716
  5056.5 43386 5.55035 5.21716
  5036.5 43386 5.55035 5.21716
  5036.5 43386 5.55035 5.21716
  5042 43386 5.473 5.1463
  5042 43386 5.58805 5.25208
  5156 44532.5 5.7135 5.36659
  5156 44532.5 5.6472 5.30548
  5076.5 43872 5.58285 5.24797
  5076.5 43872 5.58285 5.24797
  5085 43872 5.58285 5.24797
  5085 43872 5.58285 5.24797
  5069 43872 5.58285 5.24797
  5069 43872 5.58285 5.24797
  5017.5 43274.5 5.473 5.14476
  5017.5 43274.5 5.53735 5.20432
  5064.5 43550 5.59325 5.25619
  5064.5 43550 5.59325 5.25619
  5019 42984 5.48015 5.15195
  5019 42984 5.48015 5.15195
  5041 43316.5 5.55165 5.21819
  5041 43316.5 5.55165 5.21819
  5117 44069 5.6277 5.28802
  5117 44069 5.6277 5.28802
  5091 44069 5.6277 5.28802
  5091 44069 5.6277 5.28802
  5112.5 44069 5.6277 5.28802
  5112.5 44069 5.6277 5.28802
  5020.5 43063.5 5.49835 5.1694
  5020.5 43063.5 5.49835 5.1694
  4982.5 42759 5.49835 5.1694
  4982.5 42759 5.4366 5.11241
  4982.5 42759 5.55425 5.22075
  5084.5 43653.5 5.55425 5.22075
  5084.5 43653.5 5.6121 5.27364
  5069 43427 5.6121 5.27364
  5069 43427 5.5042 5.17505
  4950 42399.5 5.40085 5.07851
  4950 42399.5 5.4743 5.14784
  5050 43153.5 5.4743 5.14784
  5050 43153.5 5.60105 5.2644
  5136 44016.5 5.60105 5.2644
  5136 44016.5 5.60105 5.2644
  5012 42852.5 5.48015 5.15246
  5012 42852.5 5.48015 5.15246
  4998 42852.5 5.48015 5.15246
  4998 42852.5 5.48015 5.15246
  5020 43193.5 5.48015 5.15246
  5020 43193.5 5.5497 5.21613
  5091.5 43687 5.6277 5.29008
  5091.5 43687 5.55425 5.22127
  5029.5 43111 5.55425 5.22127
  5029.5 43111 5.5003 5.17094
  5072.5 43617 5.6004 5.26389
  5072.5 43617 5.5224 5.19251
  5006.5 42927.5 5.434 5.10932
  5006.5 42927.5 5.56985 5.23411
  5039.5 43258 5.56985 5.23411
  5039.5 43258 5.5185 5.23411
  4974.5 42621 5.46 5.13449
  4974.5 42621 5.46 5.13449
  4966.5 42621 5.46 5.13449
  4966.5 42621 5.46 5.13449
  5088.5 43634 5.5666 5.23256
  5088.5 43634 5.5666 5.23256
  5026.5 43078 5.5666 5.23256
  5026.5 43078 5.4756 5.14835
  5020.5 43078 5.4756 5.14835
  5020.5 43078 5.55945 5.22538
  5039.5 43078 5.55945 5.22538
  5039.5 43078 5.55945 5.22538
  5055 43078 5.55945 5.22538
  5055 43078 5.55945 5.22538
  4986 42676 5.4938 5.1653
  4986 42676 5.4938 5.1653
  4999.5 42676 5.4938 5.1653
  4999.5 42676 5.4938 5.1653
  5025 42676 5.4938 5.1653
  5025 42676 5.4938 5.1653
  5054.5 43171 5.5497 5.21613
  5054.5 43171 5.5497 5.21613
  5049.5 43171 5.4925 5.16376
  5049.5 43171 5.57375 5.23873
  5096 43457 5.57375 5.23873
  5096 43457 5.57375 5.23873
  5034 43031 5.57375 5.23873
  5034 43031 5.57375 5.23873
  5116.5 43776.5 5.57375 5.23873
  5116.5 43776.5 5.62835 5.28905
  5079.5 43776.5 5.62835 5.28905
  5079.5 43776.5 5.62835 5.28905
  5022 42948 5.55165 5.21767
  5022 42948 5.55165 5.21767
  5022 42948 5.4925 5.16427
  5038.5 42948 5.54515 5.16427
  5038.5 42948 5.54515 5.16427
  5034 42948 5.54515 5.16427
  5034 42948 5.54515 5.21716
  5130 43869.5 5.6602 5.31935
  5130 43869.5 5.6602 5.31935
  5127 43869.5 5.6602 5.31935
  5127 43869.5 5.6602 5.31935
  5085 43511.5 5.60885 5.31935
  5085 43511.5 5.53865 5.20638
  5042 43000.5 5.53865 5.20638
  5042 43000.5 5.60235 5.2644
  5122 43801.5 5.6589 5.31678
  5122 43801.5 5.6589 5.31678
  5150 43801.5 5.6589 5.31678
  5150 43801.5 5.6589 5.31678
  5074 43520.5 5.6589 5.31678
  5074 43520.5 5.4873 5.15913
  5029 42927.5 5.53735 5.15913
  5029 42927.5 5.53735 5.15913
  6297 54249.5 6.05215 5.68239
  6297 54249.5 8.3772 7.82471
  7467.5 64802 8.3772 7.82471
  7467.5 64802 8.6359 8.06554
  10010.5 88085.5 11.2028 10.422
  10010.5 88085.5 11.4732 10.6741
  9919 88085.5 11.325 10.5391
  9919 88085.5 11.2021 10.4256
  9971 88085.5 11.2021 10.4256
  9971 88085.5 11.4036 10.6115
  10121.5 89935 11.4036 10.6115
  10121.5 89935 11.6025 10.7948
  10090.5 89935 11.5011 10.7008
  10090.5 89935 11.4094 10.6176
  9482.5 84236.5 11.0682 10.3008
  9482.5 84236.5 10.5196 9.79963
  9410.5 83786 10.5709 9.79963
  9410.5 83786 10.7029 9.96652
  9415 83786 10.7029 9.96652
  9415 83786 10.7029 9.96652
  9277.5 82688 10.5508 9.82479
  9277.5 82688 10.465 9.74726
  9377 83636.5 10.6288 9.89823
  9377 83636.5 10.6288 9.89823
  9342 83118.5 10.4643 9.74674
  9342 83118.5 10.6138 9.88333
  9489.5 84599.5 10.8251 10.079
  9489.5 84599.5 10.7256 9.98706
  9526.5 85159.5 10.7256 9.98706
  9526.5 85159.5 10.8199 10.0738
  9451.5 84479 10.8199 10.0738
  9451.5 84479 10.7074 9.9696
  9484 84479 10.5781 9.85252
  9484 84479 10.8036 10.06
  9442 84479 10.8036 10.06
  9442 84479 10.6996 9.96344
  9208 82346 10.3649 9.6538
  9208 82346 10.3649 9.6538
  9509.5 85164 10.8258 10.0815
  9509.5 85164 10.7458 10.0066
  9509.5 85164 10.7458 10.0066
  9479 85164 10.7458 10.0066
  9479 85164 10.7458 10.0066
  9411 84277 10.6561 9.9239
  9411 84277 10.6561 9.9239
  9363 83791.5 10.6561 9.9239
  9363 83791.5 10.5996 9.87101
  9352 83791.5 10.5996 9.87101
  9352 83791.5 10.5047 9.78423
  9434 84436.5 10.7062 9.97012
  9434 84436.5 10.7062 9.97012
  9358 83855 10.5294 9.80734
  9358 83855 10.6743 9.93931
  9313 83419.5 10.5664 9.84123
  9313 83419.5 10.4871 9.76677
  9257 82841 10.4871 9.76677
  9257 82841 10.5443 9.81915
  9364 83842 10.6808 9.9465
  9364 83842 10.5092 9.78885
  9362.5 83842 10.5924 9.86434
  9362.5 83842 10.6645 9.9316
  9518 85238 10.8102 10.0661
  9518 85238 10.8102 10.0661
  9496 85238 10.738 9.99938
  9496 85238 10.7984 10.0548
  9660 86486 10.9128 10.1601
  9660 86486 11.0013 10.2407
  9560.5 85553 10.8738 10.1242
  9560.5 85553 10.8095 10.0641
  9492 84979 10.8095 10.0641
  9492 84979 10.7276 9.98911
  9635 86233.5 10.7276 9.98911
  9635 86233.5 11.0643 10.2993
  9694.5 86804 10.9551 10.1996
  9694.5 86804 11.0506 10.2875
  9675 86804 10.9349 10.1791
  9675 86804 11.0123 10.252
  9570.5 85847 10.868 10.119
  9570.5 85847 10.868 10.119
  9510.5 85100 10.868 10.119
  9510.5 85100 10.7289 9.99066
  9448.5 84280.5 10.7289 9.99066
  9448.5 84280.5 10.7289 9.99066
  9522 85264.5 10.7913 10.0497
  9522 85264.5 10.7913 10.0497
  9480.5 84591 10.7913 10.0497
  9480.5 84591 10.7172 9.97885
  9417.5 84082.5 10.541 9.81658
  9417.5 84082.5 10.7549 10.0143
  9443 84082.5 10.6808 9.94701
  9443 84082.5 10.7373 9.99836
  9573 85558.5 10.7373 9.99836
  9573 85558.5 10.9128 10.1606
  9403.5 84114 10.7347 9.99682
  9403.5 84114 10.6223 9.89206
  9439.5 84114 10.7529 10.0112
  9439.5 84114 10.7529 10.0112
  9391.5 83687.5 10.5943 9.8669
  9391.5 83687.5 10.6463 9.8669
  9467.5 85104 10.7387 9.99784
  9467.5 85104 10.7387 9.99784
  9467.5 85104 10.556 9.83044
  9356 83676 10.556 9.83044
  9356 83676 10.6762 9.9429
  9475.5 84588 10.6762 9.9429
  9475.5 84588 10.92 10.1663
  9676 86796.5 11.0142 10.2515
  9676 86796.5 10.8966 10.1442
  9397 84045.5 10.6542 9.92185
  9397 84045.5 10.584 9.85561
  9391 84045.5 10.673 9.93828
  9391 84045.5 10.5567 9.83044
  9373.5 84045.5 10.5567 9.83044
  9373.5 84045.5 10.8244 10.078
  9528.5 85343 10.8244 10.078
  9528.5 85343 10.8244 10.078
  9521.5 85343 10.8927 10.1421
  9521.5 85343 10.5905 9.86228
  9380 84216 10.5905 9.86228
  9380 84216 10.7698 10.0276
  9456 84755 10.7698 10.0276
  9456 84755 10.688 9.95163
  9617.5 86481 10.92 10.1642
  9617.5 86481 10.92 10.1642
  9766 87881 11.0806 10.3147
  9766 87881 11.0806 10.3147
  9603.5 86307 10.9473 10.1909
  9603.5 86307 10.8322 10.0857
  9602.5 86307 10.9064 10.1534
  9602.5 86307 10.9064 10.1534
  9586 86307 10.9064 10.1534
  9586 86307 10.9064 10.1534
  9565 85789 10.9064 10.1534
  9565 85789 10.7497 10.0086
  9515 85305.5 10.7497 10.0086
  9515 85305.5 10.8238 10.0764
  9556.5 85305.5 10.8238 10.0764
  9556.5 85305.5 10.8238 10.0764
  9479 85305.5 10.8238 10.0764
  9479 85305.5 10.7256 9.98757
  9477 85305.5 10.6425 9.91055
  9477 85305.5 10.8127 10.0677
  9421 84473.5 10.6892 9.95368
  9421 84473.5 10.6892 9.95368
  9535.5 85372.5 10.8205 10.0744
  9535.5 85372.5 10.7633 10.0215
  6517 57978.5 10.7633 10.0215
  6517 57978.5 6.29785 5.93247
  218 511 0 0
  218 511 0 0
  219 540 0 0
  219 540 0 0
  220 548 0 0
  220 548 0 0
  221 553 0 0
  221 553 0 0
  219 553 0 0
  219 553 0 0
  222.5 550 0 0
  222.5 550 0 0
  219.5 550 0 0
  219.5 550 0 0
  219.5 550 0 0
  217.5 550 0 0
  217.5 550 0 0
  213.5 550 0 0
  213.5 550 1.11543 0
  3309 28167 3.60484 1.5405
  3309 28167 5.57349 3.081
  3355 28718 5.7902 5.17187
  3355 28718 3.5191 5.47006
  3337.5 28718 3.5191 3.35059
  3337.5 28718 3.5776 3.35059
  4615.5 39958 4.8087 4.53806
  4615.5 39958 6.1321 5.75325
  5667.5 48267 6.1321 5.75325
  5667.5 48267 8.18318 7.65551
  10453 91177 18.4444 17.2064
  10453 91177 18.2208 16.9948
  10490.5 92634.5 11.9275 11.0916
  10490.5 92634.5 11.9275 11.0916
  9826.5 87202 11.4907 10.688
  9826.5 87202 10.5417 9.81298
  9400.5 82912.5 10.6262 9.89104
  9400.5 82912.5 10.7211 9.97833
  9515 84403.5 10.8277 10.0759
  9515 84403.5 10.7523 10.0081
  9408.5 83477 10.6704 9.93109
  9408.5 83477 10.6704 9.93109
  9434.5 83477 10.6704 9.93109
  9434.5 83477 10.6704 9.93109
  9553.5 85121 10.7965 10.0471
  9553.5 85121 10.8888 10.1344
  9651.5 85894 10.998 10.231
  9651.5 85894 10.9135 10.1539
  9646 85894 10.9135 10.1539
  9646 85894 10.9135 10.1539
  9307 83084 10.6002 9.86639
  9307 83084 10.517 9.79039
  9208 82347.5 10.4494 9.72877
  9208 82347.5 10.4494 9.72877
  9325 83509.5 10.4494 9.72877
  9325 83509.5 10.6483 9.91466
  957 7232.5 3.3098 3.09949
  957 7232.5 0 0
  215.5 531.5 0 0
  215.5 531.5 0 0
  216.5 544.5 0 0
  216.5 544.5 0 0
  215 544.5 0 0
  215 544.5 0 0
  213.5 550.5 0 0
  213.5 550.5 0 0
  217 550.5 0 0
  217 550.5 0 0
  218 553.5 0 0
  218 553.5 0 0
  218.5 549 0 0
  218.5 549 0 0
  217 549 0 0
  217 549 0 0
  217 549 0 0
  1785.5 14501.5 1.29243 0.6162
  1785.5 14501.5 3.53022 1.5405
  3337.5 28497.5 5.44492 3.081
  3337.5 28497.5 5.82498 5.16714
  3364 28861 3.56168 5.47237
  3364 28861 3.56168 3.41965
  3381.5 29153.5 3.56168 3.41965
  3381.5 29153.5 4.47687 4.22893
  5558.5 48023 6.188 5.80486
  5558.5 48023 6.24162 5.80486
  7728 66504.5 7.43437 6.95947
  7728 66504.5 11.9691 17.1555
  10591 93008 18.5049 17.2474
  10591 93008 18.8669 11.3329
  10686 94463.5 12.1979 11.3329
  10686 94463.5 12.0588 11.2107
  9467.5 83833 10.6743 9.9352
  9467.5 83833 10.4416 9.72055
  2929.5 24994.5 3.7596 3.58628
  2929.5 24994.5 0 0
  214 522.5 0 0
  214 522.5 0 0
  214.5 541.5 0 0
  214.5 541.5 0 0
  217 549 0 0
  217 549 0 0
  214 549 0 0
  214 549 0 0
  216 549 0 0
  216 549 0 0
  213.5 552.5 0 0
  213.5 552.5 0 0
  215.5 549.5 0 0
  215.5 549.5 0 0
  216.5 549.5 0 0
  216.5 549.5 0 0
  219 549.5 0 0
  219 549.5 0 0
  217.5 549.5 0 0
  217.5 549.5 0 0
  217.5 549.5 0 0
  217.5 549.5 0 0
  214 549.5 0 0
  214 549.5 0 0
  215.5 552.5 0 0
  215.5 552.5 0 0
  218 552.5 0 0
  218 552.5 0 0
  2970.5 24833.5 1.21683 0.542482
  2970.5 24833.5 3.57662 1.5405
  3388 28761 5.52019 3.081
  3388 28761 5.9085 5.19374
  3321 28313.5 3.54087 5.48187
  3321 28313.5 3.54087 3.33518
  4231.5 36572.5 3.54087 3.40399
  4231.5 36572.5 4.70307 4.43433
  5499 46838 6.01315 5.64234
  5499 46838 6.10415 5.72732
  9910.5 85961 7.95827 7.43907
  9910.5 85961 18.5595 17.2916
  9910.5 85961 18.2689 16.9332
  10306.5 90462 11.713 10.8903
  10306.5 90462 11.7663 10.9417
  10216.5 90462 11.8378 11.0074
  10216.5 90462 10.9824 10.2186
  9710 85889.5 10.9824 10.2186
  9710 85889.5 11.1436 10.3686
  9779 86604.5 11.1436 10.3686
  9779 86604.5 10.946 10.1858
  9592 84895 10.946 10.1858
  9592 84895 10.7991 10.0512
  9537.5 84438 10.8953 10.1396
  9537.5 84438 10.7536 10.0091
  9481 83978 10.7003 10.0091
  9481 83978 10.8407 10.0862
  9664.5 86117 11.0266 10.2618
  9664.5 86117 10.9395 10.1817
  9514 84963.5 10.8225 10.0697
  9514 84963.5 10.7159 9.9732
  9730.5 86692.5 10.9759 10.2135
  9730.5 86692.5 11.2177 10.4364
  9647 86098.5 11.0266 10.2597
  9647 86098.5 10.7848 10.0369
  9488.5 84832 10.7848 10.0369
  9488.5 84832 10.7848 10.0369
  9448.5 84832 10.7302 10.0369
  9448.5 84832 10.7302 9.94958
  9428 84384 10.6769 9.94958
  9428 84384 10.6769 9.94958
  9482.5 84978 10.6769 9.94958
  9482.5 84978 10.8433 10.0892
  9575 85798.5 10.8433 10.0892
  9575 85798.5 10.8433 10.0892
  9594 85798.5 10.9486 10.1868
  9594 85798.5 10.8329 10.081
  9418.5 84399.5 10.738 9.99476
  9418.5 84399.5 10.6522 9.91774
  9466 84399.5 10.6522 9.91774
  9466 84399.5 10.7913 10.042
  9326.5 83325 10.6236 9.88796
  9326.5 83325 10.5443 9.81298
  9336.5 83325 10.6249 9.88796
  9336.5 83325 10.5612 9.82942
  9270 83325 10.5612 9.82942
  9270 83325 10.4702 9.74726
  9523.5 85065.5 10.7705 10.0235
  9523.5 85065.5 10.7705 10.0235
  9395.5 83931 10.7705 10.0235
  9395.5 83931 10.6457 9.9085
  9296.5 83155 10.5443 9.81607
  9296.5 83155 10.5443 9.81607
  9197.5 82230.5 10.3701 9.65791
  9197.5 82230.5 10.4598 9.73801
  9220.5 82230.5 10.5235 9.79655
  9220.5 82230.5 10.4039 9.68564
  9430 84268 10.5807 9.8479
  9430 84268 10.7523 10.005
  9551 85850 10.6951 9.95266
  9551 85850 10.8407 10.0882
  9587.5 85850 10.9564 10.194
  9587.5 85850 10.8095 10.0605
  9587.5 85850 10.9499 10.1878
  9510.5 85155.5 10.7692 10.0235
  9510.5 85155.5 10.7692 10.0235
  9626 86712.5 10.9382 10.1776
  9626 86712.5 10.9889 10.1776
  9735.5 87612 11.0565 10.2844
  9735.5 87612 11.0565 10.2844
  9605 86183 10.8576 10.1036
  9605 86183 10.9616 10.1971
  9534.5 85671 10.8264 10.0728
  9534.5 85671 10.6327 9.89823
  9406 84191.5 10.7016 9.95985
  9406 84191.5 10.7016 9.95985
  9432.5 84191.5 10.7016 9.95985
  9432.5 84191.5 10.7016 9.95985
  9436.5 84191.5 10.7016 9.95985
  9436.5 84191.5 10.7016 9.95985
  9317.5 83233.5 10.5898 9.85612
  9317.5 83233.5 10.4962 9.77088
  9376.5 84095.5 10.6561 9.91671
  9376.5 84095.5 10.6561 9.91671
  9310.5 83386 10.6561 9.91671
  9310.5 83386 10.4858 9.76061
  9333.5 83386 10.595 9.86023
  9333.5 83386 10.595 9.86023
  9480 84846.5 10.7484 10.002
  9480 84846.5 10.7484 10.002
  9407 84260.5 10.6795 9.93931
  9407 84260.5 10.6795 9.93931
  9361 83833 10.621 9.88487
  9361 83833 10.621 9.88487
  9517.5 85588.5 10.7562 10.0102
  9517.5 85588.5 10.8628 10.1077
  9468.5 85588.5 10.8628 10.1077
  9468.5 85588.5 10.6223 9.89104
  9347.5 84164 10.5066 9.77909
  9347.5 84164 10.7029 9.96087
  9617.5 86760 10.829 10.0769
  9617.5 86760 10.9928 10.2269
  9829.5 88856.5 11.1839 10.4035
  9829.5 88856.5 11.1839 10.4035
  9823.5 88856.5 11.0396 10.2721
  9823.5 88856.5 11.2593 10.4703
  9698.5 87550.5 11.1696 10.3902
  9698.5 87550.5 10.9161 10.1581
  9681.5 87550.5 10.9161 10.1581
  9681.5 87550.5 11.011 10.2433
  9606.5 86715 10.9044 10.1468
  9606.5 86715 10.9044 10.1468
  9735 87764.5 10.9044 10.1468
  9735 87764.5 11.1059 10.3326
  9653.5 87145.5 11.2463 10.462
  9653.5 87145.5 10.8238 10.0708
  9477.5 85368.5 10.8238 10.0708
  9477.5 85368.5 10.738 9.99271
  9322.5 83940.5 10.686 9.99271
  9322.5 83940.5 10.556 9.82428
  9283 83940.5 10.4468 9.72261
  9283 83940.5 10.5573 9.82634
  9287 83317.5 10.4741 9.74828
  9287 83317.5 10.5326 9.80271
  9287 83317.5 10.5326 9.80271
  9301 83317.5 10.5326 9.80271
  9301 83317.5 10.5326 9.80271
  9259.5 83317.5 10.5326 9.80271
  9259.5 83317.5 10.5326 9.80271
  9333.5 83827 10.6015 9.86639
  9333.5 83827 10.66 9.92287
  9347.5 83827 10.66 9.92287
  9347.5 83827 10.3792 9.66304
  9226 82803 10.504 9.77704
  9226 82803 10.504 9.77704
  9313.5 83263.5 10.504 9.77704
  9313.5 83263.5 10.7094 9.96601
  9488.5 85109.5 10.8043 10.0554
  9488.5 85109.5 10.6899 9.94855
  9403.5 84147.5 10.6899 9.94855
  9403.5 84147.5 10.5937 9.86125
  9412 84147.5 10.5937 9.86125
  9412 84147.5 10.7679 10.0194
  9371 84147.5 10.5625 9.83044
  9371 84147.5 10.699 9.95779
  9485 84698.5 10.855 10.1005
  9485 84698.5 10.6574 9.91671
  9355.5 83712 10.6574 9.91671
  9355.5 83712 10.5651 9.83558
  9508 85342 10.7445 9.99784
  9508 85342 10.855 10.1016
  9440.5 84527 10.7497 10.005
  9440.5 84527 10.6353 9.89925
  9305 83269 10.5651 9.83455
  9305 83269 10.5651 9.83455
  9398 83956 10.6223 9.8859
  9398 83956 10.6795 9.93931
  9389.5 83956 10.6795 9.93931
  9389.5 83956 10.6795 9.93931
  9435 83956 10.6795 9.93931
  9435 83956 10.7575 10.0102
  9522.5 85383 10.7575 10.0102
  9522.5 85383 10.8758 10.1211
  9613 86469 10.8758 10.1211
  9613 86469 10.9499 10.1899
  9528 85607 10.9499 10.1899
  9528 85607 10.7354 9.99066
  9362.5 84073.5 10.4676 9.74315
  9362.5 84073.5 10.7237 9.98141
  9507 85283.5 10.8472 10.0923
  9507 85283.5 10.751 10.004
  9485 85283.5 10.751 10.004
  9485 85283.5 10.751 10.004
  9541.5 85283.5 10.8134 10.0625
  9541.5 85283.5 10.8134 10.0625
  9365 83863 10.6158 9.88179
  9365 83863 10.6678 9.88179
  9515 85201.5 10.5547 9.82223
  9515 85201.5 10.8719 10.1159
  9590.5 85881.5 11.0461 10.2762
  9590.5 85881.5 10.868 10.1129
  9481 84952.5 10.7211 9.97628
  9481 84952.5 10.7211 9.97628
  9543 85462.5 10.7211 9.97628
  9543 85462.5 10.8784 10.1211
  9543 85462.5 10.7861 10.0369
  9508.5 85462.5 10.7861 10.0369
  9508.5 85462.5 10.9096 10.1529
  9629 86333.5 10.9096 10.1529
  9629 86333.5 10.9096 10.1529
  9611 86333.5 10.9096 10.1529
  9611 86333.5 10.9096 10.1529
  9712.5 86828.5 10.985 10.2186
  9712.5 86828.5 11.0773 10.307
  9542 85621.5 10.8069 10.0574
  9542 85621.5 10.6704 9.93314
  9280.5 83262.5 10.4624 9.73596
  9280.5 83262.5 10.6171 9.88077
  9500.5 85089.5 10.7926 10.0441
  9500.5 85089.5 10.7926 10.0441
  9448.5 84299.5 10.7289 9.98449
  9448.5 84299.5 10.6561 9.91671
  9410.5 84299.5 10.7354 9.98757
  9410.5 84299.5 10.5612 9.82942
  9312 83287.5 10.4884 9.76369
  9312 83287.5 10.7146 9.9732
  9458.5 84776.5 10.7146 9.9732
  9458.5 84776.5 10.7146 9.9732
  9453.5 84776.5 10.6522 9.9126
  9453.5 84776.5 10.8667 10.1129
  9401.5 83810.5 10.6626 9.92493
  9401.5 83810.5 10.6626 9.92493
  9437 84410 10.7796 10.0317
  9437 84410 10.5989 9.86742
  9459.5 84410 10.6535 9.86742
  9459.5 84410 10.8563 10.1026
  9596.5 85906.5 10.8563 10.1026
  9596.5 85906.5 10.9382 10.1776
  9585 85906.5 10.8771 10.1211
  9585 85906.5 10.8771 10.1211
  9460.5 84361.5 10.8771 10.1211
  9460.5 84361.5 10.6301 9.89617
  9204 82215.5 10.361 9.64558
  9204 82215.5 10.5027 9.77396
  9442 84323.5 10.6626 9.92493
  9442 84323.5 10.7562 10.0102
  9455.5 84323.5 10.6158 9.88179
  9455.5 84323.5 10.8043 10.0523
  9499.5 84925.5 10.8043 10.0523
  9499.5 84925.5 10.751 10.0523
  9500.5 84925.5 10.6951 9.95368
  9500.5 84925.5 10.8342 10.0841
  9514 85587 10.8342 10.0841
  9514 85587 10.7835 10.0841
  9395.5 84181.5 10.7224 9.98141
  9395.5 84181.5 10.647 9.90747
  9427 84181.5 10.647 9.90747
  9427 84181.5 10.647 9.90747
  9403 84181.5 10.7029 9.96087
  9403 84181.5 10.7029 9.96087
  9381 84181.5 10.5196 9.79142
  9381 84181.5 10.6301 9.89514
  9543.5 85381.5 10.9161 10.1581
  9543.5 85381.5 10.7887 10.04
  9558.5 85381.5 10.7887 10.04
  9558.5 85381.5 10.8524 10.0995
  9558.5 85381.5 10.8524 10.0995
  9502.5 84949.5 10.7835 10.0348
  9502.5 84949.5 10.8433 10.0913
  9475 84949.5 10.751 10.005
  9475 84949.5 10.5677 9.83455
  9261 82652 10.5092 9.78218
  9261 82652 10.5092 9.78218
  9345.5 83485 10.647 9.9085
  9345.5 83485 10.647 9.9085
  9349.5 83485 10.5924 9.85817
  9349.5 83485 10.6483 9.9085
  9389.5 83485 10.6483 9.9085
  9389.5 83485 10.5027 9.77704
  9289 82718.5 10.4351 9.71337
  9289 82718.5 10.8316 10.079
  9601.5 85957 10.894 10.1355
  9601.5 85957 10.894 10.1355
  9617 85957 11.0006 10.2351
  9617 85957 10.8238 10.0718
  9744.5 87099 10.9967 10.231
  9744.5 87099 11.2307 10.4456
  9556 85405 10.8797 10.1252
  9556 85405 10.7692 10.0225
  9660.5 86343.5 10.9629 10.2002
  9660.5 86343.5 10.9629 10.2002
  9637.5 86343.5 10.894 10.1355
  9637.5 86343.5 10.9928 10.2269
  9510 85338 10.8329 10.079
  9510 85338 10.7341 9.98757
  9496.5 85338 10.6717 9.93109
  9496.5 85338 10.9135 10.1519
  9571 85338 10.7874 10.0379
  9571 85338 10.9603 10.1961
  9851.5 88332 11.2346 10.4518
  9851.5 88332 11.1449 10.3676
  9562 85493 10.9265 10.1663
  9562 85493 10.7718 10.0235
  9452.5 84634.5 10.7718 10.0235
  9452.5 84634.5 10.7198 10.0235
  9551 85520.5 10.829 10.0769
  9551 85520.5 10.829 10.0769
  9436.5 84531 10.6743 9.93622
  9436.5 84531 10.7406 9.99579
  9297 82774.5 10.6093 9.87563
  9297 82774.5 10.5079 9.78115
  9188 82130 10.3298 9.6158
  9188 82130 10.452 9.7298
  9447 84372.5 10.7042 9.96293
  9447 84372.5 10.7042 9.96293
  9431.5 84372.5 10.6431 9.90336
  9431.5 84372.5 10.7068 9.96498
  9525.5 85181 10.8316 10.08
  9525.5 85181 10.8316 10.08
  9571 85643 10.8316 10.08
  9571 85643 10.8823 10.08
  9441 84433 10.8134 10.08
  9441 84433 10.6236 9.88898
  9424.5 84433 10.7276 9.98449
  9424.5 84433 10.7276 9.98449
  9296.5 83306 10.491 9.76369
  9296.5 83306 10.5937 9.8592
  9296.5 83306 10.6483 9.91055
  9579.5 85760.5 10.9122 10.1519
  9579.5 85760.5 10.9122 10.1519
  9405.5 84134.5 10.595 9.86125
  9405.5 84134.5 10.595 9.86125
  9387.5 84134.5 10.595 9.86125
  9387.5 84134.5 10.6951 9.95471
  9454 84635.5 10.6951 9.95471
  9454 84635.5 10.8264 10.0718
  9519.5 85220.5 10.8264 10.0718
  9519.5 85220.5 10.7302 9.98552
  9417 84255 10.7302 9.98552
  9417 84255 10.5339 9.80888
  9220 82259.5 10.4442 9.72158
  9220 82259.5 10.4442 9.72158
  9343 83430.5 10.556 9.82531
  9343 83430.5 10.7653 10.0184
  9512.5 84936.5 10.7653 10.0184
  9512.5 84936.5 10.7653 10.0184
  9426 84368.5 10.6613 9.92287
  9426 84368.5 10.6613 9.92287
  9584 85500.5 10.8836 10.1272
  9584 85500.5 10.8836 10.1272
  9551 85500.5 10.8836 10.1272
  9551 85500.5 10.7627 10.0163
  9531.5 85045.5 10.7627 10.0163
  9531.5 85045.5 10.8381 10.0862
  9454.5 84399.5 10.751 10.005
  9454.5 84399.5 10.6691 9.93109
  9432 84399.5 10.6691 9.93109
  9432 84399.5 10.8095 10.0584
  9477 84399.5 10.8095 10.0584
  9477 84399.5 10.6847 9.94444
  9507 84891.5 10.8199 10.0697
  9507 84891.5 10.7354 9.99168
  9561.5 85380 10.8264 10.0769
  9561.5 85380 10.8264 10.0769
  9511 84741 10.8264 10.0769
  9511 84741 10.7744 10.0266
  9414 83874 10.7744 10.0266
  9414 83874 10.6041 9.87152
  9294.5 82925.5 10.5118 9.78731
  9294.5 82925.5 10.5118 9.78731
  9644.5 85978.5 10.8602 10.1057
  9644.5 85978.5 10.985 10.2238
  9706.5 86635 11.0799 10.308
  9706.5 86635 10.9577 10.1961
  9483.5 84552 10.9057 10.1961
  9483.5 84552 10.6639 9.92595
  9622 85768 10.79 10.041
  9622 85768 10.9876 10.2217
  9808 87645 10.9876 10.2217
  9808 87645 11.1696 10.3912
  9578 85721.5 11.102 10.3316
  9578 85721.5 10.7796 10.0328
  9324.5 83402.5 10.6808 9.94136
  9324.5 83402.5 10.5287 9.80271
  9317 82735.5 10.4676 9.74418
  9317 82735.5 10.5976 9.86331
  9424 84159 10.5976 9.86331
  9424 84159 10.673 9.93417
  9424 84159 10.7965 10.0482
  9503 84980.5 10.7965 10.0482
  9503 84980.5 10.7965 10.0482
  9390.5 83836.5 10.6197 9.8859
  9390.5 83836.5 10.6197 9.8859
  9414.5 83836.5 10.7081 9.96703
  9414.5 83836.5 10.5924 9.86023
  9459.5 84497.5 10.7081 9.96395
  9459.5 84497.5 10.9941 10.231
  9655.5 86116.5 10.9941 10.231
  9655.5 86116.5 10.8394 10.0903
  9415 83927.5 10.6873 9.94752
  9415 83927.5 10.6873 9.94752
  9548.5 85387 10.8862 10.1303
  9548.5 85387 10.7627 10.0163
  9489.5 84487 10.7627 10.0163
  9489.5 84487 10.8394 10.0892
  9540 85124.5 10.8394 10.0892
  9540 85124.5 10.8394 10.0892
  9542.5 85124.5 10.8394 10.0892
  9542.5 85124.5 10.8394 10.0892
  9645.5 86030.5 11.0318 10.2628
  9645.5 86030.5 10.8316 10.08
  9477.5 84602 10.7562 10.0112
  9477.5 84602 10.7562 10.0112
  9508 84602 10.6561 9.91774
  9508 84602 11.0461 10.2792
  9590 85471 11.0461 10.2792
  9590 85471 10.6561 9.91877
  9482 84566 10.7185 9.97833
  9482 84566 10.8134 10.0646
  9556.5 85229.5 10.8134 10.0646
  9556.5 85229.5 10.8134 10.0646
  9255.5 82373.5 10.53 9.80374
  9255.5 82373.5 10.4247 9.70618
  8959 79618 10.1478 9.4484
  8959 79618 10.1478 9.4484
  9150.5 81667 10.2388 9.53467
  9150.5 81667 10.4988 9.77601
  9395 83890 10.6314 9.89823
  9395 83890 10.6314 9.89823
  9398.5 83890 10.6314 9.89823
  9398.5 83890 10.6314 9.89823
  9447 84581 10.699 9.96087
  9447 84581 10.699 9.96087
  9506.5 84581 10.751 9.96087
  9506.5 84581 10.8147 10.0646
  9526 85217 10.881 10.1262
  9526 85217 10.7458 10.002
  9407.5 83877 10.7458 10.002
  9407.5 83877 10.6275 9.89514
  9480.5 84450 10.7705 10.0245
  9480.5 84450 10.7705 10.0245
  9493 84450 10.5989 9.86742
  9493 84450 10.8628 10.1077
  9611.5 85807.5 10.9551 10.1961
  9611.5 85807.5 10.8563 10.1026
  9451 84350 10.8563 10.1026
  9451 84350 10.6613 9.9239
  9531 84959 10.6613 9.9239
  9531 84959 10.816 10.0667
  9531 84959 10.8992 10.1427
  9489 84454.5 10.6574 9.91774
  9489 84454.5 10.8719 10.117
  9559.5 85181 10.8719 10.117
  9559.5 85181 9.5082 8.87328
  2307.5 19513.5 0 0
  2307.5 19513.5 0 0
  216 526 0 0
  216 526 0 0
  214 547 0 0
  214 547 0 0
  213.5 551.5 0 0
  213.5 551.5 0 0
  216 551.5 0 0
  216 551.5 0 0
  217.5 551.5 0 0
  217.5 551.5 0 0
  217 551.5 0 0
  217 551.5 0 0
  216.5 551.5 0 0
  216.5 551.5 0 0
  219.5 551.5 0 0
  219.5 551.5 0 0
  218 551.5 0 0
  218 551.5 0 0
  218 551.5 0 0
  218 551.5 0 0
  217.5 551.5 0 0
  217.5 551.5 0 0
  219.5 551.5 0 0
  219.5 551.5 0 0
  220.5 551.5 0 0
  220.5 551.5 0 0
  220.5 551.5 0 0
  220.5 551.5 0 0
  222 551.5 0 0
  222 551.5 0 0
  222.5 554.5 0 0
  222.5 554.5 0 0
  221.5 554.5 0 0
  221.5 554.5 0 0
  217.5 554.5 0 0
  217.5 554.5 0 0
  218.5 554.5 0 0
  218.5 554.5 0 0
  216 551.5 0 0
  216 551.5 0 0
  214.5 551.5 0 0
  214.5 551.5 0 0
  214 551.5 0 0
  214 551.5 0 0
  216 551.5 0 0
  216 551.5 0 0
  217 551.5 0 0
  217 551.5 0 0
  214.5 551.5 0 0
  214.5 551.5 0 0
  214 551.5 0 0
  214 551.5 0 0
  216 551.5 0 0
  216 551.5 0 0
  216 551.5 0 0
  214 551.5 0 0
  214 551.5 0 0
  216.5 551.5 0 0
  216.5 551.5 0 0
  219.5 551.5 0 0
  219.5 551.5 0 0
  218.5 551.5 0 0
  218.5 551.5 0 0
  216.5 551.5 0 0
  216.5 551.5 0 0
  213.5 548.5 0 0
  213.5 548.5 0 0
  214 548.5 0 0
  214 548.5 0 0
  210.5 548.5 0 0
  210.5 548.5 0 0
  214 548.5 0 0
  214 548.5 0 0
  214.5 548.5 0 0
  214.5 548.5 0 0
  213.5 548.5 0 0
  213.5 548.5 0 0
  212 548.5 0 0
  212 548.5 0 0
  213.5 548.5 0 0
  213.5 548.5 0 0
  215 548.5 0 0
  215 548.5 0 0
  214 551.5 0 0
  214 551.5 0 0
  214 551.5 0 0
  214 551.5 0 0
  214 551.5 0 0
  214 551.5 0 0
  214.5 551.5 0 0
  214.5 551.5 0 0
  216 551.5 0 0
  216 551.5 0 0
  214.5 551.5 0 0
  214.5 551.5 0 0
  217 551.5 0 0
  217 551.5 0 0
  217.5 551.5 0 0
  217.5 551.5 0 0
  214.5 551.5 0 0
  214.5 551.5 0 0
  215 551.5 0 0
  215 551.5 0 0
  217 551.5 0 0
  217 551.5 0 0
  216 551.5 0 0
  216 551.5 0 0
  213.5 548.5 0 0
  213.5 548.5 0 0
  214.5 548.5 0 0
  214.5 548.5 0 0
  213 548.5 0 0
  213 548.5 0 0
  213 548.5 0 0
  215 548.5 0 0
  215 548.5 0 0
  216.5 548.5 0 0
  216.5 548.5 0 0
  218 552 0 0
  218 552 0 0
  222 549 0 0
  222 549 0 0
  218 549 0 0
  218 549 0 0
  218 549 0 0
  218 549 0 0
  219.5 549 0 0
  219.5 549 0 0
  218.5 549 0 0
  218.5 549 0 0
  219.5 549 0 0
  219.5 549 0 0
  220.5 549 0 0
  220.5 549 0 0
  220 549 0 0
  220 549 0 0
  220 549 0 0
  220 549 0 0
  216 549 0 0
  216 549 0 0
  216 549 0 0
  216 549 0 0
  216.5 546 0 0
  216.5 546 0 0
  215 546 0 0
  215 546 0 0
  216 546 0 0
  216 546 0 0
  214.5 549 0 0
  214.5 549 0 0
  213.5 549 0 0
  213.5 549 0 0
  213.5 549 0 0
  213.5 549 0 0
  213.5 546 0 0
  213.5 546 0 0
  215.5 546 0 0
  215.5 546 0 0
  215.5 546 0 0
  215.5 546 0 0
  212 546 0 0
  212 546 0 0
  211 546 0 0
  211 546 0 0
  213.5 549.5 0 0
  213.5 549.5 0 0
  213 549.5 0 0
  213 549.5 0 0
  213.5 549.5 0 0
  213.5 549.5 0 0
  212.5 549.5 0 0
  212.5 549.5 0 0
  213.5 549.5 0 0
  213.5 549.5 0 0
  213.5 549.5 0 0
  211.5 545 0 0
  211.5 545 0 0
  211.5 545 0 0
  211.5 545 1.14523 0
  3131 25707 3.56818 1.5405
  3131 25707 5.5198 3.081
  3370.5 27962 5.85195 5.18419
  3370.5 27962 3.57402 5.53168
  3317.5 27724.5 3.51292 3.33801
  3317.5 27724.5 3.51292 3.33801
  3770 31871 3.62245 3.44019
  3770 31871 5.71448 5.3802
  5487 46108.5 6.0476 5.67546
  5487 46108.5 6.0476 5.67546
  8855.5 75017 10.4218 9.671
  8855.5 75017 18.6257 17.2777
  10489 90668.5 18.4561 17.2777
  10489 90668.5 11.8976 11.0628
  10454.5 91305.5 12.0133 11.1697
  10454.5 91305.5 11.4361 10.6397
  9692.5 84945 10.9824 10.2217
  9692.5 84945 11.0383 10.2721
  9611 83863.5 10.8719 10.119
  9611 83863.5 10.8719 10.119
  9522.5 83863.5 10.7315 9.9886
  9522.5 83863.5 10.8914 10.1365
  9601.5 84529 10.8914 10.1365
  9601.5 84529 10.946 10.1878
  9593.5 84529 10.946 10.1878
  9593.5 84529 10.7406 9.99887
  9500 83471 10.7406 9.99887
  9500 83471 10.8225 10.0749
  9499 83471 10.8225 10.0749
  9499 83471 10.6691 9.93212
  9464 83471 10.6691 9.93212
  9464 83471 10.7939 10.0471
  9434.5 83471 10.6743 9.93622
  9434.5 83471 10.6743 9.93622
  9430.5 83471 10.6132 9.88077
  9430.5 83471 10.7679 10.0235
  9590.5 84831 10.8576 10.1047
  9590.5 84831 10.8576 10.1047
  9415.5 83365 10.7952 10.0471
  9415.5 83365 10.5716 9.84174
  9515 84334 10.7081 9.96703
  9515 84334 10.8329 10.0841
  9526 84334 10.8329 10.0841
  9526 84334 10.7822 10.0841
  9631.5 85094.5 10.8719 10.0841
  9631.5 85094.5 10.9603 10.2002
  9572.5 85094.5 10.9603 10.2002
  9572.5 85094.5 10.8108 10.0605
  9647 85530 10.8927 10.1365
  9647 85530 10.9772 10.2145
  9519.5 84431.5 10.7978 10.0492
  9519.5 84431.5 10.7978 10.0492
  9488 84431.5 10.9161 10.157
  9488 84431.5 10.7081 9.96703
  9424 83478 10.6067 9.87358
  9424 83478 10.673 9.93417
  9424 83478 10.8134 10.0646
  9626 85630 10.9993 10.2351
  9626 85630 10.9395 10.1837
  9551 84995 10.7796 10.0338
  9551 84995 10.8823 10.1272
  9602 84995 10.8823 10.1272
  9602 84995 10.7744 10.0276
  9481.5 83803.5 10.7744 10.0276
  9481.5 83803.5 10.7744 10.0276
  9507.5 83803.5 10.7744 10.0276
  9507.5 83803.5 10.7744 10.0276
  9415 83803.5 10.6574 9.91877
  9415 83803.5 10.7094 9.91877
  9592 84954.5 10.9356 10.1776
  9592 84954.5 10.764 10.0194
  9393 83398.5 10.5846 9.85304
  9393 83398.5 10.7718 10.0266
  9461.5 83398.5 10.7718 10.0266
  9461.5 83398.5 10.6717 9.93417
  9426.5 83398.5 10.6717 9.93417
  9426.5 83398.5 10.6717 9.93417
  9407 83398.5 10.6717 9.93417
  9407 83398.5 10.6717 9.93417
  9326.5 82697.5 10.5859 9.85304
  9326.5 82697.5 10.4208 9.70104
  9178 81385.5 10.348 9.63326
  9178 81385.5 10.517 9.79142
  9502.5 84161 10.7614 10.0153
  9502.5 84161 10.8329 10.081
  9579 84845.5 10.9018 10.1457
  9579 84845.5 10.79 10.041
  9422.5 83447.5 10.5586 9.82839
  9422.5 83447.5 10.8667 10.1159
  9727 86317.5 11.0435 10.2741
  9727 86317.5 11.0435 10.2741
  9752 86317.5 11.0435 10.2741
  9752 86317.5 11.1007 10.3275
  9679 86317.5 11.0266 10.2597
  9679 86317.5 10.9317 10.1704
  9555.5 84305.5 10.829 10.078
  9555.5 84305.5 10.829 10.078
  9658.5 85649.5 10.9291 10.1694
  9658.5 85649.5 10.9954 10.231
  9576 85043 10.9278 10.1683
  9576 85043 10.7978 10.0512
  9320.5 82708 10.5755 9.84482
  9320.5 82708 10.5755 9.84482
  9544 84862.5 10.7471 10.004
  9544 84862.5 10.8836 10.1293
  9524.5 84862.5 10.7913 10.043
  9524.5 84862.5 10.7913 10.043
  9599.5 84862.5 10.933 10.1714
  9599.5 84862.5 10.8511 10.0985
  9463 83899 10.7471 10.0009
  9463 83899 10.7471 10.0009
  9583.5 84985 10.8693 10.1159
  9583.5 84985 10.8693 10.1159
  9515 84985 10.8693 10.1159
  9515 84985 10.7822 10.0338
  9469.5 84038 10.7003 9.96087
  9469.5 84038 10.79 10.043
  9469.5 84038 10.725 9.98244
  9495 84038 10.725 9.98244
  9495 84038 10.8238 10.0738
  9535.5 84580 10.8238 10.0738
  9535.5 84580 10.959 10.1961
  9558.5 84580 10.8082 10.0574
  9558.5 84580 10.6782 9.93828
  9431 83717 10.6782 9.93828
  9431 83717 10.777 10.0297
  9477 83717 10.7198 9.9773
  9477 83717 10.7198 9.9773
  9452.5 83717 10.7198 9.9773
  9452.5 83717 10.7198 9.9773
  9462 83717 10.7198 9.9773
  9462 83717 10.7198 9.9773
  9492.5 83717 10.8017 10.0512
  9492.5 83717 10.8017 10.0512
  9615 85103.5 10.9356 10.1755
  9615 85103.5 10.9356 10.1755
  9628 85103.5 10.9356 10.1755
  9628 85103.5 10.8823 10.1755
  9425 83567 10.6639 9.92698
  9425 83567 10.7315 9.9886
  9634 85365 10.9499 10.1878
  9634 85365 10.9499 10.1878
  9584 85365 10.9499 10.1878
  9584 85365 10.855 10.1016
  9612.5 85365 10.9551 10.194
  9612.5 85365 10.8186 10.0687
  9377 83414 10.6912 9.9506
  9377 83414 10.5131 9.78526
  9301.5 82659 10.5131 9.78526
  9301.5 82659 10.5755 9.84379
  9368.5 83073 10.5755 9.84379
  9368.5 83073 10.6834 9.94239
  9499.5 84361 10.7601 10.0143
  9499.5 84361 10.7601 10.0143
  9336 82928.5 10.6249 9.89104
  9336 82928.5 10.5508 9.82223
  9285 82928.5 10.5508 9.82223
  9285 82928.5 10.5508 9.82223
  9437.5 83969.5 10.7237 9.98141
  9437.5 83969.5 10.7237 9.98141
  9439.5 83969.5 10.7237 9.98141
  9439.5 83969.5 10.6574 9.92082
  9504 83969.5 10.6574 9.92082
  9504 83969.5 10.8758 10.1221
  9373.5 83969.5 10.6171 9.88385
  9373.5 83969.5 10.6171 9.88385
  9612.5 85745.5 10.907 10.1498
  9612.5 85745.5 10.907 10.1498
  9617 85745.5 10.907 10.1498
  9617 85745.5 10.907 10.1498
  9536 84960.5 10.8472 10.0944
  9536 84960.5 10.8472 10.0944
  9507.5 84466 10.7939 10.0944
  9507.5 84466 10.7939 10.0944
  9489 84466 10.7159 9.97422
  9489 84466 10.79 10.041
  9465.5 84466 10.8979 10.1416
  9465.5 84466 10.6314 9.89617
  9465.5 84466 10.764 10.0184
  9638 85812.5 10.9785 10.2166
  9638 85812.5 11.0877 10.3162
  9648 85812.5 10.9551 10.1919
  9648 85812.5 10.5963 9.86228
  9309.5 82735.5 10.5963 9.86228
  9309.5 82735.5 10.5963 9.86228
  9336 82735.5 10.5339 9.8058
  9336 82735.5 10.6314 9.8972
  9365 83533.5 10.6314 9.8972
  9365 83533.5 10.6314 9.8972
  9301 82939.5 10.4806 9.75753
  9301 82939.5 10.5703 9.83969
  9349.5 83392 10.6262 9.89104
  9349.5 83392 10.6262 9.89104
  9473 84548 10.7445 9.9999
  9473 84548 10.8264 10.0749
  9496 84548 10.7757 10.0749
  9496 84548 10.7757 10.0061
  9529 85052 10.881 10.1262
  9529 85052 10.7224 9.98244
  9451.5 84441.5 10.7224 9.98244
  9451.5 84441.5 10.6535 9.91877
  10518.5 94307.5 11.2463 10.4723
  10518.5 94307.5 13.5681 12.5992
  11740 105617 13.4784 12.5181
  11740 105617 13.9386 12.9156
  17289.5 157478 20.2631 18.7469
  17289.5 157478 20.7636 19.2295
  20336 185946 21.4318 19.8509
  20336 185946 26.9477 24.9479
  23876.5 216415 27.5418 38.1299
  23876.5 216415 27.8772 25.8034
  27982.5 246956 32.318 29.8395
  27982.5 246956 50.037 30.9589
  28784 253293 33.4782 30.9589
  28784 253293 33.3515 30.8382
  28614 251846 33.3515 30.8382
  28614 251846 33.0947 30.6072
  29040 255430 33.6245 31.0899
  29040 255430 33.8065 31.2593
  28365 249436 33.1825 30.6893
  28365 249436 32.695 30.2374
  28067.5 247126 32.357 29.9242
  28067.5 247126 32.7957 30.3247
  27964 247126 32.3407 29.9062
  27964 247126 32.617 30.163
  28115 247126 32.76 30.2914
  28115 247126 32.5455 30.0988
  28098.5 247126 32.5455 30.0988
  28098.5 247126 32.6885 30.2297
  28233 249012 32.214 29.7958
  28233 249012 33.124 30.6328
  27939 246392 33.124 30.6328
  27939 246392 32.0938 29.6777
  28046 246392 32.4253 29.9858
  28046 246392 32.5455 30.1014
  27717 244709 32.3115 29.8908
  27717 244709 32.1133 29.6983
  28008.5 247092 32.617 30.163
  28008.5 247092 32.5487 30.0962
  28008.5 247092 32.0125 29.6058
  27661 243578 32.2075 29.7907
  27661 243578 32.2075 29.7907
  27822 245380 32.3537 29.9216
  27822 245380 32.1782 29.7599
  27987.5 245380 32.5195 30.0706
  27987.5 245380 32.7925 30.3299
  27774 245380 32.1425 29.7316
  27774 245380 31.889 29.4877
  28167.5 247853 32.9258 30.4428
  28167.5 247853 33.0785 30.5892
  28478 251021 33.163 30.6662
  28478 251021 32.8705 30.3966
  27937 245950 32.3115 29.8883
  27937 245950 32.526 30.0808
  28168 248418 32.877 30.4043
  28168 248418 32.2692 29.8421
  27590 243220 31.9312 29.5288
  27590 243220 32.2562 29.8318
  28149.5 247586 32.6722 30.2169
  28149.5 247586 32.7697 30.3068
  28300.5 249288 32.8542 30.3812
  28300.5 249288 32.8542 30.3812
  28172.5 249288 32.7048 30.2529
  28172.5 249288 32.7048 30.2529
  27824.5 245594 32.3407 29.9062
  27824.5 245594 32.084 29.6752
  27926 245594 32.3895 29.9653
  27926 245594 32.487 30.05
  27655 244038 31.8955 29.498
  27655 244038 32.422 29.9884
  27799 244038 32.3375 29.9114
  27799 244038 32.188 29.765
  28064.5 246848 32.8022 30.3324
  28064.5 246848 32.266 29.8395
  27973 246848 32.266 29.8395
  27973 246848 32.8153 30.3478
  27988 246848 32.526 30.0834
  27988 246848 32.3797 29.9499
  27447.5 242386 31.5802 29.213
  27447.5 242386 32.1652 29.7548
  28046.5 246927 32.6722 30.2169
  28046.5 246927 32.4285 29.9961
  27823 245191 32.019 29.6135
  27823 245191 32.6138 30.163
  28677 252867 33.5692 31.0436
  28677 252867 33.0103 30.5353
  28476.5 251244 32.8315 30.3633
  28476.5 251244 33.2637 30.7612
  28181.5 248715 32.9453 30.466
  28181.5 248715 32.5455 30.1014
  27847.5 245521 32.2855 29.8549
  27847.5 245521 32.357 29.9216
  27670 243332 32.461 30.0192
  27670 243332 31.9443 29.5442
  27217 239211 31.6388 29.2618
  27217 239211 31.525 29.154
  27736.5 243404 32.006 29.5981
  27736.5 243404 32.2303 29.8035
  27712 243404 32.422 29.9807
  27712 243404 32.1425 29.7239
  27712 243404 31.291 28.9434
  27086 237740 31.4373 29.0769
  27086 237740 31.6973 29.3183
  27240.5 241272 31.512 29.1463
  27240.5 241272 32.201 29.7753
  28056.5 247618 32.7015 30.2451
  28056.5 247618 32.4025 29.9704
  27497 242377 31.7915 29.4056
  27497 242377 31.6973 29.3183
  27515.5 242377 31.8045 29.4133
  27515.5 242377 32.0938 29.6829
  27767 245062 32.1978 29.7727
  27767 245062 32.4967 30.0577
  27868.5 245062 32.279 29.8549
  27868.5 245062 32.279 29.8549
  27444 241754 31.9053 29.5083
  27444 241754 31.9053 29.5083
  27704.5 244588 32.1035 29.6906
  27704.5 244588 32.162 29.7471
  27815.5 244588 32.0612 29.6546
  27815.5 244588 32.7632 30.2991
  28076.5 247926 32.448 30.0064
  28076.5 247926 32.9355 30.4531
  28616.5 252867 33.3742 30.8536
  28616.5 252867 32.7665 30.3093
  27810 245972 32.4025 29.9704
  27810 245972 32.1392 29.7291
  28544.5 252390 33.1922 30.6945
  28544.5 252390 33.293 30.7895
  28380.5 250791 33.0037 30.5173
  28380.5 250791 32.8542 30.3838
  28565 252516 33.1662 30.6714
  28565 252516 33.2378 30.7355
  28481 252516 33.1273 30.638
  28481 252516 33.0265 30.5404
  28155.5 248628 32.9355 30.4634
  28155.5 248628 32.2725 29.8523
  27735 244690 32.0872 29.6752
  27735 244690 32.3018 29.878
  27488.5 242428 31.9767 29.575
  27488.5 242428 31.785 29.4004
  27084.5 238683 31.291 28.9434
  27084.5 238683 31.6062 29.2336
  26894 237234 31.1057 28.7688
  26894 237234 31.3365 28.9794
  27721 244802 32.2108 29.7907
  27721 244802 32.1328 29.7162
  27579.5 243418 32.1945 29.7727
  27579.5 243418 31.824 29.439
  27306 240540 31.7395 29.3594
  27306 240540 31.6777 29.2977
  27620 243346 31.8857 29.4852
  27620 243346 32.1035 29.6931
  27552 243346 32.0288 29.6289
  27552 243346 31.9735 29.575
  27567 243346 31.9735 29.575
  27567 243346 31.9735 29.575
