  231 556.5 0 0
  232 556.5 0 0
  232 556.5 0 0
  233.5 556.5 0 0
  233.5 556.5 0 0
  235.5 556.5 0 0
  235.5 556.5 0 0
  237.5 556.5 0 0
  237.5 556.5 0 0
  236 556.5 0 0
  236 556.5 0 0
  234.5 556.5 0 0
  234.5 556.5 0 0
  233 556.5 0 0
  233 556.5 0 0
  329.5 11922.5 0.549055 0
  329.5 11922.5 1.95 1.5405
  479 29519 3.76246 3.081
  479 29519 5.75068 5.22948
  474.5 29519 5.9995 5.69728
  474.5 29519 3.68777 3.49077
  474.5 29673.5 3.68777 3.49077
  474.5 29673.5 3.68777 3.49077
  564 40539 3.68777 3.49077
  564 40539 7.4009 6.9076
  821 69641 9.1455 13.1749
  821 69641 13.9951 13.1076
  828 71278.5 9.2729 8.64529
  828 71278.5 9.2729 8.64529
  908 81984.5 10.1497 9.45456
  908 81984.5 11.1481 10.3748
  1030.5 97490.5 11.2132 10.4353
  1030.5 97490.5 13.9535 12.9844
  1491.5 155843 19.6378 18.2087
  1491.5 155843 30.6982 18.3545
  1713.5 184462 21.1952 19.6373
  1713.5 184462 25.0341 23.1732
  1865.5 202702 25.0341 23.1732
  1865.5 202702 25.9194 23.9907
  2249 244152 31.5926 29.2243
  2249 244152 47.411 43.9838
  2228.5 240842 31.512 29.1617
  2228.5 240842 31.3463 29.0076
  2344.5 255221 31.8175 29.4415
  2344.5 255221 34.203 31.647
  2402.5 263577 34.203 31.647
  2402.5 263577 34.203 31.647
  2288.5 251690 40.183 37.1928
  2288.5 251690 32.799 30.4249
  226.5 568 0 0
  226.5 568 0 0
  228.5 572 0 0
  228.5 572 0 0
  228 572 0 0
  228 572 0 0
  227 565 0 0
  227 565 0 0
  228 565 0 0
  228 565 0 0
  227.5 565 0 0
  227.5 565 0 0
  227.5 565 0 0
  231 565 0 0
  231 565 0 0
  235 561.5 0 0
  235 561.5 0 0
  232.5 561.5 0 0
  232.5 561.5 0 0
  235 561.5 0 0
  235 561.5 0 0
  231 561.5 0 0
  231 561.5 0 0
  231.5 561.5 0 0
  231.5 561.5 0 0
  233.5 558.5 0 0
  233.5 558.5 0 0
  230.5 558.5 0 0
  230.5 558.5 0 0
  232.5 558.5 0 0
  232.5 558.5 0 0
  232.5 558.5 0 0
  232.5 558.5 0 0
  365 16663.5 1.10766 0
  365 16663.5 3.66067 1.5405
  468 29566 5.65318 3.081
  468 29566 5.90785 5.21901
  475 30233 3.72385 5.71577
  475 30233 3.72385 3.50438
  475 30740.5 3.72385 3.50438
  475 30740.5 4.06965 3.84586
  614 47232.5 5.92865 5.55966
  614 47232.5 5.99625 5.62128
  857 75426 6.45353 6.04338
  857 75426 13.506 12.5261
  1131 109544 21.6801 20.1559
  1131 109544 21.8803 20.3284
  1142.5 112619 14.4079 13.3777
  1142.5 112619 14.2493 13.2288
  1146 113507 14.2493 13.2288
  1146 113507 14.4391 13.4054
  1335 137164 14.6146 13.5677
  1335 137164 19.4077 17.9838
  1609.5 172570 21.8335 20.2206
  1609.5 172570 21.5371 19.9474
  1972 215906 25.298 23.3858
  1972 215906 28.4076 26.284
  2009 215906 28.5298 39.5523
  2009 215906 27.6224 25.5774
  2039.5 215906 27.6224 25.5774
  2039.5 215906 28.5532 26.4324
  2173 225618 30.1964 27.9524
  2173 225618 30.3576 28.0987
  2539 265878 32.2465 29.8343
  2539 265878 56.1958 34.8179
  2679.5 283182 37.1312 34.3429
  2679.5 283182 37.4432 34.6202
  3065.5 331466 43.4883 40.2071
  3065.5 331466 44.4015 41.0518
  3010 331466 44.6193 41.2495
  3010 331466 43.0983 39.8579
  3004 331466 42.887 39.655
  3004 331466 43.6312 40.3406
  3004 331466 43.1307 39.8835
  2942.5 320627 41.9575 38.7924
  2942.5 320627 42.1753 39.0003
  2948.5 320627 42.0225 38.8591
  2948.5 320627 42.107 38.9361
  2931 320627 41.6748 38.5382
  2931 320627 41.9347 38.7744
  3005 327386 42.7245 39.5138
  3005 327386 43.2315 39.976
  3045.5 331582 43.2315 39.976
  3045.5 331582 43.693 40.3996
  3063 333338 43.485 40.2148
  3063 333338 43.2217 39.9683
  3025 327708 42.9975 39.7629
  3025 327708 42.185 39.0055
  3023.5 327708 42.7798 39.5575
  3023.5 327708 43.173 39.9246
  3020.5 327708 42.7928 39.578
  3020.5 327708 42.1493 38.9798
  3007.5 324084 42.2012 38.9798
  3007.5 324084 42.4482 39.2545
  3036 326991 42.549 39.3444
  3036 326991 42.7212 39.5087
  3015.5 324298 42.51 39.311
  3015.5 324298 34.1315 31.6342
  232 595 0.598 0
  232 595 0 0
  232.5 575.5 0 0
  232.5 575.5 0 0
  231.5 571.5 0 0
  231.5 571.5 0 0
  231 571.5 0 0
  231 571.5 0 0
  230.5 564 0 0
  230.5 564 0 0
  230.5 564 0 0
  230.5 564 0 0
  231.5 564 0 0
  231.5 564 0 0
  231 564 0 0
  231 564 0 0
  231.5 559.5 0 0
  231.5 559.5 0 0
  227.5 559.5 0 0
  227.5 559.5 0 0
  231 877 0 0
  231 877 0 0
  475 29244 1.95 0.6162
  475 29244 3.60581 1.5405
  479.5 29567.5 5.64109 3.081
  479.5 29567.5 5.94555 5.19919
  483 30183.5 3.68322 5.67443
  483 30183.5 3.73522 3.53647
  567 39854 3.73522 3.53647
  567 39854 5.4782 5.14245
  646 47546.5 6.17793 5.79074
  646 47546.5 6.17793 5.79074
  1138 104482 10.5443 9.83738
  1138 104482 21.476 19.9962
  1153.5 107642 21.4084 19.9382
  1153.5 107642 14.0062 13.008
  1153.5 107642 13.9373 12.9443
  1223 116520 14.9383 13.8645
  1223 116520 16.4437 15.2551
  1302 127384 16.1746 15.0065
  1302 127384 18.1688 16.8377
  1782 184045 24.4621 22.6464
  1782 184045 24.6571 22.8282
  1964 204068 25.298 23.4105
  1964 204068 29.8168 27.5749
  2182.5 224463 29.679 41.0749
  2182.5 224463 29.3527 27.1796
  2174 221858 29.5516 27.3618
  2174 221858 29.8558 27.6366
  2332.5 240920 32.2179 29.8241
  2332.5 240920 48.399 29.9704
  2446.5 254317 32.1165 29.7188
  2446.5 254317 37.609 34.764
  2806 296965 38.9805 36.0503
  2806 296965 39.143 36.1992
  2992.5 319312 41.2912 38.1685
  2992.5 319312 43.7482 40.4561
  3081 330946 43.4818 40.2096
  3081 330946 43.186 39.9375
  3120.5 335726 44.0212 40.7026
  3120.5 335726 44.0212 40.7026
  3088 332956 43.5955 40.3123
  3088 332956 43.121 39.8733
  3131.5 336775 43.862 40.5562
  3131.5 336775 44.3008 40.9593
  3101.5 333624 43.615 40.3354
  3101.5 333624 43.459 40.1865
  3088 333624 43.459 40.1865
  3088 333624 43.1177 39.8707
  3036 326164 42.2728 39.0928
  3036 326164 42.8382 39.6088
  3118 335024 43.602 40.32
  3118 335024 43.7645 40.4689
  3106.5 332773 43.4297 40.1557
  3106.5 332773 43.4297 40.1557
  3090 330592 43.1437 39.8938
  3090 330592 43.1437 39.8938
  3055.5 326864 42.8415 39.6165
  3055.5 326864 42.4873 39.2905
  3031 326864 42.8577 39.6319
  3031 326864 41.9997 38.8437
  3013 323092 41.8698 38.7179
  3013 323092 42.2598 39.0799
  3011.5 323092 42.0192 38.8565
  3011.5 323092 42.081 38.9156
  3021.5 323092 41.7007 38.569
  3021.5 323092 42.3833 39.198
  3043.5 325990 42.4417 39.198
  3043.5 325990 42.4417 39.2622
  3063.5 328867 43.0007 39.7654
  3063.5 328867 42.6302 39.4265
  3031.5 324812 42.458 39.2673
  3031.5 324812 42.0355 38.8719
  3074 329348 42.4222 39.2288
  3074 329348 42.9618 39.7295
  3056.5 327384 43.3778 40.1043
  3056.5 327384 42.679 39.4676
  3056.5 327384 41.6585 38.5176
  2987.5 320120 41.6585 38.5176
  2987.5 320120 42.3247 39.1364
  3124 336348 44.1155 40.7924
  3124 336348 43.8035 40.4997
  3095 331866 43.342 40.0812
  3095 331866 43.2022 39.9452
  3116 335171 43.6735 40.3868
  3116 335171 43.966 40.6589
  3149.5 338687 44.0667 40.7514
  3149.5 338687 43.8457 40.5434
  3134.5 338687 43.9335 40.6255
  3134.5 338687 43.9953 40.6872
  3119.5 335518 43.6507 40.3714
  3119.5 335518 43.3647 40.1018
  3025 323509 42.2728 39.0928
  3025 323509 41.7105 38.5741
  3020.5 323509 42.1785 39.0029
  3020.5 323509 42.3833 39.1929
  3026 323509 42.2858 39.1056
  3026 323509 42.1135 38.949
  3081 329778 43.2185 39.9683
  3081 329778 42.7928 39.5729
  3019.5 322570 42.2207 39.0491
  3019.5 322570 41.7625 38.6203
  3016.5 322570 42.0907 38.931
  3016.5 322570 38.805 35.9912
  395 19494 2.5025 2.23886
  395 19494 0 0
  230.5 577 0 0
  230.5 577 0 0
  232 572 0 0
  232 572 0 0
  231.5 567.5 0 0
  231.5 567.5 0 0
  229 567.5 0 0
  229 567.5 0 0
  227.5 567.5 0 0
  227.5 567.5 0 0
  229 567.5 0 0
  229 567.5 0 0
  229.5 564 0 0
  229.5 564 0 0
  231.5 561 0 0
  231.5 561 0 0
  231 561 0 0
  231 561 0 0
  230.5 561 0 0
  230.5 561 0 0
  229.5 561 0 0
  229.5 561 0 0
  229.5 561 0 0
  229.5 561 0 0
  230 558 0 0
  230 558 0 0
  231.5 558 0 0
  231.5 558 0 0
  227.5 558 0 0
  227.5 558 0 0
  228.5 562 0 0
  228.5 562 0 0
  228.5 562 0 0
  229 557.5 0 0
  229 557.5 0 0
  228.5 557.5 0 0
  228.5 557.5 0 0
  228.5 557.5 0 0
  228.5 557.5 0 0
  230.5 557.5 0 0
  230.5 557.5 1.10828 0
  466 27772 3.68843 1.5405
  466 27772 5.71649 3.081
  476.5 29228 5.9423 5.20011
  476.5 29228 3.69557 5.69317
  481.5 29687.5 3.69557 3.52133
  481.5 29687.5 3.69557 3.46202
  549.5 37573.5 4.07907 3.85484
  549.5 37573.5 6.2842 5.88984
  647 47484.5 6.2153 5.82643
  647 47484.5 6.71742 6.29192
  1095.5 98940.5 13.6403 19.1864
  1095.5 98940.5 21.5839 20.1559
  1169.5 108335 21.7555 13.083
  1169.5 108335 14.1141 13.083
  1211 114553 14.1141 13.083
  1211 114553 15.9354 14.7837
  1339 129966 16.6062 15.404
  1339 129966 16.8402 15.6186
  1725 176492 21.9518 20.3408
  1725 176492 24.2632 22.4646
  1901.5 196227 23.9785 22.1976
  1901.5 196227 27.1037 25.0506
  2180 223732 29.5165 40.7616
  2180 223732 29.3462 27.1744
  2202 223732 29.0303 26.874
  2202 223732 30.7242 28.4222
  2390.5 244978 32.7561 30.3145
  2390.5 244978 48.5518 30.2323
  2706 282220 35.0382 32.4301
  2706 282220 39.5525 36.5792
  2844 299185 39.4517 36.4919
  2844 299185 39.364 36.4123
  3085.5 328161 43.4102 40.1249
  3085.5 328161 42.7635 39.5421
  3059 326166 42.5555 39.3623
  3059 326166 42.7863 39.5703
  3078.5 329146 43.2607 40.0068
  3078.5 329146 43.0105 39.7757
  3065.5 329146 42.7895 39.5652
  3065.5 329146 43.1145 39.8681
  3070.5 329146 43.4005 40.1352
  3070.5 329146 42.783 39.5626
  3069.5 329146 43.2185 39.9657
  3069.5 329146 42.913 39.6936
  3063 329146 42.4613 39.2673
  3063 329146 42.9683 39.7372
  3116.5 334571 43.6637 40.3791
  3116.5 334571 43.6637 40.3791
  3068.5 330130 43.2575 39.9991
  3068.5 330130 42.9845 39.7423
  3059 330130 42.796 39.5729
  3059 330130 42.8805 39.655
  3059 330130 43.4005 40.1326
  3113 335030 43.732 40.4381
  3113 335030 43.667 40.3791
  3146 338390 44.3983 41.0518
  3146 338390 43.3225 40.0581
  3033.5 325592 42.2922 39.1133
  3033.5 325592 42.588 39.3803
  3051.5 325592 42.6628 39.4496
  3051.5 325592 42.51 39.3059
  3067.5 328824 42.8805 39.6525
  3067.5 328824 43.1242 39.8733
  3073 328824 42.9813 39.7449
  3073 328824 42.6465 39.4368
  3076 328824 42.9357 39.7038
  3076 328824 43.4883 40.2173
  3101.5 332622 43.4883 40.2173
  3101.5 332622 43.0853 39.8399
  3061.5 328282 42.8577 39.6294
